Scene	start	end
0	0	110520
1	110520	221880
2	221880	537160
3	537160	653880
4	653880	747400
5	747400	848560
6	848560	905920
7	905920	1021960
8	1021960	1165040
9	1165040	1276680
10	1276680	1280440
11	1280440	1310960
12	1310960	1384560
13	1384560	1406360
14	1406360	1489280
15	1489280	1503120
16	1503120	1561200
17	1561200	1678040
18	1678040	1693640
19	1693640	1843960
20	1843960	2035320
21	2035320	2106160
22	2106160	2446480
23	2446480	2506160
24	2506160	2583440
25	2583440	2679120
26	2679120	2844120
27	2844120	2923480
