shot	start	end
0	0	1240
0	1240	1320
0	1320	6680
0	6680	9640
0	9640	11160
0	11160	19760
0	19760	21840
0	21840	23600
0	23600	25560
0	25560	27000
0	27000	30680
0	30680	36600
0	36600	41560
0	41560	46320
0	46320	52400
0	52400	54920
0	54920	56880
0	56880	58960
0	58960	59800
0	59800	60040
0	60040	60360
0	60360	62360
0	62360	70960
0	70960	72560
0	72560	73840
0	73840	90120
0	90120	94520
1	94520	118600
1	118600	121600
1	121600	127640
1	127640	138680
1	138680	148200
1	148200	149920
1	149920	151400
1	151400	153840
1	153840	154680
1	154680	161160
1	161160	163960
1	163960	170240
1	170240	175840
1	175840	176800
1	176800	178520
1	178520	181400
1	181400	183080
1	183080	184760
1	184760	187320
1	187320	189040
1	189040	192000
1	192000	192320
1	192320	199560
1	199560	201200
1	201200	201960
1	201960	205760
1	205760	207400
1	207400	208480
1	208480	209400
1	209400	211640
1	211640	212520
1	212520	213080
2	213080	216120
2	216120	226360
3	226360	241720
3	241720	244040
3	244040	246480
3	246480	247520
3	247520	253600
3	253600	260280
3	260280	262760
3	262760	271560
3	271560	274640
3	274640	277360
3	277360	283960
3	283960	285280
3	285280	287600
3	287600	292640
3	292640	299440
3	299440	303640
3	303640	304120
3	304120	305560
3	305560	308640
3	308640	309680
3	309680	310920
3	310920	312080
3	312080	312960
3	312960	313720
3	313720	316880
3	316880	318880
3	318880	320200
3	320200	321040
3	321040	322320
3	322320	323080
3	323080	323480
3	323480	325280
3	325280	326320
3	326320	328040
3	328040	329600
3	329600	335480
3	335480	345920
3	345920	348200
3	348200	350360
3	350360	352640
3	352640	360720
3	360720	366080
3	366080	368440
3	368440	371040
3	371040	373120
3	373120	374760
3	374760	375920
3	375920	378760
3	378760	382880
3	382880	386400
3	386400	389760
3	389760	394280
3	394280	398560
3	398560	400040
3	400040	406520
3	406520	408600
3	408600	412440
3	412440	414960
3	414960	416920
3	416920	420520
3	420520	422920
3	422920	425000
3	425000	431480
3	431480	433280
3	433280	434880
3	434880	437240
3	437240	440000
3	440000	444560
3	444560	448960
4	448960	450600
4	450600	455480
4	455480	456920
4	456920	458520
4	458520	461040
4	461040	463560
4	463560	465080
4	465080	470560
4	470560	471600
4	471600	474920
4	474920	476840
4	476840	479240
4	479240	480760
4	480760	482320
4	482320	485200
4	485200	487840
4	487840	489520
4	489520	492000
4	492000	493680
4	493680	494960
4	494960	496240
4	496240	497640
4	497640	498960
4	498960	500840
4	500840	501880
4	501880	503480
4	503480	505680
4	505680	509160
4	509160	510800
4	510800	511560
4	511560	513160
4	513160	514320
4	514320	516120
4	516120	518600
4	518600	519360
4	519360	520000
4	520000	522320
4	522320	525200
4	525200	527440
4	527440	528680
4	528680	531240
4	531240	533800
4	533800	536040
4	536040	538280
4	538280	539560
4	539560	541160
4	541160	545280
4	545280	547440
4	547440	551800
4	551800	552880
4	552880	556280
4	556280	558160
4	558160	560360
4	560360	562880
4	562880	564360
4	564360	567480
4	567480	568200
4	568200	570000
4	570000	571680
4	571680	573440
4	573440	583040
4	583040	585560
4	585560	588240
4	588240	592640
4	592640	594000
4	594000	596120
4	596120	599720
4	599720	602040
4	602040	604560
4	604560	613400
4	613400	618000
4	618000	638000
5	638000	648480
5	648480	660760
5	660760	666320
5	666320	669120
5	669120	675440
5	675440	677800
5	677800	679240
5	679240	684360
5	684360	686040
5	686040	689680
5	689680	691520
5	691520	695760
5	695760	699000
5	699000	702520
5	702520	705000
5	705000	707320
5	707320	716360
5	716360	719480
5	719480	721560
5	721560	722880
5	722880	728880
5	728880	731880
5	731880	739080
5	739080	742160
5	742160	743200
5	743200	745160
5	745160	746520
5	746520	748680
5	748680	750800
5	750800	752520
5	752520	753800
5	753800	767920
5	767920	772760
5	772760	774600
5	774600	776320
5	776320	778920
5	778920	779600
5	779600	782520
5	782520	786320
5	786320	789760
5	789760	791680
5	791680	797240
5	797240	800880
5	800880	802080
5	802080	804520
5	804520	805720
5	805720	808000
5	808000	811160
5	811160	812520
5	812520	814760
5	814760	815960
5	815960	817920
5	817920	819080
5	819080	820040
5	820040	821920
5	821920	826960
5	826960	828880
5	828880	831000
5	831000	835040
5	835040	838920
5	838920	842840
5	842840	844640
5	844640	845640
5	845640	848440
6	848440	860560
6	860560	872640
6	872640	881040
6	881040	883200
6	883200	888400
6	888400	890280
6	890280	900840
6	900840	905360
6	905360	907240
6	907240	908200
6	908200	910280
6	910280	927120
6	927120	934560
6	934560	936080
6	936080	938080
6	938080	940040
6	940040	943360
6	943360	947960
6	947960	951400
6	951400	954640
6	954640	955960
6	955960	957760
6	957760	963680
7	963680	967560
7	967560	971240
7	971240	998320
7	998320	1018880
7	1018880	1031640
7	1031640	1037000
7	1037000	1044040
7	1044040	1048320
7	1048320	1054520
7	1054520	1056800
7	1056800	1060880
7	1060880	1062680
7	1062680	1066960
7	1066960	1071880
8	1071880	1085000
8	1085000	1095200
8	1095200	1097480
8	1097480	1103760
8	1103760	1106840
8	1106840	1108720
8	1108720	1110640
8	1110640	1114360
8	1114360	1117120
8	1117120	1119480
8	1119480	1123480
8	1123480	1125160
8	1125160	1130080
8	1130080	1134720
9	1134720	1144800
9	1144800	1154200
9	1154200	1160520
9	1160520	1165120
9	1165120	1170520
9	1170520	1172800
9	1172800	1179560
9	1179560	1192480
9	1192480	1196960
9	1196960	1202600
9	1202600	1215480
9	1215480	1223400
9	1223400	1229480
9	1229480	1231360
9	1231360	1237600
10	1237600	1259960
10	1259960	1264960
11	1264960	1272000
11	1272000	1273280
11	1273280	1275680
11	1275680	1279920
11	1279920	1286200
11	1286200	1287080
11	1287080	1287400
11	1287400	1292040
11	1292040	1295320
11	1295320	1295920
11	1295920	1297560
11	1297560	1301280
11	1301280	1313960
11	1313960	1316160
11	1316160	1317400
11	1317400	1321080
11	1321080	1323560
11	1323560	1325840
11	1325840	1329760
11	1329760	1334240
11	1334240	1339160
11	1339160	1353440
11	1353440	1357280
11	1357280	1363440
11	1363440	1368040
11	1368040	1373800
11	1373800	1377720
11	1377720	1382280
11	1382280	1384040
11	1384040	1391880
11	1391880	1395720
11	1395720	1398200
11	1398200	1400960
11	1400960	1402520
11	1402520	1406320
11	1406320	1409800
11	1409800	1411880
11	1411880	1413640
11	1413640	1416360
11	1416360	1425200
11	1425200	1432160
11	1432160	1444160
11	1444160	1448520
11	1448520	1451760
11	1451760	1453480
11	1453480	1457120
11	1457120	1462280
11	1462280	1468120
11	1468120	1483840
12	1483840	1492840
12	1492840	1495680
12	1495680	1497400
12	1497400	1500680
12	1500680	1501680
12	1501680	1504480
12	1504480	1507120
12	1507120	1508080
12	1508080	1510320
12	1510320	1516120
12	1516120	1518560
12	1518560	1521640
12	1521640	1524440
12	1524440	1526120
12	1526120	1530280
12	1530280	1531400
12	1531400	1532960
12	1532960	1534280
12	1534280	1540640
12	1540640	1541160
12	1541160	1542320
12	1542320	1543000
12	1543000	1548720
12	1548720	1550520
12	1550520	1558560
12	1558560	1560880
12	1560880	1566960
12	1566960	1571280
12	1571280	1575480
12	1575480	1576920
12	1576920	1580720
12	1580720	1584640
12	1584640	1585640
12	1585640	1589320
12	1589320	1592200
12	1592200	1593680
12	1593680	1595280
12	1595280	1597160
12	1597160	1599160
12	1599160	1601640
12	1601640	1603920
12	1603920	1606120
12	1606120	1609680
12	1609680	1611440
12	1611440	1614480
12	1614480	1619560
12	1619560	1623320
12	1623320	1625160
12	1625160	1626320
12	1626320	1628120
12	1628120	1631120
12	1631120	1632880
12	1632880	1646680
13	1646680	1650560
13	1650560	1657400
14	1657400	1667160
14	1667160	1668720
14	1668720	1671240
14	1671240	1676880
14	1676880	1681600
14	1681600	1686200
14	1686200	1687600
14	1687600	1688720
14	1688720	1693880
14	1693880	1701680
14	1701680	1705000
14	1705000	1707240
14	1707240	1710240
14	1710240	1711720
14	1711720	1714680
14	1714680	1717680
14	1717680	1720000
14	1720000	1721680
14	1721680	1726400
14	1726400	1728520
14	1728520	1732120
14	1732120	1733760
14	1733760	1738800
14	1738800	1740400
14	1740400	1742840
14	1742840	1744680
14	1744680	1747200
14	1747200	1749240
14	1749240	1751440
14	1751440	1752200
14	1752200	1753840
14	1753840	1759440
14	1759440	1768200
14	1768200	1770600
14	1770600	1772560
14	1772560	1775560
14	1775560	1777960
14	1777960	1783640
14	1783640	1788760
14	1788760	1796960
14	1796960	1799120
14	1799120	1801120
14	1801120	1803080
14	1803080	1806560
14	1806560	1812920
14	1812920	1816840
14	1816840	1825720
14	1825720	1827480
14	1827480	1832800
14	1832800	1837280
14	1837280	1842560
15	1842560	1847040
15	1847040	1848760
15	1848760	1852480
15	1852480	1860720
15	1860720	1866080
15	1866080	1867880
15	1867880	1871920
15	1871920	1873800
15	1873800	1882320
15	1882320	1885120
15	1885120	1888800
15	1888800	1892080
15	1892080	1893880
15	1893880	1896720
15	1896720	1897680
15	1897680	1906840
15	1906840	1909360
15	1909360	1910640
15	1910640	1915160
15	1915160	1918720
15	1918720	1920640
15	1920640	1924800
15	1924800	1926680
15	1926680	1928400
15	1928400	1929920
15	1929920	1936920
15	1936920	1939400
15	1939400	1941800
15	1941800	1950440
15	1950440	1952880
15	1952880	1955720
15	1955720	1960480
15	1960480	1964600
15	1964600	1965920
15	1965920	1967480
15	1967480	1977040
15	1977040	1983440
15	1983440	1987760
15	1987760	1994440
15	1994440	1998320
15	1998320	2009600
15	2009600	2011800
15	2011800	2014160
15	2014160	2018640
15	2018640	2019040
15	2019040	2020120
15	2020120	2027000
15	2027000	2038120
15	2038120	2043000
15	2043000	2045320
15	2045320	2048360
15	2048360	2050040
15	2050040	2056240
15	2056240	2061520
15	2061520	2065720
15	2065720	2067800
15	2067800	2068920
15	2068920	2072000
15	2072000	2079160
15	2079160	2087400
15	2087400	2091200
15	2091200	2104560
15	2104560	2110120
15	2110120	2114720
15	2114720	2116000
15	2116000	2119280
15	2119280	2124600
15	2124600	2127960
15	2127960	2129200
15	2129200	2131200
15	2131200	2133920
15	2133920	2137000
15	2137000	2140640
15	2140640	2147360
15	2147360	2151240
15	2151240	2156440
16	2156440	2168880
16	2168880	2175520
16	2175520	2176920
16	2176920	2178600
16	2178600	2181000
16	2181000	2181920
16	2181920	2183440
16	2183440	2187560
16	2187560	2188440
16	2188440	2189360
16	2189360	2190080
16	2190080	2193760
16	2193760	2197040
16	2197040	2199000
16	2199000	2200880
16	2200880	2203200
16	2203200	2213400
16	2213400	2229520
16	2229520	2234160
16	2234160	2235720
16	2235720	2236520
16	2236520	2237960
16	2237960	2239440
16	2239440	2241200
16	2241200	2242920
16	2242920	2246160
16	2246160	2247480
16	2247480	2255440
16	2255440	2257880
16	2257880	2258920
16	2258920	2260600
16	2260600	2262160
16	2262160	2263520
16	2263520	2263800
16	2263800	2264320
16	2264320	2264880
16	2264880	2265480
16	2265480	2266480
16	2266480	2276440
16	2276440	2279240
16	2279240	2281240
16	2281240	2283120
16	2283120	2284480
16	2284480	2286960
16	2286960	2287600
16	2287600	2289640
16	2289640	2292760
17	2292760	2294680
17	2294680	2296240
17	2296240	2300280
17	2300280	2304160
17	2304160	2307920
17	2307920	2309520
17	2309520	2310880
17	2310880	2314720
17	2314720	2316040
17	2316040	2318160
17	2318160	2320960
17	2320960	2326400
17	2326400	2330120
17	2330120	2333800
17	2333800	2335440
17	2335440	2337400
17	2337400	2340680
17	2340680	2346360
17	2346360	2348440
17	2348440	2352720
17	2352720	2355920
17	2355920	2357720
17	2357720	2359880
17	2359880	2362640
17	2362640	2363800
17	2363800	2366800
17	2366800	2368320
17	2368320	2369960
17	2369960	2370720
17	2370720	2372600
17	2372600	2375440
17	2375440	2377960
17	2377960	2380440
17	2380440	2381960
17	2381960	2382600
17	2382600	2383960
17	2383960	2384240
17	2384240	2385840
17	2385840	2392320
17	2392320	2397680
17	2397680	2403360
17	2403360	2405400
17	2405400	2409920
17	2409920	2411000
17	2411000	2412280
17	2412280	2413280
17	2413280	2414000
17	2414000	2415520
17	2415520	2416920
17	2416920	2420760
17	2420760	2422400
17	2422400	2424280
17	2424280	2425160
17	2425160	2426480
17	2426480	2428240
17	2428240	2430800
17	2430800	2432600
17	2432600	2434080
17	2434080	2435720
17	2435720	2437480
17	2437480	2439760
17	2439760	2447120
17	2447120	2450280
17	2450280	2454400
17	2454400	2457880
17	2457880	2464920
17	2464920	2467320
17	2467320	2469320
17	2469320	2472600
17	2472600	2474120
17	2474120	2477800
17	2477800	2478800
17	2478800	2484960
17	2484960	2486040
17	2486040	2493040
17	2493040	2494320
17	2494320	2496880
17	2496880	2497760
17	2497760	2499120
17	2499120	2502960
17	2502960	2508920
17	2508920	2510120
17	2510120	2514800
18	2514800	2528200
18	2528200	2549360
18	2549360	2561400
18	2561400	2564040
18	2564040	2570720
18	2570720	2579800
18	2579800	2581920
18	2581920	2585320
18	2585320	2593720
18	2593720	2596240
18	2596240	2599560
18	2599560	2604080
18	2604080	2611240
18	2611240	2615680
18	2615680	2622720
19	2622720	2628040
19	2628040	2634840
19	2634840	2638520
19	2638520	2643160
19	2643160	2644880
19	2644880	2650880
19	2650880	2653760
19	2653760	2656680
19	2656680	2662680
19	2662680	2665280
19	2665280	2669480
19	2669480	2670640
19	2670640	2672200
19	2672200	2674000
19	2674000	2679960
19	2679960	2684080
19	2684080	2686400
19	2686400	2688440
19	2688440	2690560
19	2690560	2695640
19	2695640	2698480
19	2698480	2701760
19	2701760	2707720
19	2707720	2712520
19	2712520	2714360
19	2714360	2721320
19	2721320	2723040
19	2723040	2726360
19	2726360	2744840
19	2744840	2749200
19	2749200	2758000
19	2758000	2759560
19	2759560	2764400
19	2764400	2766640
19	2766640	2769640
19	2769640	2771640
19	2771640	2773840
19	2773840	2780520
19	2780520	2785400
19	2785400	2789120
19	2789120	2794320
19	2794320	2820440
19	2820440	2825280
19	2825280	2828120
19	2828120	2916520
