shot	start	end
0	0	1240
0	1240	1320
0	1320	6680
0	6680	11160
0	11160	19760
0	19760	21840
0	21840	23600
0	23600	25560
0	25560	27000
0	27000	30680
0	30680	36600
0	36600	41560
0	41560	46320
0	46320	52400
0	52400	54920
0	54920	56880
0	56880	58960
0	58960	59800
0	59800	60040
0	60040	60360
0	60360	62360
0	62360	70960
0	70960	72560
0	72560	73840
0	73840	90120
0	90120	94520
0	94520	124120
1	124120	129760
1	129760	135920
1	135920	141480
1	141480	147400
1	147400	151240
1	151240	153400
1	153400	155000
1	155000	158920
1	158920	161360
1	161360	168280
1	168280	173560
1	173560	176440
1	176440	179280
1	179280	181600
1	181600	189120
1	189120	194520
1	194520	196920
1	196920	205600
2	205600	219560
2	219560	223720
2	223720	228920
2	228920	239480
2	239480	242080
2	242080	245000
2	245000	250880
2	250880	252360
2	252360	253560
2	253560	255520
2	255520	261440
2	261440	265840
2	265840	270320
2	270320	275040
2	275040	278200
2	278200	280400
2	280400	283800
2	283800	286200
2	286200	288360
2	288360	291840
2	291840	293040
2	293040	296120
2	296120	298240
2	298240	301400
2	301400	305000
2	305000	307760
2	307760	314920
2	314920	319040
2	319040	322720
2	322720	326120
2	326120	328880
2	328880	331320
2	331320	334640
2	334640	339040
2	339040	341480
2	341480	343800
2	343800	347440
2	347440	352360
2	352360	355720
2	355720	358280
2	358280	362920
2	362920	365160
2	365160	370080
2	370080	374800
2	374800	378720
2	378720	381880
2	381880	385000
2	385000	387240
2	387240	390880
2	390880	393720
2	393720	395520
2	395520	396720
2	396720	399440
2	399440	401160
2	401160	404040
2	404040	408240
2	408240	410840
2	410840	416200
2	416200	421440
2	421440	426080
2	426080	430160
2	430160	433920
2	433920	437520
2	437520	442440
2	442440	448640
2	448640	450760
2	450760	454040
2	454040	455720
2	455720	459160
2	459160	460880
2	460880	462400
2	462400	465360
2	465360	467280
2	467280	476720
2	476720	483560
2	483560	489720
2	489720	498560
2	498560	501640
2	501640	505880
2	505880	510760
2	510760	516800
2	516800	522520
2	522520	527840
2	527840	532680
2	532680	539720
3	539720	545320
3	545320	552640
3	552640	561800
3	561800	566240
3	566240	569880
3	569880	573800
3	573800	577800
3	577800	590720
3	590720	593520
3	593520	595360
3	595360	600120
3	600120	603640
3	603640	607040
3	607040	608520
3	608520	610520
3	610520	612320
3	612320	614720
3	614720	619880
3	619880	623120
3	623120	626720
3	626720	629520
3	629520	632200
3	632200	635200
3	635200	638320
3	638320	642320
3	642320	643560
3	643560	644840
3	644840	649200
3	649200	653000
3	653000	658760
3	658760	664400
3	664400	669720
3	669720	673560
3	673560	680680
4	680680	685800
4	685800	688920
4	688920	705000
4	705000	718640
4	718640	724960
4	724960	728160
4	728160	742040
4	742040	751640
4	751640	755200
4	755200	757440
4	757440	760720
4	760720	764240
4	764240	765520
4	765520	769280
4	769280	771360
4	771360	773960
4	773960	778920
4	778920	780800
4	780800	783320
4	783320	786400
4	786400	791040
4	791040	793000
4	793000	795280
4	795280	799000
4	799000	802200
4	802200	808400
4	808400	814280
4	814280	819640
4	819640	821040
4	821040	825120
4	825120	827440
4	827440	829640
4	829640	832120
4	832120	834640
4	834640	836800
4	836800	839200
4	839200	842600
4	842600	844320
4	844320	848160
4	848160	850600
4	850600	854160
4	854160	856840
4	856840	859600
4	859600	862800
4	862800	871600
4	871600	874200
4	874200	876400
4	876400	880040
4	880040	883680
4	883680	886880
4	886880	890480
4	890480	895160
4	895160	897000
4	897000	897680
4	897680	899200
4	899200	899760
4	899760	900080
4	900080	901120
4	901120	902240
4	902240	902760
4	902760	903400
4	903400	905800
4	905800	907440
4	907440	909560
4	909560	913880
4	913880	915600
4	915600	918400
4	918400	921320
4	921320	923280
4	923280	925440
4	925440	927240
4	927240	929760
4	929760	931480
4	931480	938840
4	938840	942800
4	942800	946640
4	946640	951760
4	951760	955560
4	955560	961280
4	961280	962160
4	962160	963320
4	963320	966640
5	966640	971160
5	971160	977080
5	977080	988920
5	988920	1000640
5	1000640	1012760
5	1012760	1018240
5	1018240	1021000
5	1021000	1024200
5	1024200	1031520
5	1031520	1034400
5	1034400	1039040
5	1039040	1043600
5	1043600	1047640
5	1047640	1051840
5	1051840	1054960
5	1054960	1058480
5	1058480	1061000
5	1061000	1066360
6	1066360	1067000
6	1067000	1067720
6	1067720	1067920
6	1067920	1070360
6	1070360	1070440
6	1070440	1072440
6	1072440	1072800
6	1072800	1072920
6	1072920	1075480
6	1075480	1081880
6	1081880	1095080
6	1095080	1098080
6	1098080	1100040
6	1100040	1102400
6	1102400	1103720
6	1103720	1108280
6	1108280	1108480
6	1108480	1108600
6	1108600	1112720
6	1112720	1113600
6	1113600	1114360
6	1114360	1116640
6	1116640	1120560
6	1120560	1122240
6	1122240	1125240
6	1125240	1127560
6	1127560	1131200
6	1131200	1134760
6	1134760	1138080
6	1138080	1140000
6	1140000	1141960
6	1141960	1146320
6	1146320	1150120
6	1150120	1158200
6	1158200	1167280
6	1167280	1172560
6	1172560	1219920
6	1219920	1229960
6	1229960	1230520
6	1230520	1231000
6	1231000	1233440
6	1233440	1237120
6	1237120	1241000
6	1241000	1245960
6	1245960	1256000
6	1256000	1256680
6	1256680	1257320
6	1257320	1257480
6	1257480	1257960
6	1257960	1258240
6	1258240	1259160
6	1259160	1259280
6	1259280	1260640
6	1260640	1260720
6	1260720	1262440
6	1262440	1263800
6	1263800	1267240
6	1267240	1267800
6	1267800	1268440
6	1268440	1269480
6	1269480	1275280
7	1275280	1277880
7	1277880	1286760
7	1286760	1294400
7	1294400	1300520
7	1300520	1317800
7	1317800	1325040
7	1325040	1333480
7	1333480	1354840
7	1354840	1392400
7	1392400	1405560
7	1405560	1409640
7	1409640	1413640
7	1413640	1418440
7	1418440	1423320
7	1423320	1426560
7	1426560	1431080
7	1431080	1436840
7	1436840	1447320
7	1447320	1451160
7	1451160	1466320
7	1466320	1471440
7	1471440	1475400
7	1475400	1477920
7	1477920	1482800
7	1482800	1485600
7	1485600	1494280
7	1494280	1499240
7	1499240	1502240
7	1502240	1511280
7	1511280	1521840
7	1521840	1543640
8	1543640	1548480
8	1548480	1553160
8	1553160	1557480
8	1557480	1559800
8	1559800	1565680
8	1565680	1568160
8	1568160	1573120
8	1573120	1579520
8	1579520	1585600
8	1585600	1588960
8	1588960	1593440
8	1593440	1595480
8	1595480	1598160
8	1598160	1599880
8	1599880	1602280
8	1602280	1605840
8	1605840	1608520
8	1608520	1610480
8	1610480	1612400
8	1612400	1615280
8	1615280	1620200
8	1620200	1622920
8	1622920	1624440
8	1624440	1626640
8	1626640	1629200
8	1629200	1630920
8	1630920	1634760
8	1634760	1637960
8	1637960	1640680
8	1640680	1641760
8	1641760	1642600
8	1642600	1646280
8	1646280	1650600
8	1650600	1654160
8	1654160	1657320
8	1657320	1664040
9	1664040	1667720
9	1667720	1677800
9	1677800	1679720
9	1679720	1684440
9	1684440	1688360
9	1688360	1693000
9	1693000	1696080
9	1696080	1699280
9	1699280	1701200
9	1701200	1705560
9	1705560	1708960
9	1708960	1710880
9	1710880	1712840
9	1712840	1717160
9	1717160	1723680
9	1723680	1729680
9	1729680	1733320
9	1733320	1737920
9	1737920	1740680
9	1740680	1742400
9	1742400	1744680
9	1744680	1747320
9	1747320	1754240
9	1754240	1760400
9	1760400	1767280
9	1767280	1771160
9	1771160	1775240
9	1775240	1781200
9	1781200	1789240
9	1789240	1790760
9	1790760	1795440
9	1795440	1798680
9	1798680	1803280
9	1803280	1807400
9	1807400	1815560
9	1815560	1818320
9	1818320	1822760
9	1822760	1827840
9	1827840	1830760
9	1830760	1833760
9	1833760	1837040
9	1837040	1840800
9	1840800	1842720
9	1842720	1848760
9	1848760	1853720
9	1853720	1856200
9	1856200	1860920
9	1860920	1868640
9	1868640	1875800
9	1875800	1878920
9	1878920	1883800
9	1883800	1893200
9	1893200	1899320
9	1899320	1907160
9	1907160	1916720
9	1916720	1919400
9	1919400	1920920
9	1920920	1929400
10	1929400	1935800
10	1935800	1939120
10	1939120	1970160
10	1970160	1978880
10	1978880	1995480
10	1995480	2003200
10	2003200	2006640
10	2006640	2011520
10	2011520	2015280
10	2015280	2021080
10	2021080	2027080
10	2027080	2030120
10	2030120	2039560
10	2039560	2043480
10	2043480	2047160
10	2047160	2050280
10	2050280	2053320
10	2053320	2060320
10	2060320	2062320
10	2062320	2064600
10	2064600	2066560
10	2066560	2068120
10	2068120	2070080
10	2070080	2072320
10	2072320	2076320
10	2076320	2076440
10	2076440	2076720
10	2076720	2076960
10	2076960	2077960
10	2077960	2078640
10	2078640	2082800
10	2082800	2083240
10	2083240	2084360
10	2084360	2084440
10	2084440	2084560
10	2084560	2086840
10	2086840	2087200
10	2087200	2087280
10	2087280	2087440
10	2087440	2092320
10	2092320	2092720
10	2092720	2093200
10	2093200	2093280
10	2093280	2095040
10	2095040	2095560
10	2095560	2096320
10	2096320	2101880
11	2101880	2113200
11	2113200	2116720
11	2116720	2119000
11	2119000	2121840
11	2121840	2130240
11	2130240	2133720
11	2133720	2139920
11	2139920	2149880
11	2149880	2156920
11	2156920	2160960
11	2160960	2165920
11	2165920	2169680
11	2169680	2177160
11	2177160	2183480
11	2183480	2189720
11	2189720	2199640
11	2199640	2204000
11	2204000	2211640
11	2211640	2221840
11	2221840	2228600
11	2228600	2237000
11	2237000	2240600
11	2240600	2245040
11	2245040	2253240
11	2253240	2256360
11	2256360	2263960
11	2263960	2265720
11	2265720	2267960
11	2267960	2272800
11	2272800	2275320
11	2275320	2279600
12	2279600	2295760
12	2295760	2312200
12	2312200	2316280
12	2316280	2319400
12	2319400	2324760
12	2324760	2330800
12	2330800	2332680
12	2332680	2336280
12	2336280	2337960
12	2337960	2349080
13	2349080	2352160
13	2352160	2355360
13	2355360	2359320
13	2359320	2363000
13	2363000	2366800
13	2366800	2369640
13	2369640	2371240
13	2371240	2373360
13	2373360	2375920
13	2375920	2377560
13	2377560	2379160
13	2379160	2380840
13	2380840	2383320
13	2383320	2386120
13	2386120	2388600
13	2388600	2393160
13	2393160	2401200
13	2401200	2406840
13	2406840	2411840
13	2411840	2415960
13	2415960	2418200
13	2418200	2421040
13	2421040	2423400
13	2423400	2427200
13	2427200	2429880
13	2429880	2432040
13	2432040	2433960
13	2433960	2435920
13	2435920	2442600
13	2442600	2445160
13	2445160	2453360
13	2453360	2457680
13	2457680	2466720
13	2466720	2469120
13	2469120	2470800
13	2470800	2472880
13	2472880	2474880
13	2474880	2475760
13	2475760	2478120
13	2478120	2482280
14	2482280	2492840
14	2492840	2499040
14	2499040	2508120
15	2508120	2517120
15	2517120	2518920
15	2518920	2519600
15	2519600	2519840
15	2519840	2520480
15	2520480	2521480
15	2521480	2521760
15	2521760	2521880
15	2521880	2522120
15	2522120	2523800
15	2523800	2526840
15	2526840	2530080
15	2530080	2530160
15	2530160	2531320
15	2531320	2533960
15	2533960	2534080
15	2534080	2536440
15	2536440	2536920
15	2536920	2537960
15	2537960	2538560
15	2538560	2538840
15	2538840	2539640
15	2539640	2540320
15	2540320	2541560
15	2541560	2541640
15	2541640	2542440
15	2542440	2542840
15	2542840	2543480
15	2543480	2544120
15	2544120	2544640
15	2544640	2545000
15	2545000	2545560
15	2545560	2547120
15	2547120	2548680
15	2548680	2549160
15	2549160	2549760
15	2549760	2550760
15	2550760	2551360
15	2551360	2552960
15	2552960	2554040
15	2554040	2554120
15	2554120	2554200
15	2554200	2555760
15	2555760	2557920
15	2557920	2564240
15	2564240	2564920
15	2564920	2566400
15	2566400	2567000
15	2567000	2567480
15	2567480	2575160
15	2575160	2599800
15	2599800	2610800
15	2610800	2631000
15	2631000	2636480
15	2636480	2642960
15	2642960	2645920
15	2645920	2658680
15	2658680	2663440
15	2663440	2667760
15	2667760	2674280
15	2674280	2676920
15	2676920	2682920
15	2682920	2686480
15	2686480	2691400
15	2691400	2696440
15	2696440	2703000
15	2703000	2706560
15	2706560	2708360
15	2708360	2711200
15	2711200	2714400
15	2714400	2716840
15	2716840	2718640
15	2718640	2720600
15	2720600	2724440
15	2724440	2727800
15	2727800	2737880
15	2737880	2745400
15	2745400	2754440
15	2754440	2766440
15	2766440	2782640
15	2782640	2788680
15	2788680	2794760
15	2794760	2801280
15	2801280	2805360
15	2805360	2812960
15	2812960	2837400
15	2837400	2842760
15	2842760	2846960
15	2846960	2849680
15	2849680	2852960
15	2852960	2860520
15	2860520	2864240
15	2864240	2866440
15	2866440	2868480
15	2868480	2872920
15	2872920	2874680
15	2874680	2876480
15	2876480	2878800
15	2878800	2880680
15	2880680	2882640
15	2882640	2884200
15	2884200	2902000
15	2902000	2903920
15	2903920	2905440
15	2905440	2906720
15	2906720	2910880
15	2910880	2915560
15	2915560	2918440
15	2918440	2920640
15	2920640	2923040
15	2923040	2927400
15	2927400	2929600
15	2929600	2932760
15	2932760	2937280
15	2937280	2939000
15	2939000	2942760
15	2942760	2944480
15	2944480	2946400
15	2946400	2948480
15	2948480	2950640
15	2950640	2961680
15	2961680	2965400
15	2965400	2968640
15	2968640	2970960
15	2970960	2975040
15	2975040	2980920
16	2980920	2987320
16	2987320	2995840
16	2995840	3001160
16	3001160	3007520
16	3007520	3009720
16	3009720	3010560
16	3010560	3011800
16	3011800	3012680
16	3012680	3014240
16	3014240	3015720
16	3015720	3017160
16	3017160	3017840
16	3017840	3018600
16	3018600	3022280
16	3022280	3023760
16	3023760	3024800
16	3024800	3026000
16	3026000	3027520
16	3027520	3028360
16	3028360	3029520
16	3029520	3030760
16	3030760	3032560
16	3032560	3033880
16	3033880	3036720
16	3036720	3037480
16	3037480	3038160
16	3038160	3038720
16	3038720	3040360
16	3040360	3042600
16	3042600	3043400
16	3043400	3044080
16	3044080	3044840
16	3044840	3045920
16	3045920	3046720
16	3046720	3048360
16	3048360	3050720
16	3050720	3054240
16	3054240	3054880
16	3054880	3055520
16	3055520	3056440
16	3056440	3059400
16	3059400	3060480
16	3060480	3061040
16	3061040	3062160
16	3062160	3064920
16	3064920	3068040
16	3068040	3070720
16	3070720	3071440
16	3071440	3072240
16	3072240	3073040
16	3073040	3074600
16	3074600	3075560
16	3075560	3078920
16	3078920	3080840
16	3080840	3082520
16	3082520	3086040
16	3086040	3088400
16	3088400	3092280
16	3092280	3097440
16	3097440	3100120
16	3100120	3101520
16	3101520	3103600
16	3103600	3106200
16	3106200	3114160
16	3114160	3116400
16	3116400	3123080
16	3123080	3130000
16	3130000	3133320
16	3133320	3136880
16	3136880	3141960
16	3141960	3147480
16	3147480	3158600
16	3158600	3166880
16	3166880	3173880
16	3173880	3179680
16	3179680	3184720
16	3184720	3195600
17	3195600	3209440
17	3209440	3210640
17	3210640	3213840
17	3213840	3216000
17	3216000	3218600
17	3218600	3221640
17	3221640	3223800
17	3223800	3224600
18	3224600	3227240
18	3227240	3233720
18	3233720	3235000
18	3235000	3235520
18	3235520	3237520
18	3237520	3239920
18	3239920	3244520
18	3244520	3244800
18	3244800	3245240
18	3245240	3247040
18	3247040	3247640
18	3247640	3249160
18	3249160	3256680
18	3256680	3257920
18	3257920	3258320
18	3258320	3259120
18	3259120	3260080
18	3260080	3260760
18	3260760	3260960
18	3260960	3261080
18	3261080	3261240
18	3261240	3262080
18	3262080	3262160
18	3262160	3262960
18	3262960	3263040
18	3263040	3263400
18	3263400	3263480
18	3263480	3264480
18	3264480	3265120
18	3265120	3265480
18	3265480	3265600
18	3265600	3266440
18	3266440	3267320
18	3267320	3267480
18	3267480	3268160
18	3268160	3268480
18	3268480	3273080
18	3273080	3274480
18	3274480	3275480
18	3275480	3275560
18	3275560	3275680
18	3275680	3278640
18	3278640	3279080
18	3279080	3280440
18	3280440	3282360
18	3282360	3285200
18	3285200	3285600
18	3285600	3285680
18	3285680	3286320
18	3286320	3287080
18	3287080	3287200
18	3287200	3289080
18	3289080	3289440
18	3289440	3292200
18	3292200	3294920
18	3294920	3295520
18	3295520	3295920
18	3295920	3297040
18	3297040	3297560
18	3297560	3298960
18	3298960	3299120
18	3299120	3299280
18	3299280	3299520
18	3299520	3331560
18	3331560	3348560
19	3348560	3361760
19	3361760	3372840
19	3372840	3380720
19	3380720	3389360
19	3389360	3399240
19	3399240	3405400
19	3405400	3408880
19	3408880	3412840
19	3412840	3415600
19	3415600	3417920
19	3417920	3421480
19	3421480	3425720
19	3425720	3429280
19	3429280	3431720
19	3431720	3433040
19	3433040	3439240
19	3439240	3442640
19	3442640	3443880
19	3443880	3447160
19	3447160	3449840
19	3449840	3451320
19	3451320	3453000
19	3453000	3454600
19	3454600	3456000
19	3456000	3456880
19	3456880	3457880
19	3457880	3460040
19	3460040	3461560
19	3461560	3463760
19	3463760	3465200
19	3465200	3469840
19	3469840	3476200
19	3476200	3488240
19	3488240	3490520
19	3490520	3493680
19	3493680	3495280
19	3495280	3501080
19	3501080	3503280
19	3503280	3510200
19	3510200	3512640
19	3512640	3519160
19	3519160	3521600
19	3521600	3524280
19	3524280	3528800
19	3528800	3532600
19	3532600	3571640
20	3571640	3650920
