shot	start	end
0	0	1240
0	1240	1320
0	1320	6680
0	6680	9640
0	9640	11160
0	11160	19760
0	19760	21840
0	21840	23600
0	23600	25560
0	25560	27000
0	27000	30680
0	30680	36600
0	36600	41560
0	41560	46320
0	46320	52400
0	52400	54920
0	54920	56880
0	56880	58960
0	58960	59800
0	59800	60040
0	60040	60360
0	60360	62360
0	62360	70960
0	70960	72560
0	72560	73840
0	73840	90120
0	90120	94520
0	94520	126800
1	126800	131280
1	131280	134400
1	134400	136760
1	136760	140800
1	140800	143080
1	143080	147920
1	147920	149080
1	149080	151680
1	151680	153840
1	153840	157280
1	157280	164280
1	164280	168800
1	168800	174880
1	174880	176840
1	176840	182840
1	182840	185960
1	185960	189400
1	189400	201040
1	201040	204720
1	204720	207560
1	207560	208960
1	208960	211160
1	211160	212040
1	212040	219160
1	219160	221120
1	221120	221840
1	221840	222520
1	222520	225920
1	225920	226960
1	226960	227400
1	227400	228200
1	228200	229360
1	229360	230000
1	230000	230760
1	230760	232160
1	232160	232840
1	232840	233480
1	233480	234000
1	234000	234600
1	234600	235720
1	235720	236240
1	236240	236800
1	236800	237080
1	237080	237480
1	237480	238600
1	238600	241080
1	241080	242000
1	242000	242320
1	242320	242760
1	242760	243960
1	243960	244640
1	244640	244960
1	244960	245440
1	245440	246040
1	246040	246600
1	246600	250400
1	250400	252840
1	252840	255520
1	255520	258000
1	258000	266160
1	266160	269760
1	269760	278360
1	278360	282680
1	282680	284560
1	284560	285360
1	285360	293600
1	293600	297720
1	297720	299240
1	299240	300200
1	300200	301600
1	301600	305080
2	305080	309440
2	309440	314680
2	314680	320840
3	320840	323600
3	323600	325760
3	325760	341080
3	341080	343400
3	343400	345080
3	345080	346520
3	346520	348320
3	348320	350760
3	350760	351640
3	351640	352400
3	352400	357120
3	357120	359640
3	359640	362600
3	362600	367520
3	367520	368600
3	368600	372320
3	372320	378120
3	378120	380560
3	380560	385080
3	385080	388320
3	388320	388440
3	388440	391080
3	391080	392040
3	392040	403960
3	403960	409160
3	409160	412000
3	412000	423240
3	423240	434680
3	434680	437120
3	437120	460680
3	460680	463680
4	463680	467600
4	467600	470720
4	470720	484760
4	484760	487360
4	487360	490920
4	490920	494160
4	494160	496200
4	496200	498520
4	498520	500440
4	500440	503520
4	503520	504680
4	504680	506320
4	506320	511680
4	511680	514280
4	514280	515560
4	515560	521720
4	521720	527840
4	527840	534520
4	534520	538840
4	538840	546960
4	546960	553240
4	553240	561680
5	561680	565880
5	565880	567400
5	567400	569120
5	569120	571320
5	571320	572840
5	572840	574120
5	574120	576280
5	576280	582560
5	582560	584160
5	584160	586120
5	586120	587320
5	587320	589960
5	589960	591600
5	591600	593000
5	593000	594520
5	594520	597080
5	597080	598040
5	598040	600120
5	600120	606480
5	606480	611680
5	611680	615240
5	615240	617240
5	617240	620480
5	620480	624080
5	624080	625120
5	625120	626600
5	626600	628600
5	628600	631080
5	631080	633600
5	633600	636560
5	636560	638880
5	638880	640160
5	640160	642840
5	642840	645000
5	645000	646320
5	646320	649200
5	649200	650160
5	650160	653320
5	653320	655760
6	655760	671440
6	671440	676040
6	676040	679720
6	679720	682960
6	682960	684920
6	684920	685440
6	685440	687920
6	687920	695400
6	695400	697200
6	697200	698920
6	698920	700520
6	700520	704440
6	704440	710560
6	710560	712520
6	712520	715720
6	715720	717560
6	717560	721000
6	721000	723920
6	723920	725920
6	725920	729160
6	729160	731480
6	731480	734760
6	734760	737480
6	737480	746560
6	746560	752560
6	752560	757080
6	757080	765880
6	765880	773320
6	773320	776120
6	776120	777760
6	777760	785640
6	785640	797880
6	797880	803720
6	803720	812440
7	812440	817080
7	817080	822040
7	822040	826480
7	826480	835000
7	835000	839400
7	839400	849640
7	849640	851760
7	851760	854640
7	854640	859760
7	859760	861080
7	861080	862680
7	862680	863840
7	863840	866640
7	866640	871600
7	871600	879760
7	879760	883920
7	883920	885080
7	885080	887880
7	887880	889080
7	889080	893040
7	893040	895840
7	895840	899920
7	899920	905360
8	905360	921240
8	921240	933200
8	933200	936320
8	936320	937960
8	937960	939760
8	939760	941440
8	941440	943400
8	943400	945680
8	945680	947200
8	947200	948800
8	948800	950200
8	950200	952400
8	952400	954320
8	954320	958560
8	958560	959960
8	959960	963080
8	963080	967240
8	967240	968520
8	968520	970120
8	970120	980760
8	980760	984000
8	984000	986000
8	986000	987880
8	987880	990080
8	990080	991880
8	991880	993400
8	993400	995400
8	995400	996840
8	996840	998040
8	998040	999840
8	999840	1002200
8	1002200	1005960
8	1005960	1008440
8	1008440	1009280
8	1009280	1011040
8	1011040	1013080
8	1013080	1015280
8	1015280	1018560
8	1018560	1023400
8	1023400	1025840
8	1025840	1028280
8	1028280	1030200
8	1030200	1035880
8	1035880	1038160
8	1038160	1040440
8	1040440	1042400
8	1042400	1044960
8	1044960	1047120
8	1047120	1049800
8	1049800	1059960
8	1059960	1074840
8	1074840	1077040
8	1077040	1087080
8	1087080	1091840
8	1091840	1095200
8	1095200	1096880
8	1096880	1099600
8	1099600	1109080
8	1109080	1110600
8	1110600	1114200
8	1114200	1115480
8	1115480	1117680
8	1117680	1118560
8	1118560	1120000
9	1120000	1126760
9	1126760	1133320
9	1133320	1135520
9	1135520	1140560
9	1140560	1143520
9	1143520	1147280
9	1147280	1149920
9	1149920	1151680
9	1151680	1157360
9	1157360	1158960
9	1158960	1163920
9	1163920	1165480
9	1165480	1169400
9	1169400	1170680
9	1170680	1171840
9	1171840	1175480
9	1175480	1176680
9	1176680	1181760
9	1181760	1183280
9	1183280	1184920
9	1184920	1186200
9	1186200	1188440
9	1188440	1190880
9	1190880	1197160
9	1197160	1198440
9	1198440	1199440
9	1199440	1201560
9	1201560	1205000
9	1205000	1207320
9	1207320	1209240
9	1209240	1210520
9	1210520	1215280
9	1215280	1216720
9	1216720	1218680
9	1218680	1220560
9	1220560	1223760
9	1223760	1226560
9	1226560	1229320
9	1229320	1231040
9	1231040	1233600
9	1233600	1238080
9	1238080	1239440
9	1239440	1241080
9	1241080	1242360
9	1242360	1245400
9	1245400	1246840
9	1246840	1248280
9	1248280	1252000
9	1252000	1257320
9	1257320	1267200
9	1267200	1268480
9	1268480	1270520
9	1270520	1275160
9	1275160	1278000
9	1278000	1279960
9	1279960	1281880
9	1281880	1284520
9	1284520	1287120
9	1287120	1290880
9	1290880	1292760
9	1292760	1294760
9	1294760	1302000
10	1302000	1321200
10	1321200	1325280
10	1325280	1330240
10	1330240	1331760
10	1331760	1332720
10	1332720	1334120
10	1334120	1338920
10	1338920	1343120
10	1343120	1345120
10	1345120	1347320
10	1347320	1350840
10	1350840	1352360
10	1352360	1356920
10	1356920	1357200
10	1357200	1363400
10	1363400	1364720
10	1364720	1365960
10	1365960	1368400
10	1368400	1370560
10	1370560	1372960
10	1372960	1376840
10	1376840	1378000
10	1378000	1379880
10	1379880	1381680
10	1381680	1383880
10	1383880	1388880
10	1388880	1391160
10	1391160	1392400
10	1392400	1393160
10	1393160	1403240
10	1403240	1407720
10	1407720	1411320
10	1411320	1413600
10	1413600	1421760
10	1421760	1424840
10	1424840	1425920
10	1425920	1430560
10	1430560	1433040
10	1433040	1433960
10	1433960	1437560
10	1437560	1441560
10	1441560	1443440
10	1443440	1449360
10	1449360	1453160
11	1453160	1468080
11	1468080	1486520
11	1486520	1489720
11	1489720	1504040
11	1504040	1507880
11	1507880	1510960
11	1510960	1512520
11	1512520	1519240
11	1519240	1523800
11	1523800	1563040
11	1563040	1567200
11	1567200	1570560
11	1570560	1571520
11	1571520	1572440
11	1572440	1574200
11	1574200	1575600
11	1575600	1582000
11	1582000	1583560
11	1583560	1585320
11	1585320	1588960
11	1588960	1592680
11	1592680	1595440
11	1595440	1596800
11	1596800	1598720
11	1598720	1604640
11	1604640	1606280
11	1606280	1608400
11	1608400	1609880
11	1609880	1611760
11	1611760	1613000
11	1613000	1616320
11	1616320	1618160
11	1618160	1620520
11	1620520	1626560
12	1626560	1631080
12	1631080	1635240
12	1635240	1638200
12	1638200	1639200
12	1639200	1641640
12	1641640	1644200
12	1644200	1649000
12	1649000	1651320
12	1651320	1652200
12	1652200	1656400
12	1656400	1658200
12	1658200	1660680
12	1660680	1662240
12	1662240	1667640
12	1667640	1672000
12	1672000	1673240
12	1673240	1674880
12	1674880	1675680
12	1675680	1676360
12	1676360	1678760
12	1678760	1679760
12	1679760	1681320
12	1681320	1682480
12	1682480	1684800
12	1684800	1686200
12	1686200	1689400
12	1689400	1691840
12	1691840	1693400
12	1693400	1694800
12	1694800	1696600
12	1696600	1700200
12	1700200	1704760
12	1704760	1709440
12	1709440	1711080
12	1711080	1714200
12	1714200	1718680
12	1718680	1721480
12	1721480	1727160
12	1727160	1729440
12	1729440	1731080
12	1731080	1735400
12	1735400	1736640
12	1736640	1737320
12	1737320	1738240
12	1738240	1740240
12	1740240	1741720
12	1741720	1766920
12	1766920	1772280
12	1772280	1789840
12	1789840	1800120
13	1800120	1804600
13	1804600	1807040
13	1807040	1810560
13	1810560	1814280
13	1814280	1818280
13	1818280	1819840
13	1819840	1823600
13	1823600	1827400
13	1827400	1834440
13	1834440	1836680
13	1836680	1838440
13	1838440	1840920
13	1840920	1845240
13	1845240	1851000
13	1851000	1853840
13	1853840	1859000
13	1859000	1860240
13	1860240	1863560
13	1863560	1871640
13	1871640	1874120
13	1874120	1882280
13	1882280	1884400
13	1884400	1889560
13	1889560	1892920
13	1892920	1894320
13	1894320	1895440
13	1895440	1896800
13	1896800	1898720
13	1898720	1906240
13	1906240	1911040
13	1911040	1915280
14	1915280	1925880
14	1925880	1927720
14	1927720	1929480
14	1929480	1931280
14	1931280	1932480
14	1932480	1934960
14	1934960	1940040
14	1940040	1941680
14	1941680	1946160
14	1946160	1948480
14	1948480	1949880
14	1949880	1951200
14	1951200	1953840
14	1953840	1956720
14	1956720	1958120
14	1958120	1960280
14	1960280	1964880
14	1964880	1967040
14	1967040	1969680
14	1969680	1970520
14	1970520	1975920
14	1975920	1980360
14	1980360	1985000
14	1985000	1990240
14	1990240	1991920
14	1991920	1994840
14	1994840	1996240
14	1996240	1999720
14	1999720	2004760
14	2004760	2007960
14	2007960	2009680
14	2009680	2011120
14	2011120	2013440
14	2013440	2015800
14	2015800	2017840
14	2017840	2023880
14	2023880	2025240
14	2025240	2027040
14	2027040	2028480
14	2028480	2030680
14	2030680	2033880
14	2033880	2036240
14	2036240	2038680
14	2038680	2041040
14	2041040	2044560
14	2044560	2049880
14	2049880	2054120
14	2054120	2058000
14	2058000	2062920
14	2062920	2065680
14	2065680	2071600
14	2071600	2073320
14	2073320	2075160
14	2075160	2081080
14	2081080	2084760
14	2084760	2088040
14	2088040	2092200
14	2092200	2095760
14	2095760	2098440
14	2098440	2103400
14	2103400	2107080
14	2107080	2109480
14	2109480	2111000
14	2111000	2114560
14	2114560	2118840
15	2118840	2123200
15	2123200	2126360
15	2126360	2129040
15	2129040	2131000
15	2131000	2132720
15	2132720	2134600
15	2134600	2138920
15	2138920	2143280
15	2143280	2150760
15	2150760	2152920
15	2152920	2154680
15	2154680	2157360
15	2157360	2159880
15	2159880	2162120
15	2162120	2166120
15	2166120	2176840
15	2176840	2182880
15	2182880	2185000
15	2185000	2188400
15	2188400	2193920
15	2193920	2196880
15	2196880	2198880
15	2198880	2200400
15	2200400	2202320
15	2202320	2208520
15	2208520	2212760
15	2212760	2214720
15	2214720	2216920
15	2216920	2219120
15	2219120	2221120
15	2221120	2222920
15	2222920	2227520
15	2227520	2229000
15	2229000	2231080
15	2231080	2235520
15	2235520	2242440
15	2242440	2248000
15	2248000	2250520
15	2250520	2252880
15	2252880	2255080
15	2255080	2259360
15	2259360	2261360
15	2261360	2263760
15	2263760	2267920
15	2267920	2270640
15	2270640	2276880
15	2276880	2279560
15	2279560	2281160
15	2281160	2283120
15	2283120	2288960
15	2288960	2293920
15	2293920	2299160
16	2299160	2310520
16	2310520	2312040
16	2312040	2314160
16	2314160	2317520
16	2317520	2319600
16	2319600	2320840
16	2320840	2322600
16	2322600	2324200
16	2324200	2332520
16	2332520	2338320
16	2338320	2340480
16	2340480	2342680
16	2342680	2344240
16	2344240	2345560
16	2345560	2350600
16	2350600	2352200
16	2352200	2354280
16	2354280	2356160
16	2356160	2358800
16	2358800	2361040
16	2361040	2362680
16	2362680	2366600
16	2366600	2368360
16	2368360	2370160
16	2370160	2373680
16	2373680	2375240
16	2375240	2376320
16	2376320	2379040
16	2379040	2382080
16	2382080	2385840
16	2385840	2387560
16	2387560	2392160
17	2392160	2397960
17	2397960	2404520
17	2404520	2410480
17	2410480	2412320
17	2412320	2415200
17	2415200	2417440
17	2417440	2420600
17	2420600	2423440
17	2423440	2427120
17	2427120	2428880
17	2428880	2432680
17	2432680	2434520
17	2434520	2437360
17	2437360	2445360
17	2445360	2449320
17	2449320	2453920
17	2453920	2459560
17	2459560	2469000
17	2469000	2471600
17	2471600	2474960
17	2474960	2478360
17	2478360	2479840
17	2479840	2481080
17	2481080	2483480
17	2483480	2488000
17	2488000	2494160
17	2494160	2499480
18	2499480	2511400
18	2511400	2512240
18	2512240	2513680
18	2513680	2516600
18	2516600	2519600
18	2519600	2532000
18	2532000	2533000
18	2533000	2534880
18	2534880	2536560
18	2536560	2540760
18	2540760	2546280
18	2546280	2549160
18	2549160	2552640
18	2552640	2555480
18	2555480	2568040
18	2568040	2570360
18	2570360	2572160
18	2572160	2576640
18	2576640	2578560
18	2578560	2581640
18	2581640	2586040
18	2586040	2589920
18	2589920	2592000
18	2592000	2593360
18	2593360	2595880
18	2595880	2600360
18	2600360	2605160
18	2605160	2607960
18	2607960	2611400
18	2611400	2612840
18	2612840	2617520
18	2617520	2620080
18	2620080	2622320
18	2622320	2625240
18	2625240	2627160
18	2627160	2628480
18	2628480	2631000
18	2631000	2632800
18	2632800	2636440
18	2636440	2638200
18	2638200	2639480
18	2639480	2641440
18	2641440	2645080
18	2645080	2648480
18	2648480	2650240
18	2650240	2651720
18	2651720	2658120
19	2658120	2661320
19	2661320	2695000
19	2695000	2696000
19	2696000	2697640
19	2697640	2699200
19	2699200	2701440
19	2701440	2702400
19	2702400	2704520
19	2704520	2712480
19	2712480	2718920
19	2718920	2720560
19	2720560	2724000
19	2724000	2726000
19	2726000	2728600
19	2728600	2733680
19	2733680	2737160
19	2737160	2740280
19	2740280	2740600
19	2740600	2749360
19	2749360	2752040
19	2752040	2754600
19	2754600	2757680
19	2757680	2759800
19	2759800	2761240
19	2761240	2763160
19	2763160	2766480
19	2766480	2768800
19	2768800	2769240
19	2769240	2771520
19	2771520	2775560
19	2775560	2780440
19	2780440	2781800
19	2781800	2785960
19	2785960	2789560
19	2789560	2795120
19	2795120	2812640
19	2812640	2817800
19	2817800	2824680
19	2824680	2832720
19	2832720	2834480
19	2834480	2839760
19	2839760	2843080
19	2843080	2847520
19	2847520	2853720
19	2853720	2854720
19	2854720	2857240
19	2857240	2859880
19	2859880	2861600
19	2861600	2862920
19	2862920	2864440
19	2864440	2866200
19	2866200	2871920
19	2871920	2875920
19	2875920	2881360
19	2881360	2884520
19	2884520	2886440
19	2886440	2892040
19	2892040	2894440
19	2894440	2898880
19	2898880	2900720
19	2900720	2905560
19	2905560	2907840
19	2907840	2920760
19	2920760	2923960
19	2923960	2926480
19	2926480	2932400
19	2932400	2938480
19	2938480	2942640
19	2942640	2944560
19	2944560	2946040
19	2946040	2948440
19	2948440	2955040
19	2955040	2962200
19	2962200	2968480
20	2968480	2972520
20	2972520	2974360
20	2974360	2979320
20	2979320	2985160
20	2985160	2990440
20	2990440	2995640
20	2995640	2996840
20	2996840	2997720
20	2997720	3000240
20	3000240	3001400
20	3001400	3002520
20	3002520	3004560
20	3004560	3011080
20	3011080	3012280
20	3012280	3016520
20	3016520	3017320
20	3017320	3019280
20	3019280	3020400
20	3020400	3022840
20	3022840	3024200
20	3024200	3028360
20	3028360	3030320
20	3030320	3034400
20	3034400	3039240
21	3039240	3117160
