shot	start	end
0	0	1240
0	1240	1320
0	1320	6680
0	6680	9640
0	9640	11160
0	11160	19760
0	19760	21840
0	21840	23600
0	23600	25560
0	25560	27000
0	27000	30680
0	30680	36600
0	36600	41560
0	41560	46320
0	46320	52400
0	52400	54920
0	54920	56880
0	56880	58960
0	58960	59800
0	59800	60040
0	60040	60360
0	60360	62360
0	62360	70960
0	70960	72560
0	72560	73840
0	73840	90120
0	90120	94520
0	94520	109840
1	109840	154960
1	154960	170360
1	170360	176600
1	176600	184800
1	184800	190840
1	190840	197720
1	197720	203520
1	203520	210960
1	210960	219880
1	219880	223920
1	223920	228120
1	228120	237160
1	237160	243240
1	243240	245680
1	245680	248320
1	248320	252760
1	252760	254920
1	254920	257600
1	257600	263120
1	263120	270480
1	270480	274400
2	274400	302760
2	302760	338520
2	338520	342680
2	342680	349640
2	349640	352680
2	352680	355080
2	355080	358680
2	358680	361920
2	361920	364720
2	364720	374720
3	374720	380080
3	380080	386240
3	386240	408080
3	408080	409960
3	409960	412640
3	412640	414120
3	414120	417400
3	417400	420400
3	420400	426880
3	426880	436240
3	436240	438240
3	438240	439920
3	439920	441760
3	441760	446600
3	446600	450400
3	450400	453280
3	453280	463560
4	463560	470360
4	470360	470440
4	470440	475440
4	475440	484880
4	484880	488440
4	488440	493240
4	493240	501840
4	501840	504480
4	504480	508000
4	508000	511720
4	511720	515680
4	515680	520560
4	520560	530920
4	530920	532960
4	532960	536160
4	536160	538960
4	538960	543160
4	543160	551240
4	551240	553880
4	553880	561480
4	561480	563360
4	563360	564680
4	564680	567040
4	567040	568800
4	568800	572320
4	572320	574720
4	574720	577640
4	577640	579800
4	579800	583520
4	583520	586240
4	586240	589360
4	589360	591920
4	591920	594280
4	594280	598160
4	598160	599360
4	599360	601520
4	601520	608320
4	608320	612840
4	612840	617600
4	617600	623640
4	623640	628440
4	628440	635160
4	635160	637400
4	637400	640240
4	640240	641360
4	641360	645840
4	645840	651840
4	651840	657840
4	657840	661520
4	661520	668160
4	668160	669880
4	669880	671960
4	671960	673320
4	673320	675480
4	675480	677320
4	677320	679320
4	679320	681000
4	681000	683120
4	683120	684880
4	684880	685120
4	685120	687240
4	687240	690840
4	690840	692040
4	692040	692920
4	692920	693440
4	693440	696920
4	696920	698920
5	698920	709920
5	709920	711840
5	711840	714800
5	714800	716400
5	716400	718120
5	718120	720840
5	720840	724040
5	724040	726360
5	726360	731360
5	731360	734360
5	734360	736280
5	736280	737840
5	737840	741360
5	741360	743000
5	743000	744760
5	744760	746720
5	746720	749880
5	749880	753360
5	753360	756920
5	756920	762360
5	762360	768640
5	768640	773640
5	773640	776440
5	776440	778800
5	778800	783760
5	783760	786640
5	786640	788640
5	788640	791680
5	791680	795160
5	795160	798520
5	798520	802720
5	802720	806320
5	806320	809120
5	809120	812720
5	812720	816040
5	816040	817880
5	817880	821480
5	821480	822880
5	822880	824960
5	824960	828640
5	828640	833040
5	833040	836000
5	836000	839000
5	839000	847320
5	847320	852760
5	852760	854240
5	854240	856040
5	856040	856920
5	856920	860280
5	860280	864040
6	864040	870720
6	870720	880240
6	880240	886360
6	886360	890480
6	890480	897000
6	897000	903840
6	903840	908360
7	908360	918920
7	918920	921880
7	921880	924760
7	924760	926200
7	926200	927400
7	927400	929160
7	929160	931000
7	931000	934000
7	934000	936280
7	936280	938960
7	938960	942480
7	942480	945160
7	945160	946440
7	946440	951440
7	951440	953960
7	953960	955360
7	955360	956960
7	956960	958400
7	958400	960520
7	960520	964120
7	964120	965680
7	965680	967640
7	967640	969840
7	969840	971520
7	971520	973080
7	973080	976200
7	976200	977640
7	977640	981400
7	981400	982880
7	982880	984240
7	984240	985640
7	985640	989400
7	989400	991560
7	991560	992760
7	992760	998320
7	998320	1000400
7	1000400	1002080
7	1002080	1003800
7	1003800	1005960
7	1005960	1008360
7	1008360	1009480
7	1009480	1013240
7	1013240	1014720
7	1014720	1019080
7	1019080	1020720
7	1020720	1024200
7	1024200	1027040
7	1027040	1031320
7	1031320	1035640
7	1035640	1038320
7	1038320	1040560
7	1040560	1044000
7	1044000	1045920
7	1045920	1054160
7	1054160	1058480
7	1058480	1067800
7	1067800	1078640
8	1078640	1080800
8	1080800	1083160
8	1083160	1085720
8	1085720	1089040
8	1089040	1091880
8	1091880	1093840
8	1093840	1096280
8	1096280	1105280
8	1105280	1108440
8	1108440	1110680
8	1110680	1113240
8	1113240	1117000
8	1117000	1119920
8	1119920	1121520
8	1121520	1127160
8	1127160	1130680
8	1130680	1132960
8	1132960	1135160
8	1135160	1137520
8	1137520	1141440
8	1141440	1142720
8	1142720	1142880
8	1142880	1143920
8	1143920	1144880
8	1144880	1147800
8	1147800	1150160
8	1150160	1153000
8	1153000	1157160
8	1157160	1162320
9	1162320	1184200
10	1184200	1190320
10	1190320	1193640
10	1193640	1196800
10	1196800	1199640
10	1199640	1213880
10	1213880	1215960
10	1215960	1217920
10	1217920	1221240
10	1221240	1223360
10	1223360	1227080
10	1227080	1228960
10	1228960	1230840
10	1230840	1233720
10	1233720	1235280
10	1235280	1237920
10	1237920	1243640
10	1243640	1246000
10	1246000	1248520
10	1248520	1251600
10	1251600	1254280
10	1254280	1258800
10	1258800	1260600
10	1260600	1265040
10	1265040	1267320
10	1267320	1273920
10	1273920	1276840
10	1276840	1280280
10	1280280	1282480
10	1282480	1284320
10	1284320	1286280
10	1286280	1289720
10	1289720	1295040
10	1295040	1296320
10	1296320	1299240
11	1299240	1303840
11	1303840	1305880
11	1305880	1308280
11	1308280	1309680
11	1309680	1312480
11	1312480	1316840
11	1316840	1318160
11	1318160	1320640
11	1320640	1322480
11	1322480	1324320
12	1324320	1327560
12	1327560	1330000
13	1330000	1331280
13	1331280	1332280
13	1332280	1333520
13	1333520	1334680
13	1334680	1340160
13	1340160	1342040
13	1342040	1344600
13	1344600	1347280
13	1347280	1350200
13	1350200	1353080
13	1353080	1355120
14	1355120	1357400
14	1357400	1358680
14	1358680	1360000
14	1360000	1362280
14	1362280	1363800
14	1363800	1365880
14	1365880	1366920
14	1366920	1368080
14	1368080	1369240
14	1369240	1369840
14	1369840	1372360
14	1372360	1373000
14	1373000	1373600
14	1373600	1376000
14	1376000	1377520
14	1377520	1380920
14	1380920	1386200
14	1386200	1388320
14	1388320	1391280
14	1391280	1394160
15	1394160	1397560
15	1397560	1399800
15	1399800	1401400
15	1401400	1403360
15	1403360	1404440
15	1404440	1405560
15	1405560	1407160
16	1407160	1409520
16	1409520	1410600
16	1410600	1412080
16	1412080	1413680
16	1413680	1415320
16	1415320	1418080
16	1418080	1420480
16	1420480	1421680
16	1421680	1423840
16	1423840	1424520
17	1424520	1425560
17	1425560	1429960
17	1429960	1431040
17	1431040	1432760
17	1432760	1433960
17	1433960	1434560
17	1434560	1435200
17	1435200	1436920
18	1436920	1442160
18	1442160	1443040
18	1443040	1443800
18	1443800	1445160
18	1445160	1448440
18	1448440	1449320
18	1449320	1449680
18	1449680	1449920
18	1449920	1450600
18	1450600	1452400
18	1452400	1455440
19	1455440	1457640
19	1457640	1458480
19	1458480	1459600
19	1459600	1460480
19	1460480	1462120
19	1462120	1465000
19	1465000	1468800
19	1468800	1474040
19	1474040	1476920
20	1476920	1478560
20	1478560	1479200
20	1479200	1481080
21	1481080	1484040
22	1484040	1485280
22	1485280	1490760
22	1490760	1492560
22	1492560	1493040
22	1493040	1493760
22	1493760	1494400
22	1494400	1495480
22	1495480	1497800
22	1497800	1499640
22	1499640	1500880
22	1500880	1502800
22	1502800	1503800
22	1503800	1505560
23	1505560	1507240
23	1507240	1508880
23	1508880	1509800
23	1509800	1511200
23	1511200	1512800
23	1512800	1513880
23	1513880	1515560
23	1515560	1517160
24	1517160	1521120
24	1521120	1528760
24	1528760	1533120
24	1533120	1534760
24	1534760	1537480
24	1537480	1545160
24	1545160	1552400
24	1552400	1559960
24	1559960	1561920
24	1561920	1565240
24	1565240	1566280
24	1566280	1567360
24	1567360	1569000
24	1569000	1570920
24	1570920	1572880
24	1572880	1574720
24	1574720	1579360
25	1579360	1581720
25	1581720	1586080
25	1586080	1589040
25	1589040	1591440
25	1591440	1599640
25	1599640	1601640
25	1601640	1602920
25	1602920	1606320
25	1606320	1611800
25	1611800	1617440
25	1617440	1619200
25	1619200	1620680
25	1620680	1624560
25	1624560	1631240
25	1631240	1635400
25	1635400	1649200
25	1649200	1652320
25	1652320	1654320
25	1654320	1656240
25	1656240	1660040
25	1660040	1665840
25	1665840	1667200
25	1667200	1670440
25	1670440	1673200
25	1673200	1678000
25	1678000	1682960
25	1682960	1688600
25	1688600	1692960
25	1692960	1694760
25	1694760	1698720
25	1698720	1701800
25	1701800	1706360
25	1706360	1708960
25	1708960	1712680
25	1712680	1715760
25	1715760	1719280
25	1719280	1722880
25	1722880	1731040
25	1731040	1733400
25	1733400	1739040
25	1739040	1740600
25	1740600	1746240
25	1746240	1749560
25	1749560	1753440
25	1753440	1756800
25	1756800	1763800
25	1763800	1766600
25	1766600	1769080
25	1769080	1771680
25	1771680	1775000
25	1775000	1780560
25	1780560	1782520
25	1782520	1786720
25	1786720	1789160
26	1789160	1793080
26	1793080	1800440
26	1800440	1804200
26	1804200	1807400
27	1807400	1809360
27	1809360	1810960
27	1810960	1814000
27	1814000	1816200
27	1816200	1819000
27	1819000	1822040
27	1822040	1826080
27	1826080	1828520
27	1828520	1829480
27	1829480	1831080
27	1831080	1833440
27	1833440	1835240
27	1835240	1836720
27	1836720	1838280
27	1838280	1839160
27	1839160	1840880
27	1840880	1844960
27	1844960	1851600
28	1851600	1854120
29	1854120	1854960
29	1854960	1856040
29	1856040	1856800
29	1856800	1857640
29	1857640	1858880
29	1858880	1859960
29	1859960	1861680
29	1861680	1863040
29	1863040	1864640
30	1864640	1867320
30	1867320	1870560
30	1870560	1874400
31	1874400	1874960
31	1874960	1875880
31	1875880	1876520
31	1876520	1877120
31	1877120	1878880
32	1878880	1882080
32	1882080	1882720
32	1882720	1883520
32	1883520	1884240
32	1884240	1885320
32	1885320	1886240
32	1886240	1887040
32	1887040	1887960
32	1887960	1888640
32	1888640	1890200
32	1890200	1891120
32	1891120	1891920
32	1891920	1892880
32	1892880	1894480
32	1894480	1895280
32	1895280	1897080
32	1897080	1898120
32	1898120	1898920
32	1898920	1899680
32	1899680	1900320
32	1900320	1901120
32	1901120	1901720
32	1901720	1902320
32	1902320	1902920
32	1902920	1905120
32	1905120	1906480
32	1906480	1909400
32	1909400	1910960
32	1910960	1911960
32	1911960	1913640
32	1913640	1914960
32	1914960	1916160
32	1916160	1916520
32	1916520	1917600
32	1917600	1920960
32	1920960	1922240
32	1922240	1924120
32	1924120	1924720
32	1924720	1925520
32	1925520	1926440
32	1926440	1927520
32	1927520	1928640
32	1928640	1929400
32	1929400	1930200
32	1930200	1932160
32	1932160	1933120
32	1933120	1934920
32	1934920	1938080
32	1938080	1940000
32	1940000	1942640
32	1942640	1943280
32	1943280	1944720
32	1944720	1946040
32	1946040	1947440
32	1947440	1950560
32	1950560	1952320
32	1952320	1953280
32	1953280	1955200
32	1955200	1956960
32	1956960	1958040
32	1958040	1958480
32	1958480	1959640
32	1959640	1960720
32	1960720	1961120
32	1961120	1962080
32	1962080	1963320
32	1963320	1964400
32	1964400	1964960
32	1964960	1965640
32	1965640	1969800
32	1969800	1971080
32	1971080	1975560
33	1975560	1992520
33	1992520	1994400
33	1994400	2001960
33	2001960	2004560
33	2004560	2006360
33	2006360	2008880
33	2008880	2011760
33	2011760	2014080
33	2014080	2019320
33	2019320	2022960
33	2022960	2027320
33	2027320	2030080
33	2030080	2037600
33	2037600	2044200
33	2044200	2046360
33	2046360	2049120
33	2049120	2050600
33	2050600	2052920
33	2052920	2055000
33	2055000	2059720
33	2059720	2061840
33	2061840	2065280
33	2065280	2068440
33	2068440	2074400
33	2074400	2076360
33	2076360	2078720
33	2078720	2081120
33	2081120	2083520
33	2083520	2085520
33	2085520	2087200
33	2087200	2089160
33	2089160	2091240
33	2091240	2093560
33	2093560	2096520
33	2096520	2105080
33	2105080	2106760
33	2106760	2137840
33	2137840	2140680
33	2140680	2143240
33	2143240	2145280
33	2145280	2148120
33	2148120	2150880
33	2150880	2156760
33	2156760	2159520
33	2159520	2161480
34	2161480	2162320
34	2162320	2163880
34	2163880	2165000
34	2165000	2166280
34	2166280	2167280
34	2167280	2168680
34	2168680	2169240
34	2169240	2170800
34	2170800	2174480
34	2174480	2175560
34	2175560	2177280
34	2177280	2179200
34	2179200	2180240
34	2180240	2181120
34	2181120	2182120
34	2182120	2183200
34	2183200	2184400
34	2184400	2186760
34	2186760	2188320
34	2188320	2189760
34	2189760	2190360
34	2190360	2190680
34	2190680	2190920
34	2190920	2191160
34	2191160	2191400
34	2191400	2191720
34	2191720	2192120
34	2192120	2192640
34	2192640	2193280
34	2193280	2193920
34	2193920	2194480
34	2194480	2195640
34	2195640	2197360
34	2197360	2199360
34	2199360	2201640
34	2201640	2204560
34	2204560	2207160
34	2207160	2209360
34	2209360	2213200
34	2213200	2217200
34	2217200	2219880
34	2219880	2221160
34	2221160	2224240
34	2224240	2225680
34	2225680	2227040
34	2227040	2228360
34	2228360	2229440
34	2229440	2230880
34	2230880	2231640
34	2231640	2234840
34	2234840	2236800
34	2236800	2237200
34	2237200	2237640
34	2237640	2238480
34	2238480	2241840
34	2241840	2242880
34	2242880	2243960
34	2243960	2247840
34	2247840	2248320
34	2248320	2249920
34	2249920	2251720
34	2251720	2252720
34	2252720	2252880
34	2252880	2257760
34	2257760	2260520
34	2260520	2261280
34	2261280	2264640
34	2264640	2266400
34	2266400	2270600
34	2270600	2279560
34	2279560	2285040
34	2285040	2286680
34	2286680	2289200
34	2289200	2294560
34	2294560	2297320
34	2297320	2300360
34	2300360	2303360
34	2303360	2305880
34	2305880	2308320
34	2308320	2311240
34	2311240	2313840
34	2313840	2316360
34	2316360	2317960
34	2317960	2319920
34	2319920	2322400
34	2322400	2324800
34	2324800	2326840
34	2326840	2334040
34	2334040	2334640
34	2334640	2342440
34	2342440	2343000
34	2343000	2343480
34	2343480	2344120
34	2344120	2344600
34	2344600	2347640
34	2347640	2348000
34	2348000	2349440
34	2349440	2350680
34	2350680	2352240
34	2352240	2353280
34	2353280	2354840
34	2354840	2357160
34	2357160	2360320
34	2360320	2363520
34	2363520	2364480
34	2364480	2366960
34	2366960	2368640
34	2368640	2371080
34	2371080	2372040
34	2372040	2372760
34	2372760	2373320
34	2373320	2384320
34	2384320	2386080
34	2386080	2389000
34	2389000	2391080
34	2391080	2393600
34	2393600	2395320
34	2395320	2396440
34	2396440	2398480
34	2398480	2400080
34	2400080	2402880
34	2402880	2405240
34	2405240	2407000
34	2407000	2408280
34	2408280	2421400
34	2421400	2428120
34	2428120	2430840
34	2430840	2431360
34	2431360	2432120
34	2432120	2434040
34	2434040	2435600
34	2435600	2437240
34	2437240	2438840
34	2438840	2440320
34	2440320	2451720
34	2451720	2457440
34	2457440	2459520
34	2459520	2461080
34	2461080	2462800
34	2462800	2466080
34	2466080	2467720
34	2467720	2469520
34	2469520	2474200
34	2474200	2476120
34	2476120	2480120
34	2480120	2482960
34	2482960	2485320
34	2485320	2490200
34	2490200	2495640
34	2495640	2499280
34	2499280	2509720
34	2509720	2513720
34	2513720	2515720
34	2515720	2518840
34	2518840	2521840
34	2521840	2525080
34	2525080	2529080
34	2529080	2531680
34	2531680	2533200
34	2533200	2534840
34	2534840	2539160
34	2539160	2541720
34	2541720	2549480
35	2549480	2556800
35	2556800	2562600
35	2562600	2565080
35	2565080	2567000
35	2567000	2568720
35	2568720	2570480
35	2570480	2571160
35	2571160	2574080
35	2574080	2576440
35	2576440	2579920
35	2579920	2582080
35	2582080	2584720
35	2584720	2586440
35	2586440	2589640
35	2589640	2592240
35	2592240	2595240
35	2595240	2597840
35	2597840	2602000
35	2602000	2604280
35	2604280	2606080
35	2606080	2608800
35	2608800	2611120
35	2611120	2613640
35	2613640	2615800
35	2615800	2617800
35	2617800	2619560
35	2619560	2620560
35	2620560	2621120
35	2621120	2621640
35	2621640	2622760
35	2622760	2627800
35	2627800	2629440
35	2629440	2635240
36	2635240	2640640
36	2640640	2654200
36	2654200	2663320
36	2663320	2667640
36	2667640	2669080
36	2669080	2670200
36	2670200	2673480
36	2673480	2676760
36	2676760	2679320
36	2679320	2681960
36	2681960	2684960
36	2684960	2688360
36	2688360	2692440
36	2692440	2696120
36	2696120	2700760
36	2700760	2703560
36	2703560	2706440
36	2706440	2712400
36	2712400	2713520
36	2713520	2717200
36	2717200	2721440
36	2721440	2724120
36	2724120	2730240
36	2730240	2734840
36	2734840	2738160
36	2738160	2746680
36	2746680	2749760
36	2749760	2753840
36	2753840	2755120
36	2755120	2757400
36	2757400	2760080
36	2760080	2763760
36	2763760	2767840
37	2767840	2777360
37	2777360	2778120
37	2778120	2780000
37	2780000	2781200
37	2781200	2785240
37	2785240	2786480
37	2786480	2797000
37	2797000	2798400
37	2798400	2799240
37	2799240	2802680
37	2802680	2804080
37	2804080	2805280
37	2805280	2806560
37	2806560	2807200
37	2807200	2807880
37	2807880	2809600
37	2809600	2810840
37	2810840	2824080
37	2824080	2831160
37	2831160	2838080
37	2838080	2844800
37	2844800	2845000
37	2845000	2845640
37	2845640	2846360
37	2846360	2847320
37	2847320	2847400
37	2847400	2847480
37	2847480	2847680
37	2847680	2848840
37	2848840	2849760
37	2849760	2850200
37	2850200	2850600
37	2850600	2851080
37	2851080	2851200
37	2851200	2852120
37	2852120	2852320
37	2852320	2852400
37	2852400	2852720
37	2852720	2853920
37	2853920	2854560
37	2854560	2855000
37	2855000	2855680
37	2855680	2856360
37	2856360	2856800
37	2856800	2857200
37	2857200	2857760
37	2857760	2858200
37	2858200	2858760
37	2858760	2860880
37	2860880	2862000
37	2862000	2863040
37	2863040	2863600
37	2863600	2864320
37	2864320	2864800
37	2864800	2866680
37	2866680	2867440
37	2867440	2868360
37	2868360	2869280
37	2869280	2869560
37	2869560	2872760
37	2872760	2874360
37	2874360	2875040
37	2875040	2877880
37	2877880	2879520
38	2879520	2887840
38	2887840	2890960
38	2890960	2894120
38	2894120	2899560
38	2899560	2904720
38	2904720	2910080
38	2910080	2920000
38	2920000	2925760
39	2925760	2929640
40	2929640	2936120
40	2936120	2936480
40	2936480	2937360
40	2937360	2941120
40	2941120	2948640
41	2948640	2954320
41	2954320	2959080
41	2959080	2963280
41	2963280	2967440
41	2967440	2974280
42	2974280	2976120
42	2976120	2977160
42	2977160	2978880
42	2978880	2980400
43	2980400	2984800
43	2984800	2989240
43	2989240	2991480
44	2991480	2994280
44	2994280	2995640
44	2995640	2995720
44	2995720	2996080
44	2996080	2996200
44	2996200	2997320
44	2997320	2999920
44	2999920	3005120
45	3005120	3008560
45	3008560	3014840
45	3014840	3016160
45	3016160	3017160
45	3017160	3018120
45	3018120	3019880
45	3019880	3022400
45	3022400	3023680
46	3023680	3027440
46	3027440	3027920
46	3027920	3029960
46	3029960	3034080
46	3034080	3034200
46	3034200	3034840
46	3034840	3036000
47	3036000	3038040
47	3038040	3038960
47	3038960	3039480
47	3039480	3039880
47	3039880	3040320
47	3040320	3040920
47	3040920	3047480
47	3047480	3134080
