shot	start	end
0	0	6680
0	6680	9640
0	9640	11160
0	11160	19760
0	19760	21840
0	21840	23600
0	23600	25560
0	25560	27000
0	27000	30680
0	30680	36600
0	36600	41560
0	41560	46320
0	46320	52400
0	52400	54920
0	54920	56880
0	56880	58960
0	58960	59800
0	59800	60040
0	60040	60360
0	60360	62360
0	62360	70960
0	70960	72560
0	72560	73840
0	73840	90120
0	90120	94520
0	94520	117720
1	117720	120440
1	120440	123600
2	123600	126480
2	126480	129120
2	129120	130360
2	130360	132160
2	132160	134040
2	134040	137440
2	137440	139600
2	139600	143160
2	143160	156600
2	156600	158240
2	158240	162120
2	162120	162960
2	162960	164640
2	164640	167200
2	167200	170120
2	170120	173640
2	173640	181400
3	181400	183360
3	183360	185360
3	185360	190120
3	190120	193600
3	193600	196640
3	196640	199720
3	199720	201320
3	201320	203360
3	203360	204680
3	204680	207400
3	207400	209560
3	209560	211240
3	211240	212880
3	212880	217560
3	217560	219480
3	219480	222480
3	222480	223600
3	223600	226440
3	226440	229360
3	229360	231960
3	231960	234720
3	234720	236960
3	236960	240480
3	240480	244360
3	244360	247560
3	247560	251360
3	251360	255800
3	255800	258800
4	258800	270480
4	270480	279800
4	279800	281520
4	281520	290160
4	290160	294360
4	294360	297640
4	297640	299520
4	299520	301200
4	301200	304800
4	304800	310000
4	310000	313800
4	313800	316040
4	316040	317840
5	317840	343000
5	343000	345680
5	345680	351800
5	351800	357640
5	357640	369280
5	369280	379480
5	379480	383240
5	383240	398640
5	398640	405520
5	405520	417400
5	417400	426680
5	426680	446120
5	446120	451080
5	451080	453120
5	453120	454360
5	454360	457760
5	457760	459680
5	459680	462720
5	462720	464240
5	464240	466640
5	466640	477840
5	477840	483160
5	483160	489880
5	489880	492360
5	492360	495040
5	495040	498280
5	498280	501600
5	501600	505640
5	505640	517080
6	517080	523960
6	523960	539240
6	539240	547000
6	547000	555200
6	555200	558520
6	558520	560640
6	560640	566200
6	566200	568880
6	568880	571000
6	571000	572760
6	572760	573720
6	573720	574640
6	574640	575920
6	575920	577760
6	577760	578880
6	578880	579840
6	579840	582360
6	582360	584680
6	584680	585920
6	585920	593440
6	593440	599720
6	599720	604920
6	604920	608120
6	608120	612120
6	612120	615200
6	615200	616520
6	616520	619680
6	619680	620880
6	620880	622480
6	622480	624520
6	624520	626360
6	626360	630200
6	630200	633720
6	633720	642320
6	642320	643960
6	643960	645040
6	645040	645920
6	645920	647280
6	647280	652880
6	652880	656760
6	656760	661160
6	661160	663120
6	663120	663800
6	663800	664520
6	664520	665400
6	665400	668040
6	668040	674320
6	674320	676000
6	676000	682640
6	682640	698320
6	698320	701200
6	701200	704280
6	704280	707480
6	707480	714080
6	714080	717040
6	717040	719440
6	719440	724600
6	724600	727640
6	727640	733240
6	733240	736640
6	736640	742920
6	742920	745080
6	745080	747760
6	747760	752680
6	752680	757040
6	757040	761080
6	761080	765360
6	765360	772360
6	772360	776560
6	776560	778760
6	778760	781520
6	781520	785680
6	785680	793800
6	793800	798520
6	798520	801880
6	801880	805400
6	805400	808160
6	808160	810720
6	810720	814320
6	814320	817240
6	817240	821560
6	821560	823200
6	823200	826440
6	826440	830040
6	830040	831680
6	831680	834160
6	834160	836400
6	836400	839960
6	839960	844960
6	844960	847320
6	847320	849720
6	849720	853640
6	853640	856280
6	856280	862360
6	862360	866080
7	866080	873160
7	873160	879720
7	879720	883200
7	883200	885880
7	885880	888760
7	888760	891480
7	891480	893920
7	893920	896880
7	896880	903320
7	903320	907520
7	907520	913360
7	913360	917120
7	917120	921600
8	921600	929720
8	929720	931600
8	931600	932840
8	932840	934240
8	934240	935320
8	935320	937160
8	937160	939800
8	939800	941880
8	941880	945640
8	945640	951240
8	951240	955360
8	955360	959480
8	959480	963200
8	963200	965440
8	965440	967560
8	967560	969160
8	969160	974600
9	974600	997240
9	997240	1008760
9	1008760	1017280
9	1017280	1020640
9	1020640	1025120
9	1025120	1028880
9	1028880	1033440
9	1033440	1039200
9	1039200	1042760
9	1042760	1045160
9	1045160	1046720
9	1046720	1050080
9	1050080	1053400
9	1053400	1056880
9	1056880	1061000
9	1061000	1067760
10	1067760	1088600
10	1088600	1090360
10	1090360	1092920
10	1092920	1094720
10	1094720	1098960
10	1098960	1105640
10	1105640	1113360
10	1113360	1116560
10	1116560	1120760
10	1120760	1122800
10	1122800	1124560
10	1124560	1126640
10	1126640	1129320
10	1129320	1133160
10	1133160	1136440
10	1136440	1139080
10	1139080	1141120
10	1141120	1143680
10	1143680	1145120
10	1145120	1147400
10	1147400	1150320
10	1150320	1153120
10	1153120	1155160
10	1155160	1160040
10	1160040	1161800
10	1161800	1170080
10	1170080	1174200
10	1174200	1176800
10	1176800	1179000
10	1179000	1185760
10	1185760	1188080
10	1188080	1190920
10	1190920	1196560
10	1196560	1199120
10	1199120	1201000
10	1201000	1203960
10	1203960	1206560
10	1206560	1211440
10	1211440	1214720
10	1214720	1219600
10	1219600	1221600
10	1221600	1224680
10	1224680	1227880
10	1227880	1230920
10	1230920	1236280
10	1236280	1238400
10	1238400	1240320
10	1240320	1243280
10	1243280	1245160
11	1245160	1249440
11	1249440	1254200
11	1254200	1267280
11	1267280	1271440
11	1271440	1274800
11	1274800	1280600
11	1280600	1282800
11	1282800	1291720
11	1291720	1292480
11	1292480	1293720
11	1293720	1294920
11	1294920	1296520
11	1296520	1297080
11	1297080	1297560
11	1297560	1298920
11	1298920	1300360
11	1300360	1303080
11	1303080	1308040
11	1308040	1310720
11	1310720	1313760
11	1313760	1316160
11	1316160	1318600
11	1318600	1320200
11	1320200	1324680
11	1324680	1329000
11	1329000	1330600
11	1330600	1332240
11	1332240	1337640
11	1337640	1340640
12	1340640	1354600
12	1354600	1357280
12	1357280	1359000
12	1359000	1363640
12	1363640	1366920
12	1366920	1370880
12	1370880	1373640
12	1373640	1375520
12	1375520	1380520
12	1380520	1383240
12	1383240	1385120
12	1385120	1390640
12	1390640	1392920
12	1392920	1394600
12	1394600	1396880
12	1396880	1398400
12	1398400	1401000
12	1401000	1408240
12	1408240	1410840
12	1410840	1414320
12	1414320	1415960
12	1415960	1418560
12	1418560	1420560
12	1420560	1425160
12	1425160	1429280
12	1429280	1431720
12	1431720	1452400
12	1452400	1454400
12	1454400	1459680
12	1459680	1462640
12	1462640	1469600
12	1469600	1475320
12	1475320	1481720
13	1481720	1507000
13	1507000	1510320
13	1510320	1512920
13	1512920	1516000
13	1516000	1518240
13	1518240	1523000
13	1523000	1527480
13	1527480	1532520
13	1532520	1535800
13	1535800	1537640
13	1537640	1540720
13	1540720	1542960
13	1542960	1547160
13	1547160	1551160
13	1551160	1553640
13	1553640	1555720
13	1555720	1558120
13	1558120	1559320
13	1559320	1560800
13	1560800	1561800
13	1561800	1566320
13	1566320	1571600
13	1571600	1573240
13	1573240	1576040
13	1576040	1578160
13	1578160	1579640
13	1579640	1583760
13	1583760	1584960
13	1584960	1587360
13	1587360	1590320
13	1590320	1591160
13	1591160	1591880
13	1591880	1592800
13	1592800	1594280
13	1594280	1595760
13	1595760	1596400
13	1596400	1598280
13	1598280	1600280
13	1600280	1604880
13	1604880	1606320
13	1606320	1608200
13	1608200	1610360
13	1610360	1612120
13	1612120	1614320
13	1614320	1615880
13	1615880	1617640
13	1617640	1618680
13	1618680	1619720
13	1619720	1621320
13	1621320	1622400
13	1622400	1623400
13	1623400	1625160
13	1625160	1627400
13	1627400	1629560
13	1629560	1631720
14	1631720	1637640
14	1637640	1639480
14	1639480	1640600
14	1640600	1642760
14	1642760	1643560
14	1643560	1645600
14	1645600	1646760
14	1646760	1647640
14	1647640	1648440
15	1648440	1652000
15	1652000	1656600
15	1656600	1658080
15	1658080	1661120
15	1661120	1662880
15	1662880	1666160
15	1666160	1666920
15	1666920	1667680
15	1667680	1668880
15	1668880	1669440
15	1669440	1670640
15	1670640	1671640
15	1671640	1673280
15	1673280	1675160
15	1675160	1677800
15	1677800	1678800
15	1678800	1680080
15	1680080	1684280
15	1684280	1687120
15	1687120	1688680
15	1688680	1689880
15	1689880	1690680
15	1690680	1692080
15	1692080	1692800
15	1692800	1693600
15	1693600	1694760
15	1694760	1695480
15	1695480	1696640
15	1696640	1697800
15	1697800	1703040
15	1703040	1708320
15	1708320	1710080
15	1710080	1711640
15	1711640	1713600
15	1713600	1716720
15	1716720	1720400
15	1720400	1724840
15	1724840	1726560
15	1726560	1728440
16	1728440	1738440
16	1738440	1741520
16	1741520	1744600
16	1744600	1753120
16	1753120	1755600
16	1755600	1757200
16	1757200	1760360
16	1760360	1763800
16	1763800	1766200
16	1766200	1770000
16	1770000	1772120
16	1772120	1776280
16	1776280	1778880
16	1778880	1780760
16	1780760	1783680
16	1783680	1786840
16	1786840	1790120
16	1790120	1792120
16	1792120	1805600
16	1805600	1807480
16	1807480	1814080
16	1814080	1828720
16	1828720	1832000
16	1832000	1835360
16	1835360	1838760
16	1838760	1841320
16	1841320	1843920
16	1843920	1847160
16	1847160	1853440
16	1853440	1861440
16	1861440	1863920
16	1863920	1870000
16	1870000	1874400
16	1874400	1881280
16	1881280	1886960
17	1886960	1902520
17	1902520	1906360
17	1906360	1916200
17	1916200	1929240
17	1929240	1939760
17	1939760	1942160
17	1942160	1944480
17	1944480	1946720
17	1946720	1949000
17	1949000	1951560
17	1951560	1959720
17	1959720	1963360
17	1963360	1964800
17	1964800	1968040
17	1968040	1969680
17	1969680	1980000
17	1980000	1983280
17	1983280	1984800
17	1984800	1986840
17	1986840	1989720
17	1989720	1991040
17	1991040	1992160
17	1992160	1996080
17	1996080	1999120
17	1999120	2001480
17	2001480	2004280
17	2004280	2010640
17	2010640	2014520
17	2014520	2022680
17	2022680	2027360
17	2027360	2036080
17	2036080	2041120
17	2041120	2060400
17	2060400	2066400
17	2066400	2068080
17	2068080	2072720
17	2072720	2075280
17	2075280	2077880
17	2077880	2089720
17	2089720	2094800
17	2094800	2107000
17	2107000	2111160
17	2111160	2117720
17	2117720	2120440
17	2120440	2122040
17	2122040	2128000
17	2128000	2133600
17	2133600	2134840
17	2134840	2139640
17	2139640	2142680
17	2142680	2148080
17	2148080	2151560
17	2151560	2159520
17	2159520	2162680
17	2162680	2168680
17	2168680	2170400
17	2170400	2183200
17	2183200	2186400
17	2186400	2189480
17	2189480	2190600
17	2190600	2198600
17	2198600	2200440
17	2200440	2206440
17	2206440	2209360
17	2209360	2210280
17	2210280	2211840
17	2211840	2216400
17	2216400	2219040
17	2219040	2220720
17	2220720	2226120
17	2226120	2227520
17	2227520	2228680
17	2228680	2231080
17	2231080	2238080
17	2238080	2239720
17	2239720	2242640
17	2242640	2244280
17	2244280	2247040
17	2247040	2249440
17	2249440	2252000
17	2252000	2253120
17	2253120	2254800
17	2254800	2259240
17	2259240	2262880
17	2262880	2265320
17	2265320	2268360
18	2268360	2274520
18	2274520	2278840
18	2278840	2282040
18	2282040	2286160
18	2286160	2288000
18	2288000	2290080
18	2290080	2292000
18	2292000	2297240
18	2297240	2300560
18	2300560	2303120
18	2303120	2305120
18	2305120	2306880
18	2306880	2309720
18	2309720	2314000
18	2314000	2318880
18	2318880	2322640
18	2322640	2325840
18	2325840	2329720
18	2329720	2333440
18	2333440	2336120
18	2336120	2341280
18	2341280	2345320
18	2345320	2347360
18	2347360	2350720
19	2350720	2352480
19	2352480	2354280
19	2354280	2356520
19	2356520	2360120
19	2360120	2362560
19	2362560	2365200
19	2365200	2367280
19	2367280	2369400
19	2369400	2374400
19	2374400	2376320
19	2376320	2379280
19	2379280	2382320
19	2382320	2384320
19	2384320	2386000
19	2386000	2389400
19	2389400	2391240
19	2391240	2395160
19	2395160	2400120
19	2400120	2402680
19	2402680	2403840
19	2403840	2405480
19	2405480	2407440
19	2407440	2409760
19	2409760	2411200
19	2411200	2412680
19	2412680	2415720
19	2415720	2417040
19	2417040	2421440
19	2421440	2423960
19	2423960	2427040
19	2427040	2432760
19	2432760	2435480
19	2435480	2437000
19	2437000	2440120
19	2440120	2442240
19	2442240	2444080
19	2444080	2446360
19	2446360	2449160
19	2449160	2452320
19	2452320	2457800
19	2457800	2459720
19	2459720	2462000
19	2462000	2464360
19	2464360	2466320
19	2466320	2467920
19	2467920	2469440
19	2469440	2469960
19	2469960	2470400
19	2470400	2470880
19	2470880	2471520
19	2471520	2472240
19	2472240	2472680
19	2472680	2473000
19	2473000	2474200
19	2474200	2474960
19	2474960	2475880
19	2475880	2477720
19	2477720	2478960
19	2478960	2480360
19	2480360	2483800
19	2483800	2485440
19	2485440	2486360
19	2486360	2486880
19	2486880	2487400
19	2487400	2487920
19	2487920	2490280
19	2490280	2490880
19	2490880	2491200
19	2491200	2491480
19	2491480	2492040
19	2492040	2492600
19	2492600	2494560
19	2494560	2495560
19	2495560	2496520
19	2496520	2497840
19	2497840	2498960
19	2498960	2499800
19	2499800	2500760
19	2500760	2501880
19	2501880	2502600
19	2502600	2504920
19	2504920	2506920
20	2506920	2510600
20	2510600	2512800
20	2512800	2515160
20	2515160	2517840
20	2517840	2523760
20	2523760	2526880
21	2526880	2529560
21	2529560	2532120
21	2532120	2535600
21	2535600	2537480
21	2537480	2544120
21	2544120	2546800
21	2546800	2548640
21	2548640	2550560
21	2550560	2553840
21	2553840	2556040
21	2556040	2557520
21	2557520	2558680
21	2558680	2564080
21	2564080	2566000
21	2566000	2568160
21	2568160	2570360
21	2570360	2572800
21	2572800	2574720
21	2574720	2576400
21	2576400	2581080
21	2581080	2584880
21	2584880	2587720
21	2587720	2589040
21	2589040	2590520
21	2590520	2592240
21	2592240	2593680
21	2593680	2595640
21	2595640	2597200
21	2597200	2599880
21	2599880	2603000
21	2603000	2606920
21	2606920	2608240
21	2608240	2610320
21	2610320	2613200
21	2613200	2614760
21	2614760	2616920
21	2616920	2619280
21	2619280	2622320
21	2622320	2625760
21	2625760	2627880
21	2627880	2630200
21	2630200	2637000
21	2637000	2639360
21	2639360	2640760
21	2640760	2642480
21	2642480	2643760
21	2643760	2645080
21	2645080	2647240
21	2647240	2648760
21	2648760	2653320
22	2653320	2656560
22	2656560	2660120
22	2660120	2665080
22	2665080	2669440
22	2669440	2673000
22	2673000	2675640
22	2675640	2677200
22	2677200	2679600
22	2679600	2681880
22	2681880	2683600
22	2683600	2689240
22	2689240	2696400
22	2696400	2704720
22	2704720	2708040
22	2708040	2711720
22	2711720	2713440
22	2713440	2715800
22	2715800	2722080
22	2722080	2726000
22	2726000	2728120
22	2728120	2730200
22	2730200	2735440
22	2735440	2736880
22	2736880	2738560
22	2738560	2741880
22	2741880	2753160
22	2753160	2758000
22	2758000	2760280
22	2760280	2762840
22	2762840	2764480
22	2764480	2766920
22	2766920	2768800
22	2768800	2772480
22	2772480	2774480
22	2774480	2777520
22	2777520	2779840
22	2779840	2787360
22	2787360	2792080
22	2792080	2796080
22	2796080	2803080
22	2803080	2808200
22	2808200	2811920
22	2811920	2815320
22	2815320	2816400
22	2816400	2817960
22	2817960	2819600
22	2819600	2821760
22	2821760	2828640
22	2828640	2836120
22	2836120	2840880
22	2840880	2844400
22	2844400	2847080
23	2847080	2851360
23	2851360	2853920
23	2853920	2855200
23	2855200	2858280
23	2858280	2861280
23	2861280	2866040
23	2866040	2869480
23	2869480	2872640
23	2872640	2876400
24	2876400	2885640
24	2885640	2888800
24	2888800	2890440
24	2890440	2891920
24	2891920	2893600
24	2893600	2895360
24	2895360	2899640
24	2899640	2902440
24	2902440	2905840
24	2905840	2908200
24	2908200	2911960
24	2911960	2916200
24	2916200	2921440
24	2921440	2924360
24	2924360	2927520
24	2927520	2930000
24	2930000	2933880
24	2933880	2937880
24	2937880	2941520
24	2941520	2945560
24	2945560	2950880
24	2950880	2953800
24	2953800	2962640
24	2962640	2968320
24	2968320	2970600
24	2970600	2974240
24	2974240	2978840
24	2978840	2985680
24	2985680	2989720
24	2989720	2995520
24	2995520	2999160
24	2999160	3004800
24	3004800	3011240
24	3011240	3012640
24	3012640	3015320
24	3015320	3023000
24	3023000	3030520
24	3030520	3033920
24	3033920	3038680
24	3038680	3043560
24	3043560	3047880
24	3047880	3050720
24	3050720	3053560
25	3053560	3056720
25	3056720	3060440
25	3060440	3063120
25	3063120	3066840
25	3066840	3070560
25	3070560	3073160
25	3073160	3075880
25	3075880	3077040
25	3077040	3078720
25	3078720	3082720
25	3082720	3085480
25	3085480	3088440
25	3088440	3090440
25	3090440	3091880
25	3091880	3093360
25	3093360	3175360
