shot	start	end
0	0	1240
0	1240	1320
0	1320	6680
0	6680	9640
0	9640	11160
0	11160	11480
0	11480	19760
0	19760	21800
0	21800	23440
0	23440	24960
0	24960	26280
0	26280	33200
0	33200	38880
0	38880	47160
0	47160	51680
0	51680	57760
0	57760	60160
0	60160	62120
0	62120	64200
0	64200	71680
0	71680	72800
0	72800	89120
0	89120	94560
0	94560	109280
1	109280	111080
1	111080	114960
1	114960	117160
1	117160	118800
1	118800	119400
1	119400	121200
1	121200	123720
1	123720	126320
1	126320	129480
1	129480	131840
1	131840	134080
1	134080	134560
1	134560	135840
1	135840	142560
1	142560	145280
2	145280	152200
2	152200	154880
2	154880	156400
2	156400	157480
2	157480	158600
2	158600	161680
2	161680	165440
2	165440	167880
2	167880	172400
2	172400	174920
2	174920	178320
2	178320	185840
2	185840	189080
2	189080	190920
2	190920	195160
2	195160	199520
2	199520	203320
2	203320	209240
2	209240	217240
2	217240	220000
2	220000	225800
2	225800	232160
2	232160	235280
2	235280	238120
2	238120	243200
2	243200	248840
2	248840	253960
3	253960	258800
3	258800	261680
3	261680	263200
3	263200	270200
3	270200	271680
3	271680	280400
3	280400	285880
3	285880	287440
3	287440	289960
3	289960	302720
3	302720	309360
3	309360	315320
3	315320	319760
3	319760	323960
3	323960	325800
3	325800	328960
3	328960	330840
3	330840	335240
3	335240	339440
4	339440	347280
4	347280	364720
4	364720	376280
4	376280	379280
4	379280	381480
4	381480	384480
4	384480	388440
4	388440	397960
4	397960	403200
4	403200	406320
4	406320	409920
4	409920	413160
4	413160	417840
4	417840	421600
4	421600	432200
4	432200	435000
4	435000	437200
4	437200	439840
4	439840	442040
4	442040	446960
4	446960	449680
4	449680	451520
4	451520	453600
4	453600	455720
4	455720	458160
4	458160	461920
4	461920	470520
4	470520	474520
4	474520	482720
4	482720	489440
4	489440	492640
4	492640	495320
4	495320	504920
4	504920	525000
4	525000	533880
5	533880	535200
5	535200	537280
5	537280	538000
5	538000	540840
5	540840	544680
5	544680	547600
5	547600	548320
5	548320	554880
5	554880	558120
5	558120	560960
5	560960	562760
5	562760	563560
5	563560	564320
5	564320	565960
5	565960	568440
5	568440	569120
5	569120	570480
5	570480	571960
5	571960	572440
5	572440	574800
5	574800	576560
5	576560	577840
5	577840	578720
5	578720	579600
5	579600	581000
5	581000	582280
5	582280	584160
5	584160	585400
5	585400	586080
5	586080	586800
5	586800	588560
5	588560	589600
5	589600	591680
5	591680	594280
5	594280	597840
5	597840	600560
5	600560	604160
5	604160	607080
5	607080	609160
5	609160	610520
5	610520	613560
5	613560	618000
5	618000	619200
5	619200	621800
5	621800	626960
5	626960	629240
5	629240	639440
5	639440	642720
5	642720	644080
5	644080	650800
5	650800	652480
5	652480	655120
5	655120	657640
5	657640	659440
5	659440	662920
5	662920	664320
5	664320	665920
5	665920	668640
5	668640	670360
5	670360	675640
5	675640	680640
5	680640	684320
5	684320	688600
5	688600	691000
5	691000	692160
5	692160	696440
5	696440	701080
5	701080	705600
5	705600	707320
5	707320	710840
5	710840	712280
5	712280	715040
5	715040	716920
5	716920	719000
5	719000	724680
5	724680	728000
5	728000	730120
5	730120	741120
5	741120	745000
5	745000	751440
5	751440	753920
5	753920	756280
5	756280	758160
5	758160	759920
5	759920	762160
5	762160	768000
5	768000	771320
6	771320	779000
6	779000	780560
6	780560	809040
6	809040	815760
6	815760	817720
6	817720	819800
6	819800	824240
6	824240	825960
6	825960	849320
7	849320	854440
7	854440	864000
7	864000	866040
7	866040	873760
7	873760	875920
7	875920	878080
7	878080	880560
7	880560	882240
7	882240	883360
7	883360	889280
7	889280	891000
7	891000	892520
7	892520	894400
7	894400	900480
7	900480	903920
7	903920	905720
7	905720	907960
7	907960	911240
7	911240	913560
7	913560	920760
7	920760	923120
7	923120	925760
7	925760	927800
7	927800	934160
7	934160	936880
7	936880	940360
7	940360	943120
7	943120	947400
7	947400	949000
7	949000	952720
7	952720	956080
7	956080	960520
7	960520	964120
7	964120	970560
7	970560	973360
7	973360	976200
7	976200	979440
7	979440	981400
7	981400	986560
7	986560	988480
7	988480	993720
7	993720	998360
7	998360	1003480
7	1003480	1005520
7	1005520	1012600
7	1012600	1017480
7	1017480	1019120
7	1019120	1020960
7	1020960	1022720
7	1022720	1037920
7	1037920	1046200
7	1046200	1049560
7	1049560	1051760
7	1051760	1052640
7	1052640	1055000
7	1055000	1057360
7	1057360	1058880
7	1058880	1062040
7	1062040	1068080
7	1068080	1074240
7	1074240	1077560
7	1077560	1080800
7	1080800	1088360
7	1088360	1097600
8	1097600	1105400
8	1105400	1108520
8	1108520	1116640
8	1116640	1118000
8	1118000	1120360
8	1120360	1122520
8	1122520	1126760
8	1126760	1128200
8	1128200	1130440
8	1130440	1134840
8	1134840	1136800
8	1136800	1143320
8	1143320	1146040
8	1146040	1147160
8	1147160	1149880
8	1149880	1151960
8	1151960	1155280
8	1155280	1159360
8	1159360	1163280
8	1163280	1165440
8	1165440	1166880
8	1166880	1170200
8	1170200	1174920
8	1174920	1186280
8	1186280	1193400
9	1193400	1200440
9	1200440	1203200
9	1203200	1206480
9	1206480	1209200
9	1209200	1211480
9	1211480	1213560
9	1213560	1215040
9	1215040	1220120
9	1220120	1222160
9	1222160	1225040
9	1225040	1226000
9	1226000	1227800
9	1227800	1231120
9	1231120	1235760
9	1235760	1236960
9	1236960	1240640
9	1240640	1242960
9	1242960	1245360
9	1245360	1247120
9	1247120	1249160
9	1249160	1250520
9	1250520	1252440
9	1252440	1255240
9	1255240	1257480
9	1257480	1261480
9	1261480	1270720
9	1270720	1276720
9	1276720	1281840
9	1281840	1286520
9	1286520	1286960
9	1286960	1293800
9	1293800	1296480
9	1296480	1302400
9	1302400	1305480
9	1305480	1311480
9	1311480	1313240
9	1313240	1321760
9	1321760	1323640
9	1323640	1325040
9	1325040	1327960
9	1327960	1331200
9	1331200	1332680
9	1332680	1334440
9	1334440	1335440
9	1335440	1336440
9	1336440	1338000
9	1338000	1343400
9	1343400	1344480
9	1344480	1352760
9	1352760	1355520
9	1355520	1359400
9	1359400	1361560
9	1361560	1365400
9	1365400	1376600
9	1376600	1381240
9	1381240	1383840
9	1383840	1386000
9	1386000	1390760
9	1390760	1394960
9	1394960	1395040
9	1395040	1404560
10	1404560	1406360
10	1406360	1409360
10	1409360	1412200
10	1412200	1415080
10	1415080	1427960
10	1427960	1430280
10	1430280	1434160
10	1434160	1437560
10	1437560	1440360
10	1440360	1443040
10	1443040	1451800
10	1451800	1453600
10	1453600	1455200
10	1455200	1456960
10	1456960	1460200
10	1460200	1461680
10	1461680	1464760
10	1464760	1472360
10	1472360	1474600
10	1474600	1478200
10	1478200	1480720
11	1480720	1486600
11	1486600	1488480
11	1488480	1489840
11	1489840	1491800
11	1491800	1496480
11	1496480	1500200
11	1500200	1501800
11	1501800	1505760
11	1505760	1508600
11	1508600	1513400
11	1513400	1516880
11	1516880	1519280
12	1519280	1522600
12	1522600	1525080
12	1525080	1528760
12	1528760	1530480
12	1530480	1533480
12	1533480	1535320
12	1535320	1538960
12	1538960	1547760
12	1547760	1551240
12	1551240	1555360
12	1555360	1556840
12	1556840	1559000
12	1559000	1561960
12	1561960	1567520
12	1567520	1580800
12	1580800	1583200
12	1583200	1593720
12	1593720	1595720
12	1595720	1599120
12	1599120	1600760
12	1600760	1602080
12	1602080	1605000
12	1605000	1609640
12	1609640	1614320
12	1614320	1616960
12	1616960	1619960
12	1619960	1621360
12	1621360	1623000
12	1623000	1628200
12	1628200	1632320
13	1632320	1642160
13	1642160	1645080
13	1645080	1647440
13	1647440	1651440
13	1651440	1660400
13	1660400	1662000
13	1662000	1676720
13	1676720	1684160
13	1684160	1690320
13	1690320	1691600
13	1691600	1696680
13	1696680	1699800
13	1699800	1707320
13	1707320	1711000
13	1711000	1712320
13	1712320	1714800
13	1714800	1719560
13	1719560	1721840
13	1721840	1728240
13	1728240	1730800
13	1730800	1738120
13	1738120	1739960
13	1739960	1748240
13	1748240	1752400
13	1752400	1768160
13	1768160	1774880
13	1774880	1777080
13	1777080	1783080
13	1783080	1786880
13	1786880	1796000
13	1796000	1797720
13	1797720	1801720
13	1801720	1806400
13	1806400	1809920
13	1809920	1812640
13	1812640	1818000
13	1818000	1827000
13	1827000	1828680
13	1828680	1833040
13	1833040	1835800
13	1835800	1840040
13	1840040	1842600
13	1842600	1847560
13	1847560	1849560
13	1849560	1850600
13	1850600	1853480
13	1853480	1857480
13	1857480	1860200
13	1860200	1862640
13	1862640	1867080
13	1867080	1877840
13	1877840	1880040
13	1880040	1887160
13	1887160	1889760
13	1889760	1909320
13	1909320	1920560
13	1920560	1922960
13	1922960	1930520
13	1930520	1936640
14	1936640	1940800
14	1940800	1950400
14	1950400	1954680
14	1954680	1960360
14	1960360	1964000
14	1964000	1972360
14	1972360	1974160
14	1974160	1976720
14	1976720	1980560
14	1980560	1982080
14	1982080	1983480
14	1983480	1984160
14	1984160	1985920
14	1985920	1991360
14	1991360	1993920
14	1993920	1997240
14	1997240	1998880
14	1998880	1999800
14	1999800	2003200
14	2003200	2009160
14	2009160	2015720
15	2015720	2021840
15	2021840	2024160
15	2024160	2029080
15	2029080	2032160
15	2032160	2046040
15	2046040	2052600
16	2052600	2054600
16	2054600	2056760
16	2056760	2059040
16	2059040	2061000
16	2061000	2067120
16	2067120	2070640
16	2070640	2072680
16	2072680	2077480
16	2077480	2085280
16	2085280	2092880
16	2092880	2094440
16	2094440	2101560
16	2101560	2106160
16	2106160	2117880
16	2117880	2120880
16	2120880	2123200
16	2123200	2127760
17	2127760	2139240
17	2139240	2141040
17	2141040	2142720
17	2142720	2146360
17	2146360	2149240
17	2149240	2154120
17	2154120	2157640
17	2157640	2161840
17	2161840	2164120
17	2164120	2165800
17	2165800	2171640
17	2171640	2174120
17	2174120	2180440
17	2180440	2182680
17	2182680	2185880
17	2185880	2192000
17	2192000	2193160
17	2193160	2197720
17	2197720	2199280
18	2199280	2200360
18	2200360	2201880
18	2201880	2203320
18	2203320	2204440
18	2204440	2205600
18	2205600	2207680
18	2207680	2209520
18	2209520	2211440
18	2211440	2215440
18	2215440	2217800
18	2217800	2220480
18	2220480	2222200
18	2222200	2223080
18	2223080	2225880
18	2225880	2229160
18	2229160	2231960
18	2231960	2236680
18	2236680	2237720
18	2237720	2239360
18	2239360	2240720
18	2240720	2243320
18	2243320	2244240
18	2244240	2246520
18	2246520	2248480
18	2248480	2249520
18	2249520	2251080
18	2251080	2252680
18	2252680	2255480
18	2255480	2257720
18	2257720	2261120
18	2261120	2264280
18	2264280	2265120
18	2265120	2265720
18	2265720	2268880
18	2268880	2270520
18	2270520	2275920
18	2275920	2280440
18	2280440	2282760
18	2282760	2285720
18	2285720	2287000
18	2287000	2289360
18	2289360	2292040
18	2292040	2294320
18	2294320	2295520
18	2295520	2299000
18	2299000	2300880
18	2300880	2302560
18	2302560	2303720
18	2303720	2304760
18	2304760	2306360
18	2306360	2309040
18	2309040	2314240
18	2314240	2316200
18	2316200	2317200
18	2317200	2319680
18	2319680	2321600
19	2321600	2329600
19	2329600	2333920
19	2333920	2338400
19	2338400	2342640
19	2342640	2344840
19	2344840	2346840
19	2346840	2348360
19	2348360	2350280
19	2350280	2353400
19	2353400	2359080
19	2359080	2365560
19	2365560	2368600
19	2368600	2375200
19	2375200	2378880
19	2378880	2381560
19	2381560	2383800
19	2383800	2388000
19	2388000	2390240
19	2390240	2394640
19	2394640	2400000
19	2400000	2403760
19	2403760	2405960
19	2405960	2415600
19	2415600	2419040
19	2419040	2423560
19	2423560	2425920
19	2425920	2428400
20	2428400	2433960
20	2433960	2439480
20	2439480	2445720
20	2445720	2449160
20	2449160	2452800
20	2452800	2455480
20	2455480	2464480
20	2464480	2473200
20	2473200	2476720
20	2476720	2479640
20	2479640	2488520
20	2488520	2491840
20	2491840	2494080
20	2494080	2494920
20	2494920	2497400
20	2497400	2500760
20	2500760	2505600
20	2505600	2514200
20	2514200	2516480
20	2516480	2520840
20	2520840	2522720
20	2522720	2526600
20	2526600	2529240
20	2529240	2530560
20	2530560	2532160
20	2532160	2551000
20	2551000	2559560
20	2559560	2563720
20	2563720	2573720
20	2573720	2583440
20	2583440	2591840
20	2591840	2596080
20	2596080	2599240
20	2599240	2601840
20	2601840	2609640
20	2609640	2619240
20	2619240	2629280
20	2629280	2633480
20	2633480	2635520
20	2635520	2644640
20	2644640	2649760
20	2649760	2654480
20	2654480	2668800
20	2668800	2671360
20	2671360	2673840
20	2673840	2674800
20	2674800	2675640
20	2675640	2676160
20	2676160	2677080
20	2677080	2678320
20	2678320	2679920
20	2679920	2681920
20	2681920	2683560
20	2683560	2686240
20	2686240	2686880
20	2686880	2691680
20	2691680	2692960
20	2692960	2695520
20	2695520	2699240
20	2699240	2700120
20	2700120	2700800
20	2700800	2702600
20	2702600	2705920
21	2705920	2709080
21	2709080	2711720
21	2711720	2712640
21	2712640	2716760
21	2716760	2720440
21	2720440	2727440
21	2727440	2729200
21	2729200	2732000
21	2732000	2738640
21	2738640	2740480
21	2740480	2744280
21	2744280	2748880
21	2748880	2751800
21	2751800	2754280
21	2754280	2762240
21	2762240	2762600
21	2762600	2763560
21	2763560	2764280
21	2764280	2765520
21	2765520	2766520
21	2766520	2767640
21	2767640	2768920
21	2768920	2770480
21	2770480	2771480
21	2771480	2772280
21	2772280	2772560
21	2772560	2773160
21	2773160	2773640
21	2773640	2774560
21	2774560	2776080
21	2776080	2777000
21	2777000	2778760
21	2778760	2780520
21	2780520	2782720
21	2782720	2784800
21	2784800	2786560
21	2786560	2788920
21	2788920	2790320
21	2790320	2792760
21	2792760	2794320
21	2794320	2798640
21	2798640	2800760
21	2800760	2801560
21	2801560	2803080
21	2803080	2804120
21	2804120	2805320
21	2805320	2806600
21	2806600	2807680
21	2807680	2809000
21	2809000	2810240
21	2810240	2810720
21	2810720	2811520
21	2811520	2812120
21	2812120	2813240
21	2813240	2816440
21	2816440	2817800
21	2817800	2818400
21	2818400	2820120
21	2820120	2820680
21	2820680	2821880
21	2821880	2827040
21	2827040	2828760
21	2828760	2829680
21	2829680	2832360
21	2832360	2835800
21	2835800	2836800
21	2836800	2838760
21	2838760	2840840
21	2840840	2846160
21	2846160	2849560
21	2849560	2851880
21	2851880	2853600
21	2853600	2854600
21	2854600	2859320
21	2859320	2865160
21	2865160	2876440
21	2876440	2881720
21	2881720	2884280
21	2884280	2888440
21	2888440	2889960
21	2889960	2893040
21	2893040	2894000
21	2894000	2895560
21	2895560	2899120
21	2899120	2900320
21	2900320	2902880
21	2902880	2905080
21	2905080	2908240
21	2908240	2910600
21	2910600	2918960
21	2918960	2921840
21	2921840	2923880
21	2923880	2929760
21	2929760	2931040
21	2931040	2932480
21	2932480	2937400
21	2937400	2939200
21	2939200	2940800
21	2940800	2943560
21	2943560	2956560
22	2956560	3035400
