shot	start	end
0	0	1240
0	1240	1320
0	1320	2840
0	2840	6680
0	6680	9640
0	9640	11160
0	11160	19760
0	19760	21840
0	21840	23600
0	23600	25560
0	25560	27000
0	27000	30680
0	30680	36600
0	36600	41560
0	41560	46320
0	46320	52400
0	52400	54920
0	54920	56880
0	56880	58960
0	58960	59800
0	59800	60040
0	60040	60360
0	60360	62360
0	62360	70960
0	70960	72560
0	72560	73840
0	73840	90120
0	90120	94520
0	94520	110840
1	110840	114680
1	114680	121920
1	121920	128040
1	128040	130680
1	130680	133200
1	133200	137080
1	137080	138920
1	138920	148040
2	148040	152000
2	152000	160840
2	160840	167080
2	167080	170160
2	170160	173160
2	173160	177400
2	177400	180680
2	180680	183200
2	183200	187640
2	187640	191200
2	191200	195880
2	195880	198200
2	198200	200480
2	200480	206720
2	206720	213240
2	213240	218040
2	218040	227080
2	227080	230280
2	230280	233000
2	233000	238320
2	238320	246080
2	246080	252080
2	252080	258280
2	258280	260840
2	260840	263200
2	263200	266600
2	266600	268800
2	268800	273840
2	273840	276880
2	276880	295920
2	295920	301560
2	301560	306560
2	306560	314960
2	314960	324440
2	324440	332960
2	332960	339080
3	339080	344680
3	344680	348760
3	348760	351120
3	351120	355080
3	355080	357280
3	357280	360320
3	360320	363840
3	363840	368040
3	368040	369280
3	369280	374040
3	374040	376240
3	376240	378680
3	378680	382800
3	382800	385840
3	385840	395320
3	395320	397880
3	397880	399920
3	399920	403480
3	403480	406960
3	406960	408240
3	408240	409440
3	409440	413600
3	413600	430920
3	430920	437600
3	437600	442080
3	442080	446880
4	446880	460960
4	460960	498200
4	498200	517160
4	517160	526200
4	526200	535520
4	535520	553240
4	553240	559560
4	559560	563840
4	563840	568360
4	568360	571240
4	571240	573000
4	573000	575520
4	575520	578760
4	578760	582920
4	582920	585800
4	585800	588680
4	588680	590840
4	590840	592920
5	592920	598360
5	598360	601200
5	601200	604280
5	604280	608600
5	608600	616640
5	616640	624760
5	624760	632000
5	632000	635360
5	635360	639000
5	639000	642600
5	642600	645960
5	645960	650560
5	650560	658080
5	658080	662600
5	662600	667440
5	667440	675840
5	675840	677880
5	677880	682960
5	682960	685560
5	685560	689520
6	689520	692960
6	692960	695880
6	695880	698440
6	698440	699160
6	699160	703040
6	703040	708840
6	708840	714680
6	714680	719920
6	719920	726120
6	726120	739760
6	739760	746640
6	746640	750520
6	750520	755040
6	755040	760760
6	760760	766000
6	766000	771520
6	771520	779720
6	779720	784600
6	784600	793920
6	793920	797520
6	797520	805040
6	805040	818360
6	818360	833600
7	833600	841360
7	841360	845840
7	845840	848000
7	848000	851440
7	851440	853600
7	853600	856720
7	856720	865440
7	865440	875040
7	875040	878640
7	878640	882400
7	882400	885400
7	885400	889240
7	889240	892960
7	892960	896200
7	896200	904720
7	904720	908440
7	908440	910720
7	910720	912760
7	912760	915160
7	915160	918720
7	918720	924760
7	924760	929840
7	929840	936240
8	936240	954520
8	954520	957280
8	957280	959800
8	959800	962000
8	962000	964280
8	964280	967760
8	967760	971720
8	971720	975680
8	975680	977080
8	977080	980120
8	980120	985040
8	985040	986520
8	986520	988280
8	988280	990240
8	990240	991840
8	991840	994080
8	994080	995640
8	995640	997400
8	997400	998200
8	998200	999760
8	999760	1000880
8	1000880	1002040
8	1002040	1003760
8	1003760	1004720
8	1004720	1005960
8	1005960	1007240
8	1007240	1008800
8	1008800	1010360
8	1010360	1012440
8	1012440	1021240
8	1021240	1023480
9	1023480	1029440
9	1029440	1038080
9	1038080	1046080
9	1046080	1048240
9	1048240	1049480
9	1049480	1050320
9	1050320	1060040
9	1060040	1063520
9	1063520	1068080
10	1068080	1076720
10	1076720	1087320
10	1087320	1090800
10	1090800	1094000
10	1094000	1098240
10	1098240	1105440
10	1105440	1110560
10	1110560	1116200
10	1116200	1119840
10	1119840	1124240
10	1124240	1131200
10	1131200	1135560
10	1135560	1138600
10	1138600	1140880
10	1140880	1145600
10	1145600	1148120
10	1148120	1150840
10	1150840	1155200
10	1155200	1168240
10	1168240	1171400
10	1171400	1176960
10	1176960	1181360
10	1181360	1184440
10	1184440	1190440
10	1190440	1192360
10	1192360	1198480
10	1198480	1203120
10	1203120	1207520
10	1207520	1212600
10	1212600	1217480
10	1217480	1221120
10	1221120	1225920
10	1225920	1227880
10	1227880	1239080
10	1239080	1240480
10	1240480	1253320
10	1253320	1256200
10	1256200	1259360
10	1259360	1262320
10	1262320	1266960
10	1266960	1273440
10	1273440	1276520
10	1276520	1281000
11	1281000	1285280
11	1285280	1289360
11	1289360	1291600
11	1291600	1299000
11	1299000	1307560
11	1307560	1310960
11	1310960	1315240
11	1315240	1317360
11	1317360	1319320
11	1319320	1324360
11	1324360	1327480
11	1327480	1330920
11	1330920	1332840
11	1332840	1336480
11	1336480	1340520
11	1340520	1357520
11	1357520	1360040
11	1360040	1364600
11	1364600	1370600
11	1370600	1374160
11	1374160	1376360
11	1376360	1379400
11	1379400	1382680
11	1382680	1383960
11	1383960	1385960
11	1385960	1389680
11	1389680	1394240
11	1394240	1397320
11	1397320	1402160
11	1402160	1404520
11	1404520	1409680
11	1409680	1412680
11	1412680	1418400
12	1418400	1420520
12	1420520	1422720
12	1422720	1427760
12	1427760	1434880
12	1434880	1438440
12	1438440	1441480
12	1441480	1444360
12	1444360	1448560
12	1448560	1450800
12	1450800	1455560
12	1455560	1460840
12	1460840	1462920
12	1462920	1465160
12	1465160	1467480
12	1467480	1470480
12	1470480	1473320
12	1473320	1479480
12	1479480	1485840
12	1485840	1491000
12	1491000	1493120
12	1493120	1498200
12	1498200	1505280
12	1505280	1507840
12	1507840	1509720
12	1509720	1511840
12	1511840	1514600
12	1514600	1518240
12	1518240	1520680
12	1520680	1521920
12	1521920	1524000
12	1524000	1526400
12	1526400	1528680
12	1528680	1530600
12	1530600	1533200
12	1533200	1539960
12	1539960	1543040
12	1543040	1549200
12	1549200	1551600
13	1551600	1558000
13	1558000	1560360
13	1560360	1564920
13	1564920	1567280
13	1567280	1571760
13	1571760	1576480
13	1576480	1580480
13	1580480	1586160
13	1586160	1590080
13	1590080	1593920
13	1593920	1600440
13	1600440	1603200
13	1603200	1605680
13	1605680	1609920
13	1609920	1612920
13	1612920	1617080
13	1617080	1623320
13	1623320	1626800
13	1626800	1630240
13	1630240	1643080
13	1643080	1644560
13	1644560	1653320
13	1653320	1658680
13	1658680	1663880
13	1663880	1666600
13	1666600	1668960
13	1668960	1670600
13	1670600	1677040
13	1677040	1682040
13	1682040	1685320
13	1685320	1687520
13	1687520	1690360
13	1690360	1696120
13	1696120	1697760
13	1697760	1699280
13	1699280	1707840
13	1707840	1711600
13	1711600	1718000
13	1718000	1724400
13	1724400	1734880
13	1734880	1747440
13	1747440	1756160
13	1756160	1764120
13	1764120	1770920
13	1770920	1773880
13	1773880	1780000
13	1780000	1784720
13	1784720	1786040
13	1786040	1789160
13	1789160	1791400
13	1791400	1797200
13	1797200	1802120
13	1802120	1805520
13	1805520	1810080
13	1810080	1813760
13	1813760	1818840
13	1818840	1822000
13	1822000	1825600
13	1825600	1834480
13	1834480	1838440
13	1838440	1853960
13	1853960	1862680
14	1862680	1866960
14	1866960	1876080
14	1876080	1878000
14	1878000	1886960
14	1886960	1895000
14	1895000	1899120
14	1899120	1904480
14	1904480	1908320
14	1908320	1914040
14	1914040	1917560
14	1917560	1922680
14	1922680	1925880
14	1925880	1929200
14	1929200	1934880
14	1934880	1943800
14	1943800	1947560
15	1947560	1954240
15	1954240	1961840
15	1961840	1966480
15	1966480	1971920
15	1971920	1979800
15	1979800	1982320
15	1982320	1985440
15	1985440	1990600
15	1990600	1992360
15	1992360	1993800
15	1993800	1999480
15	1999480	2003800
15	2003800	2014040
15	2014040	2023200
15	2023200	2032680
15	2032680	2036760
15	2036760	2039880
15	2039880	2043720
15	2043720	2046480
15	2046480	2048320
15	2048320	2051200
15	2051200	2059600
15	2059600	2063160
15	2063160	2070360
15	2070360	2072400
15	2072400	2076240
15	2076240	2084240
15	2084240	2090520
15	2090520	2099000
15	2099000	2108360
15	2108360	2114040
15	2114040	2116880
15	2116880	2119760
15	2119760	2122800
15	2122800	2126760
15	2126760	2156760
15	2156760	2171440
15	2171440	2182720
15	2182720	2189840
15	2189840	2203000
15	2203000	2210280
15	2210280	2217600
15	2217600	2228840
15	2228840	2251960
15	2251960	2263640
15	2263640	2270600
15	2270600	2274280
15	2274280	2280760
15	2280760	2283160
15	2283160	2290480
15	2290480	2292880
15	2292880	2296200
15	2296200	2300120
15	2300120	2301920
15	2301920	2306880
15	2306880	2308600
15	2308600	2312160
15	2312160	2313760
15	2313760	2319520
15	2319520	2321600
15	2321600	2324360
15	2324360	2326120
15	2326120	2330080
15	2330080	2334720
15	2334720	2337920
15	2337920	2346960
15	2346960	2352600
16	2352600	2357000
16	2357000	2360800
16	2360800	2363200
16	2363200	2365600
16	2365600	2369000
16	2369000	2374000
16	2374000	2376840
16	2376840	2381480
16	2381480	2384640
16	2384640	2389640
16	2389640	2390760
16	2390760	2392600
16	2392600	2394440
16	2394440	2398720
16	2398720	2401680
16	2401680	2403560
16	2403560	2405840
16	2405840	2407320
16	2407320	2408160
16	2408160	2409920
16	2409920	2411760
16	2411760	2416760
16	2416760	2418080
16	2418080	2423600
17	2423600	2437320
17	2437320	2447960
17	2447960	2457640
17	2457640	2463320
17	2463320	2467760
17	2467760	2472360
17	2472360	2479640
17	2479640	2483040
17	2483040	2486080
17	2486080	2489760
17	2489760	2493800
17	2493800	2495920
17	2495920	2500040
17	2500040	2507120
17	2507120	2509200
17	2509200	2514080
17	2514080	2517840
17	2517840	2522240
17	2522240	2526800
17	2526800	2535280
17	2535280	2541480
17	2541480	2547040
17	2547040	2550480
17	2550480	2553680
17	2553680	2556920
17	2556920	2564960
17	2564960	2571600
17	2571600	2577760
17	2577760	2585520
17	2585520	2590160
17	2590160	2593040
18	2593040	2608400
18	2608400	2614440
18	2614440	2622880
18	2622880	2625400
18	2625400	2629360
18	2629360	2635680
18	2635680	2654200
18	2654200	2656200
18	2656200	2658640
18	2658640	2661880
18	2661880	2667840
18	2667840	2673000
18	2673000	2685400
18	2685400	2687720
18	2687720	2694600
18	2694600	2701480
18	2701480	2711480
18	2711480	2718600
18	2718600	2733840
18	2733840	2742040
18	2742040	2745320
18	2745320	2748400
18	2748400	2752080
18	2752080	2754720
18	2754720	2760120
18	2760120	2777840
19	2777840	2790400
19	2790400	2798120
19	2798120	2802840
19	2802840	2805480
19	2805480	2810360
19	2810360	2813200
19	2813200	2816840
19	2816840	2836720
19	2836720	2847040
19	2847040	2858720
19	2858720	2861200
19	2861200	2865480
19	2865480	2873120
19	2873120	2880320
20	2880320	2897560
20	2897560	2910920
20	2910920	2914320
20	2914320	2916000
20	2916000	2919120
20	2919120	2923240
20	2923240	2938640
21	2938640	2993240
21	2993240	3070120
