shot	start	end
0	0	1240
0	1240	1320
0	1320	6680
0	6680	9640
0	9640	11160
0	11160	19760
0	19760	21800
0	21800	23440
0	23440	24960
0	24960	26280
0	26280	33200
0	33200	38880
0	38880	47160
0	47160	51680
0	51680	57760
0	57760	60160
0	60160	62120
0	62120	64200
0	64200	71680
0	71680	72800
0	72800	89120
0	89120	94560
0	94560	111560
1	111560	123320
1	123320	136200
1	136200	142400
1	142400	151040
1	151040	155360
1	155360	157320
1	157320	160440
1	160440	164440
1	164440	166800
1	166800	169120
1	169120	172280
1	172280	175880
1	175880	177480
1	177480	179000
1	179000	181720
1	181720	182640
1	182640	183600
1	183600	184760
1	184760	186520
1	186520	187960
1	187960	190360
1	190360	192360
1	192360	194840
1	194840	196920
1	196920	205520
1	205520	208520
1	208520	210520
1	210520	211920
1	211920	213200
1	213200	216840
1	216840	218040
1	218040	220880
1	220880	227320
1	227320	230440
1	230440	232120
1	232120	234320
1	234320	237720
1	237720	239240
1	239240	240800
1	240800	242280
1	242280	246040
1	246040	250520
1	250520	251520
1	251520	252200
1	252200	257400
1	257400	261920
1	261920	268240
1	268240	269520
1	269520	272040
1	272040	274040
1	274040	277600
1	277600	278720
1	278720	286960
1	286960	291000
1	291000	295040
1	295040	297440
1	297440	298720
1	298720	304080
1	304080	308480
1	308480	311480
1	311480	314280
1	314280	317000
1	317000	318520
1	318520	323920
1	323920	325040
1	325040	328080
1	328080	332640
2	332640	340720
2	340720	344960
2	344960	351160
2	351160	352600
2	352600	354520
2	354520	356720
2	356720	359640
2	359640	362920
2	362920	366320
2	366320	369600
2	369600	374880
2	374880	376960
2	376960	379680
2	379680	381760
2	381760	384800
2	384800	389720
2	389720	392760
2	392760	395960
2	395960	399680
2	399680	406000
2	406000	408440
2	408440	410920
2	410920	413320
2	413320	418400
2	418400	423040
2	423040	432000
2	432000	435920
2	435920	437280
2	437280	438200
2	438200	439440
2	439440	444160
2	444160	445960
2	445960	448880
2	448880	455280
2	455280	458880
2	458880	463800
2	463800	469160
2	469160	471320
2	471320	476480
3	476480	486840
3	486840	489280
3	489280	499800
3	499800	502920
3	502920	505880
3	505880	508800
3	508800	511160
3	511160	517240
3	517240	518880
3	518880	520360
3	520360	523840
3	523840	532280
3	532280	538000
3	538000	543040
3	543040	545840
3	545840	548720
3	548720	551760
3	551760	555240
3	555240	563000
3	563000	571280
3	571280	574120
3	574120	577880
3	577880	580200
3	580200	584360
3	584360	587360
3	587360	591240
3	591240	597960
4	597960	609880
4	609880	616520
4	616520	619880
4	619880	622680
4	622680	634080
4	634080	636960
4	636960	642640
4	642640	648280
4	648280	651160
4	651160	656760
4	656760	660640
4	660640	663320
4	663320	665600
4	665600	667440
4	667440	671240
4	671240	682960
4	682960	688160
4	688160	691040
4	691040	692800
4	692800	695560
4	695560	697560
4	697560	702400
4	702400	705280
4	705280	706280
4	706280	707840
4	707840	716400
4	716400	719240
4	719240	721360
4	721360	723160
4	723160	727080
5	727080	730760
5	730760	735120
5	735120	739080
5	739080	741720
5	741720	746040
5	746040	748640
5	748640	750280
5	750280	752200
5	752200	755320
5	755320	760680
5	760680	763600
5	763600	767240
5	767240	768960
5	768960	772000
5	772000	773760
5	773760	776640
5	776640	781880
5	781880	786040
5	786040	792200
5	792200	795120
5	795120	796440
5	796440	798440
5	798440	802920
5	802920	807480
5	807480	810280
5	810280	818360
5	818360	820720
5	820720	824360
5	824360	826800
5	826800	833680
5	833680	837520
5	837520	841160
5	841160	844840
6	844840	881160
6	881160	885640
6	885640	895360
6	895360	897560
6	897560	902520
6	902520	906760
6	906760	913880
6	913880	917200
6	917200	918920
6	918920	920800
6	920800	929560
6	929560	931000
6	931000	933600
6	933600	935640
6	935640	940200
6	940200	943000
6	943000	945560
6	945560	948480
6	948480	952440
6	952440	957640
6	957640	960400
6	960400	970080
6	970080	975320
6	975320	979520
6	979520	982760
6	982760	984480
6	984480	986360
6	986360	993160
6	993160	1000840
6	1000840	1004440
6	1004440	1008560
7	1008560	1015800
7	1015800	1021280
7	1021280	1024400
7	1024400	1028720
7	1028720	1030880
8	1030880	1038880
8	1038880	1042800
8	1042800	1047360
8	1047360	1050720
8	1050720	1055520
8	1055520	1062080
8	1062080	1064520
8	1064520	1066720
8	1066720	1070760
8	1070760	1076160
8	1076160	1079160
8	1079160	1082960
8	1082960	1084880
8	1084880	1088120
8	1088120	1092040
8	1092040	1099720
8	1099720	1102560
8	1102560	1110120
8	1110120	1122600
8	1122600	1129640
8	1129640	1133080
8	1133080	1134560
8	1134560	1137160
8	1137160	1144600
9	1144600	1149080
9	1149080	1151200
9	1151200	1156160
9	1156160	1158720
9	1158720	1166880
9	1166880	1168800
9	1168800	1172960
9	1172960	1174040
9	1174040	1175280
9	1175280	1178800
9	1178800	1180360
9	1180360	1182040
9	1182040	1186280
9	1186280	1188360
9	1188360	1190720
9	1190720	1195120
9	1195120	1198000
9	1198000	1210280
9	1210280	1219320
9	1219320	1227560
9	1227560	1233320
9	1233320	1237960
9	1237960	1244320
9	1244320	1256840
9	1256840	1265080
9	1265080	1269400
9	1269400	1275640
9	1275640	1280720
9	1280720	1285920
9	1285920	1295360
9	1295360	1298880
9	1298880	1306000
9	1306000	1311920
9	1311920	1326320
9	1326320	1335360
9	1335360	1341720
9	1341720	1370720
9	1370720	1373800
9	1373800	1377240
9	1377240	1379840
9	1379840	1382400
9	1382400	1386760
9	1386760	1391520
9	1391520	1398000
10	1398000	1401120
10	1401120	1403520
10	1403520	1412520
10	1412520	1417960
10	1417960	1430720
10	1430720	1435360
10	1435360	1440760
10	1440760	1444440
10	1444440	1447840
10	1447840	1449960
10	1449960	1452320
10	1452320	1456880
10	1456880	1459520
10	1459520	1462080
10	1462080	1464760
10	1464760	1471080
10	1471080	1476200
10	1476200	1481120
10	1481120	1491360
10	1491360	1496360
10	1496360	1500640
10	1500640	1506200
10	1506200	1508400
10	1508400	1516640
10	1516640	1518560
10	1518560	1519640
10	1519640	1523360
10	1523360	1526160
10	1526160	1531440
10	1531440	1534200
10	1534200	1536440
10	1536440	1537680
10	1537680	1539320
10	1539320	1542720
10	1542720	1546880
10	1546880	1549160
10	1549160	1551480
10	1551480	1554560
10	1554560	1560120
10	1560120	1564920
10	1564920	1568920
10	1568920	1571240
10	1571240	1573360
10	1573360	1574200
10	1574200	1584760
10	1584760	1589600
10	1589600	1590720
10	1590720	1594720
10	1594720	1597320
10	1597320	1605240
10	1605240	1611360
10	1611360	1614280
11	1614280	1623360
11	1623360	1627000
11	1627000	1632920
11	1632920	1636720
11	1636720	1637840
11	1637840	1647760
11	1647760	1654120
11	1654120	1659960
11	1659960	1665680
11	1665680	1668600
11	1668600	1673280
11	1673280	1675680
11	1675680	1681240
11	1681240	1683320
11	1683320	1685600
11	1685600	1690280
11	1690280	1694480
11	1694480	1698920
11	1698920	1701520
11	1701520	1706520
11	1706520	1709080
11	1709080	1720240
11	1720240	1721560
11	1721560	1725720
11	1725720	1727960
11	1727960	1731800
11	1731800	1741200
11	1741200	1752120
11	1752120	1754440
11	1754440	1760640
11	1760640	1766720
11	1766720	1769200
11	1769200	1772800
11	1772800	1779120
11	1779120	1782320
11	1782320	1784280
11	1784280	1791800
11	1791800	1795440
11	1795440	1803080
11	1803080	1811480
11	1811480	1815520
11	1815520	1817680
11	1817680	1820480
11	1820480	1826240
11	1826240	1832120
11	1832120	1833080
11	1833080	1834080
11	1834080	1834920
11	1834920	1841360
12	1841360	1847840
12	1847840	1856400
12	1856400	1864800
12	1864800	1869400
12	1869400	1875520
12	1875520	1877200
12	1877200	1880720
12	1880720	1883800
12	1883800	1885760
12	1885760	1889320
12	1889320	1895440
12	1895440	1899200
12	1899200	1902120
12	1902120	1906880
12	1906880	1911160
12	1911160	1916000
12	1916000	1920320
12	1920320	1922960
12	1922960	1929520
12	1929520	1940240
12	1940240	1943280
12	1943280	1950400
12	1950400	1954880
12	1954880	1961720
12	1961720	1968880
12	1968880	1975560
12	1975560	1983920
12	1983920	2006360
12	2006360	2015720
13	2015720	2029200
13	2029200	2038320
13	2038320	2049680
13	2049680	2055080
13	2055080	2057280
13	2057280	2062680
13	2062680	2066920
13	2066920	2073400
13	2073400	2083880
13	2083880	2088000
13	2088000	2093120
13	2093120	2095480
13	2095480	2100200
13	2100200	2106280
13	2106280	2109240
13	2109240	2111840
13	2111840	2114360
13	2114360	2117520
13	2117520	2120040
13	2120040	2132600
13	2132600	2140560
13	2140560	2143240
13	2143240	2146280
13	2146280	2156400
13	2156400	2169240
13	2169240	2174720
13	2174720	2178120
13	2178120	2180480
13	2180480	2183880
13	2183880	2187760
13	2187760	2192480
13	2192480	2197840
13	2197840	2200360
13	2200360	2210360
13	2210360	2213800
13	2213800	2216840
13	2216840	2221920
13	2221920	2224840
13	2224840	2228840
13	2228840	2233880
13	2233880	2237760
13	2237760	2245920
13	2245920	2250640
13	2250640	2255920
14	2255920	2265440
14	2265440	2294080
14	2294080	2300160
14	2300160	2302560
14	2302560	2309840
14	2309840	2313000
14	2313000	2318600
14	2318600	2320760
14	2320760	2330480
14	2330480	2335720
14	2335720	2339320
14	2339320	2341640
14	2341640	2344600
14	2344600	2348640
14	2348640	2351960
14	2351960	2364440
14	2364440	2367520
14	2367520	2370280
14	2370280	2373840
14	2373840	2376000
14	2376000	2377720
14	2377720	2379440
14	2379440	2381240
14	2381240	2386640
14	2386640	2388880
14	2388880	2392000
14	2392000	2394400
14	2394400	2399520
14	2399520	2405080
14	2405080	2410240
14	2410240	2412440
14	2412440	2416400
14	2416400	2419000
14	2419000	2425960
14	2425960	2431720
14	2431720	2434200
14	2434200	2440080
14	2440080	2443480
14	2443480	2450680
14	2450680	2467160
14	2467160	2469760
14	2469760	2477600
14	2477600	2484720
14	2484720	2492440
14	2492440	2496640
14	2496640	2498320
14	2498320	2500520
14	2500520	2505600
15	2505600	2509200
15	2509200	2512440
15	2512440	2523040
15	2523040	2526000
15	2526000	2528800
15	2528800	2532320
15	2532320	2535760
15	2535760	2537760
15	2537760	2541120
15	2541120	2551920
15	2551920	2555480
15	2555480	2561200
15	2561200	2570240
15	2570240	2573760
15	2573760	2576560
15	2576560	2580120
15	2580120	2587760
15	2587760	2595800
15	2595800	2603880
15	2603880	2609240
15	2609240	2617480
15	2617480	2623360
15	2623360	2623840
15	2623840	2634760
15	2634760	2635040
15	2635040	2635120
15	2635120	2635200
15	2635200	2635400
15	2635400	2635480
15	2635480	2638640
15	2638640	2645160
15	2645160	2650680
16	2650680	2653640
16	2653640	2655400
16	2655400	2670480
16	2670480	2672760
16	2672760	2682360
16	2682360	2688480
16	2688480	2690800
16	2690800	2693040
16	2693040	2695920
16	2695920	2698160
16	2698160	2700480
16	2700480	2705760
16	2705760	2710400
16	2710400	2713120
16	2713120	2715840
16	2715840	2720120
16	2720120	2726120
16	2726120	2728800
16	2728800	2732760
16	2732760	2734520
16	2734520	2737320
16	2737320	2739200
16	2739200	2755200
16	2755200	2758960
16	2758960	2762400
16	2762400	2765800
16	2765800	2787200
16	2787200	2799080
16	2799080	2804520
16	2804520	2806400
16	2806400	2814440
16	2814440	2822480
16	2822480	2828000
16	2828000	2839040
16	2839040	2841920
16	2841920	2849080
16	2849080	2853240
16	2853240	2860880
16	2860880	2863600
16	2863600	2864640
16	2864640	2866800
16	2866800	2868200
16	2868200	2870960
16	2870960	2873120
16	2873120	2874920
17	2874920	2881720
17	2881720	2886120
17	2886120	2889040
17	2889040	2889240
17	2889240	2889320
17	2889320	2889920
17	2889920	2891840
17	2891840	2894000
17	2894000	2899360
17	2899360	2906800
17	2906800	2915320
17	2915320	2921160
17	2921160	2925480
17	2925480	2930440
17	2930440	2934560
17	2934560	2944160
17	2944160	2948760
17	2948760	2957440
17	2957440	2972680
17	2972680	2974280
17	2974280	2975440
17	2975440	2977120
17	2977120	2978760
17	2978760	2981600
17	2981600	2988160
17	2988160	2990160
17	2990160	2991240
17	2991240	2994600
17	2994600	2995800
17	2995800	2997720
17	2997720	2998640
17	2998640	2999040
17	2999040	2999920
18	2999920	3078320
