shot	start	end
0	0	1240
0	1240	1320
0	1320	6680
0	6680	9640
0	9640	11160
0	11160	11480
0	11480	19760
0	19760	21840
0	21840	23880
0	23880	25800
0	25800	27440
0	27440	34360
0	34360	40040
0	40040	48840
0	48840	51240
0	51240	53200
0	53200	55280
0	55280	56000
0	56000	56240
0	56240	56560
0	56560	58200
0	58200	66800
0	66800	68160
0	68160	69440
0	69440	88240
0	88240	94520
0	94520	110840
1	110840	118800
1	118800	123400
1	123400	124080
1	124080	129680
1	129680	131280
1	131280	133480
1	133480	136960
1	136960	144120
1	144120	147360
1	147360	149120
1	149120	151400
1	151400	155040
1	155040	161800
1	161800	164240
1	164240	166920
1	166920	171080
1	171080	175760
1	175760	180720
1	180720	182400
1	182400	186000
1	186000	189560
1	189560	192000
1	192000	195040
1	195040	196760
1	196760	199440
1	199440	203960
1	203960	205960
1	205960	209520
1	209520	212320
1	212320	216360
1	216360	222920
1	222920	227440
1	227440	233920
1	233920	237040
1	237040	240520
1	240520	249000
1	249000	250280
1	250280	251960
1	251960	255280
1	255280	257560
1	257560	261480
1	261480	263760
1	263760	266520
1	266520	268720
1	268720	272400
1	272400	274040
1	274040	276720
1	276720	286320
1	286320	288560
1	288560	290480
1	290480	294720
1	294720	297920
1	297920	305360
1	305360	308320
1	308320	311520
1	311520	313960
1	313960	317520
1	317520	321040
1	321040	323000
1	323000	327120
1	327120	332120
1	332120	334320
1	334320	338400
1	338400	340920
1	340920	345080
1	345080	347240
1	347240	349000
1	349000	354600
1	354600	364120
2	364120	378320
2	378320	381080
2	381080	386040
2	386040	388560
2	388560	391440
2	391440	401280
2	401280	404000
2	404000	410720
2	410720	415400
2	415400	417520
2	417520	422600
2	422600	424280
2	424280	428680
2	428680	431120
2	431120	432280
2	432280	434560
2	434560	439880
2	439880	442640
2	442640	446240
2	446240	449720
2	449720	452520
2	452520	456280
2	456280	459960
2	459960	461840
2	461840	464600
2	464600	466960
2	466960	470120
2	470120	478160
2	478160	482920
2	482920	484840
2	484840	485680
2	485680	487280
2	487280	490200
2	490200	498000
2	498000	501960
2	501960	507960
2	507960	510360
2	510360	513480
2	513480	517280
2	517280	519600
2	519600	521040
2	521040	529000
2	529000	535880
2	535880	538240
2	538240	539880
2	539880	548960
2	548960	558280
2	558280	559960
2	559960	562840
2	562840	565800
2	565800	574800
2	574800	580240
2	580240	590920
3	590920	597040
3	597040	622240
3	622240	626680
3	626680	631760
3	631760	636560
3	636560	639720
3	639720	643840
3	643840	645480
3	645480	647640
3	647640	649480
3	649480	654640
3	654640	658520
3	658520	661880
3	661880	665440
3	665440	669280
3	669280	671880
3	671880	684240
3	684240	694880
3	694880	697200
3	697200	701760
4	701760	733160
4	733160	739960
5	739960	756840
5	756840	759320
5	759320	770320
5	770320	775160
5	775160	778520
5	778520	782240
5	782240	790720
5	790720	797080
5	797080	804120
5	804120	808120
5	808120	810000
5	810000	817880
5	817880	819920
6	819920	837040
6	837040	851800
6	851800	879080
6	879080	880080
6	880080	883240
6	883240	885480
6	885480	889240
6	889240	896920
6	896920	898800
6	898800	899920
6	899920	904680
6	904680	907440
6	907440	928200
6	928200	941040
6	941040	943480
6	943480	951400
6	951400	954360
6	954360	956280
6	956280	960240
6	960240	966680
6	966680	970360
6	970360	975200
6	975200	976760
6	976760	979480
6	979480	984720
6	984720	989280
6	989280	992400
6	992400	997480
6	997480	1002240
6	1002240	1004280
6	1004280	1008600
6	1008600	1012600
6	1012600	1019440
6	1019440	1022560
6	1022560	1024320
6	1024320	1027920
6	1027920	1049000
7	1049000	1063600
7	1063600	1082280
7	1082280	1094040
7	1094040	1102040
7	1102040	1106640
7	1106640	1112280
7	1112280	1114520
7	1114520	1118000
7	1118000	1119520
7	1119520	1121640
7	1121640	1125040
7	1125040	1127400
7	1127400	1129640
7	1129640	1135440
7	1135440	1139960
7	1139960	1142800
7	1142800	1147880
8	1147880	1147960
8	1147960	1148720
8	1148720	1148800
8	1148800	1150520
8	1150520	1158920
8	1158920	1163440
8	1163440	1166560
8	1166560	1168120
8	1168120	1171160
8	1171160	1173560
8	1173560	1177120
8	1177120	1179320
8	1179320	1182280
8	1182280	1185160
8	1185160	1194040
8	1194040	1198880
8	1198880	1205800
8	1205800	1208600
8	1208600	1210760
8	1210760	1216840
8	1216840	1219680
8	1219680	1222120
8	1222120	1226720
8	1226720	1226840
8	1226840	1228240
8	1228240	1231000
8	1231000	1237880
8	1237880	1243840
8	1243840	1248520
8	1248520	1253800
8	1253800	1259080
8	1259080	1272120
8	1272120	1275280
8	1275280	1276760
8	1276760	1277160
8	1277160	1278200
8	1278200	1281760
8	1281760	1282600
8	1282600	1286600
8	1286600	1289160
8	1289160	1292080
8	1292080	1295640
8	1295640	1301760
8	1301760	1301840
8	1301840	1304920
8	1304920	1306280
8	1306280	1310640
8	1310640	1312600
8	1312600	1316760
8	1316760	1319720
8	1319720	1321640
8	1321640	1323120
8	1323120	1323920
8	1323920	1324000
8	1324000	1324960
8	1324960	1328000
8	1328000	1332160
8	1332160	1336880
8	1336880	1338720
8	1338720	1341040
8	1341040	1347040
8	1347040	1348520
8	1348520	1354720
8	1354720	1358400
8	1358400	1361000
8	1361000	1363880
8	1363880	1366080
8	1366080	1370000
8	1370000	1372400
8	1372400	1373600
8	1373600	1377000
9	1377000	1407120
10	1407120	1420280
10	1420280	1424520
10	1424520	1429880
10	1429880	1438920
10	1438920	1445760
10	1445760	1448400
10	1448400	1452600
10	1452600	1454600
10	1454600	1460240
10	1460240	1462640
10	1462640	1466800
10	1466800	1470000
10	1470000	1472840
10	1472840	1475320
10	1475320	1477800
10	1477800	1487160
10	1487160	1488040
10	1488040	1488320
10	1488320	1488400
10	1488400	1488680
10	1488680	1497640
10	1497640	1500720
10	1500720	1503320
10	1503320	1507160
10	1507160	1510600
10	1510600	1512600
10	1512600	1520520
10	1520520	1525320
10	1525320	1527200
10	1527200	1528960
10	1528960	1533680
10	1533680	1535720
10	1535720	1537880
10	1537880	1538560
10	1538560	1542640
10	1542640	1545040
10	1545040	1549520
10	1549520	1550240
10	1550240	1553160
10	1553160	1554600
10	1554600	1555960
10	1555960	1557320
10	1557320	1558880
10	1558880	1561360
10	1561360	1566000
10	1566000	1567840
10	1567840	1572040
10	1572040	1578600
10	1578600	1583400
10	1583400	1586240
10	1586240	1588200
10	1588200	1593680
10	1593680	1596920
10	1596920	1599720
10	1599720	1600120
10	1600120	1600600
10	1600600	1600800
10	1600800	1601200
10	1601200	1601640
10	1601640	1605320
10	1605320	1605600
10	1605600	1605680
10	1605680	1606200
10	1606200	1606280
10	1606280	1607000
10	1607000	1607120
10	1607120	1607760
10	1607760	1609640
10	1609640	1610040
10	1610040	1611200
10	1611200	1613320
10	1613320	1614080
10	1614080	1614920
10	1614920	1615240
10	1615240	1616120
10	1616120	1616240
10	1616240	1617160
10	1617160	1618480
10	1618480	1623600
10	1623600	1626400
10	1626400	1628040
10	1628040	1629160
10	1629160	1632360
10	1632360	1633880
10	1633880	1635480
10	1635480	1639200
10	1639200	1641400
10	1641400	1644640
11	1644640	1648760
11	1648760	1650400
11	1650400	1652480
11	1652480	1654280
11	1654280	1655440
11	1655440	1657160
11	1657160	1660240
11	1660240	1664760
11	1664760	1667760
11	1667760	1669560
11	1669560	1670960
11	1670960	1673240
11	1673240	1676080
11	1676080	1678840
11	1678840	1682200
11	1682200	1684240
11	1684240	1687720
11	1687720	1691800
11	1691800	1694360
11	1694360	1699680
11	1699680	1701520
11	1701520	1708560
11	1708560	1712920
11	1712920	1715800
11	1715800	1718640
11	1718640	1720560
11	1720560	1725680
11	1725680	1727960
11	1727960	1730480
11	1730480	1732000
11	1732000	1737040
11	1737040	1740480
11	1740480	1744360
11	1744360	1750080
11	1750080	1755880
11	1755880	1758720
11	1758720	1760360
11	1760360	1762280
11	1762280	1764640
11	1764640	1766800
11	1766800	1771600
11	1771600	1776640
11	1776640	1778680
11	1778680	1781200
11	1781200	1783280
11	1783280	1784600
11	1784600	1785800
11	1785800	1786960
11	1786960	1788720
11	1788720	1790360
11	1790360	1792280
11	1792280	1795960
11	1795960	1798880
11	1798880	1801200
11	1801200	1804000
11	1804000	1805920
11	1805920	1807320
11	1807320	1808760
11	1808760	1809960
11	1809960	1811800
11	1811800	1814240
11	1814240	1821680
11	1821680	1821880
12	1821880	1838040
12	1838040	1848840
12	1848840	1858960
12	1858960	1862880
12	1862880	1889320
12	1889320	1894720
12	1894720	1898120
12	1898120	1900720
12	1900720	1903560
12	1903560	1905800
12	1905800	1907880
12	1907880	1916280
12	1916280	1920280
12	1920280	1922480
12	1922480	1924800
12	1924800	1929040
12	1929040	1934000
12	1934000	1937920
12	1937920	1939880
12	1939880	1949040
12	1949040	1954360
12	1954360	1966240
12	1966240	1967240
12	1967240	1970320
12	1970320	1996320
12	1996320	1998960
12	1998960	2000600
12	2000600	2001560
12	2001560	2002880
12	2002880	2004760
12	2004760	2007680
12	2007680	2014360
12	2014360	2021800
13	2021800	2033000
13	2033000	2037120
13	2037120	2044560
13	2044560	2047840
13	2047840	2052320
13	2052320	2057600
13	2057600	2060640
13	2060640	2061880
13	2061880	2066160
13	2066160	2068880
13	2068880	2071120
13	2071120	2072800
13	2072800	2075720
13	2075720	2078120
13	2078120	2080000
13	2080000	2085360
13	2085360	2087160
13	2087160	2092080
13	2092080	2096320
13	2096320	2116440
14	2116440	2133880
14	2133880	2151320
14	2151320	2153520
14	2153520	2156720
14	2156720	2159680
14	2159680	2161360
14	2161360	2165360
14	2165360	2171720
14	2171720	2179200
14	2179200	2187680
14	2187680	2190480
14	2190480	2192840
14	2192840	2201240
14	2201240	2207040
14	2207040	2210600
14	2210600	2214280
14	2214280	2217520
14	2217520	2219520
14	2219520	2222960
14	2222960	2225760
14	2225760	2227360
14	2227360	2228440
14	2228440	2230200
14	2230200	2231040
14	2231040	2232240
14	2232240	2233800
14	2233800	2236800
14	2236800	2239680
14	2239680	2241240
14	2241240	2246520
14	2246520	2249640
14	2249640	2253240
14	2253240	2260120
14	2260120	2263320
14	2263320	2268200
14	2268200	2275000
15	2275000	2280920
15	2280920	2285080
15	2285080	2298840
15	2298840	2302680
15	2302680	2312160
15	2312160	2315120
15	2315120	2316840
15	2316840	2318320
15	2318320	2323960
15	2323960	2328480
15	2328480	2332160
15	2332160	2334320
15	2334320	2346720
15	2346720	2348360
15	2348360	2349960
15	2349960	2354480
15	2354480	2356880
15	2356880	2362760
15	2362760	2367160
15	2367160	2372040
15	2372040	2377480
15	2377480	2380120
15	2380120	2382080
15	2382080	2385120
15	2385120	2387560
15	2387560	2392520
15	2392520	2395720
15	2395720	2401520
15	2401520	2407360
15	2407360	2415320
15	2415320	2422800
15	2422800	2428320
16	2428320	2436800
16	2436800	2446480
16	2446480	2455160
16	2455160	2460280
16	2460280	2464440
16	2464440	2466640
16	2466640	2469600
16	2469600	2474240
16	2474240	2477680
16	2477680	2481000
16	2481000	2483640
16	2483640	2488040
16	2488040	2491720
16	2491720	2494040
16	2494040	2500000
16	2500000	2503400
16	2503400	2508840
16	2508840	2513800
16	2513800	2519240
16	2519240	2522840
16	2522840	2524160
16	2524160	2527880
16	2527880	2536680
16	2536680	2540440
16	2540440	2543240
16	2543240	2551440
16	2551440	2555520
16	2555520	2575440
16	2575440	2583240
16	2583240	2591480
17	2591480	2598800
17	2598800	2628960
17	2628960	2637040
17	2637040	2641480
17	2641480	2652720
17	2652720	2660560
17	2660560	2664160
17	2664160	2667160
17	2667160	2671720
17	2671720	2674280
17	2674280	2682480
17	2682480	2686240
17	2686240	2689440
17	2689440	2691840
17	2691840	2694440
17	2694440	2695480
17	2695480	2696720
17	2696720	2697600
17	2697600	2699840
17	2699840	2702240
17	2702240	2704120
17	2704120	2706920
17	2706920	2709680
17	2709680	2712640
17	2712640	2718640
17	2718640	2720920
17	2720920	2722360
17	2722360	2730640
18	2730640	2739080
18	2739080	2745680
18	2745680	2754480
18	2754480	2776880
18	2776880	2784240
18	2784240	2792840
18	2792840	2800560
18	2800560	2802560
18	2802560	2805400
18	2805400	2807640
18	2807640	2810600
18	2810600	2812520
18	2812520	2813520
18	2813520	2816840
18	2816840	2824880
18	2824880	2826800
18	2826800	2829840
18	2829840	2831360
18	2831360	2835320
18	2835320	2837240
18	2837240	2839200
18	2839200	2841800
18	2841800	2844880
18	2844880	2846240
18	2846240	2847320
18	2847320	2848320
18	2848320	2849120
18	2849120	2851160
18	2851160	2855680
18	2855680	2857040
18	2857040	2858320
18	2858320	2859760
18	2859760	2860760
18	2860760	2861720
18	2861720	2863600
18	2863600	2865160
18	2865160	2865960
18	2865960	2870360
18	2870360	2875000
19	2875000	2878040
19	2878040	2882520
19	2882520	2888160
19	2888160	2889560
19	2889560	2892120
19	2892120	2893480
19	2893480	2895480
19	2895480	2901480
19	2901480	2907040
19	2907040	2908640
19	2908640	2914360
19	2914360	2917280
19	2917280	2920760
19	2920760	2931560
20	2931560	2936640
20	2936640	2952040
20	2952040	3031920
