shot	start	end
0	0	1240
0	1240	1320
0	1320	6680
0	6680	11160
0	11160	11480
0	11480	19760
0	19760	21840
0	21840	23600
0	23600	25560
0	25560	27000
0	27000	30680
0	30680	36600
0	36600	41560
0	41560	46320
0	46320	52400
0	52400	54920
0	54920	56880
0	56880	58960
0	58960	59800
0	59800	60040
0	60040	60360
0	60360	62360
0	62360	70960
0	70960	72560
0	72560	73840
0	73840	90120
0	90120	94520
0	94520	109960
1	109960	113200
1	113200	116240
1	116240	118680
1	118680	121160
1	121160	122360
1	122360	123360
1	123360	124280
1	124280	125480
1	125480	126840
1	126840	128520
1	128520	130040
1	130040	133600
1	133600	136200
1	136200	137320
1	137320	138600
1	138600	141480
1	141480	142080
1	142080	142680
1	142680	143560
1	143560	144520
1	144520	145640
1	145640	147000
2	147000	149600
2	149600	151160
2	151160	152360
2	152360	153600
2	153600	155000
2	155000	157440
2	157440	159760
2	159760	162720
2	162720	165120
2	165120	166640
2	166640	168760
2	168760	169800
2	169800	178840
2	178840	180360
2	180360	185480
2	185480	187000
2	187000	190200
2	190200	191640
2	191640	193760
2	193760	196720
2	196720	205800
2	205800	212640
2	212640	215200
2	215200	217160
2	217160	222320
2	222320	225640
2	225640	227400
2	227400	229640
2	229640	231240
2	231240	233560
3	233560	240800
3	240800	246640
3	246640	248040
3	248040	252680
3	252680	254480
3	254480	257240
3	257240	261920
3	261920	269480
3	269480	273560
3	273560	275840
3	275840	280280
3	280280	282400
3	282400	292320
3	292320	298640
3	298640	303240
3	303240	306560
3	306560	310080
3	310080	311640
3	311640	313520
3	313520	317600
3	317600	320360
3	320360	322400
3	322400	327240
3	327240	331040
3	331040	335520
3	335520	338200
3	338200	340680
3	340680	343080
3	343080	348560
3	348560	350560
3	350560	352040
3	352040	353440
3	353440	354840
3	354840	356360
3	356360	358720
3	358720	368240
3	368240	370680
3	370680	372000
3	372000	373960
3	373960	375720
3	375720	378640
3	378640	381520
3	381520	384600
3	384600	386960
3	386960	389920
3	389920	392440
3	392440	393920
3	393920	396560
3	396560	398640
3	398640	404200
3	404200	407560
3	407560	413120
3	413120	416120
3	416120	417960
3	417960	419920
3	419920	422240
3	422240	426320
3	426320	428320
3	428320	429800
3	429800	430440
3	430440	431280
3	431280	432040
3	432040	433080
3	433080	434760
3	434760	440840
3	440840	443000
3	443000	444920
3	444920	446920
3	446920	448720
3	448720	450920
3	450920	452600
3	452600	455520
3	455520	457680
3	457680	460240
3	460240	463440
3	463440	465400
3	465400	466320
3	466320	467560
3	467560	469080
3	469080	470800
3	470800	473720
3	473720	476320
3	476320	479200
3	479200	480640
3	480640	482920
3	482920	485840
3	485840	490360
3	490360	495360
3	495360	496880
3	496880	504360
3	504360	506240
3	506240	507120
3	507120	507960
3	507960	508800
3	508800	509640
3	509640	516480
3	516480	519320
3	519320	521680
3	521680	524440
3	524440	525600
3	525600	527560
3	527560	529360
3	529360	531760
3	531760	534600
3	534600	535800
3	535800	538000
3	538000	539640
3	539640	542760
3	542760	545000
3	545000	549840
3	549840	552360
3	552360	554400
3	554400	555680
3	555680	556840
3	556840	557480
3	557480	558120
3	558120	558760
3	558760	561000
3	561000	561760
3	561760	562400
3	562400	564760
3	564760	567760
3	567760	568720
3	568720	578880
4	578880	586960
4	586960	589240
4	589240	592960
4	592960	598600
4	598600	610320
4	610320	616040
4	616040	630640
4	630640	639520
4	639520	647640
4	647640	654840
4	654840	686040
4	686040	691760
4	691760	698800
4	698800	701560
4	701560	704560
4	704560	706360
4	706360	708440
4	708440	710560
4	710560	713720
4	713720	716800
4	716800	719280
4	719280	722720
4	722720	727640
4	727640	733360
5	733360	735160
5	735160	736640
5	736640	739400
5	739400	742240
5	742240	748040
5	748040	751720
5	751720	754600
5	754600	757040
5	757040	760800
5	760800	762560
5	762560	764400
5	764400	766000
5	766000	769880
5	769880	772280
5	772280	774880
5	774880	777160
5	777160	778720
5	778720	781680
5	781680	782880
5	782880	785320
5	785320	788240
5	788240	794240
5	794240	796400
5	796400	801240
5	801240	803520
5	803520	806200
5	806200	807440
5	807440	809280
5	809280	811280
5	811280	812680
5	812680	813640
5	813640	815280
5	815280	817520
5	817520	819920
5	819920	822800
5	822800	825960
5	825960	827240
5	827240	829720
5	829720	831400
5	831400	835800
5	835800	840800
5	840800	842440
5	842440	845640
5	845640	846960
5	846960	848160
5	848160	850320
5	850320	853840
5	853840	861480
5	861480	865080
5	865080	868760
5	868760	872840
5	872840	876960
5	876960	882080
5	882080	889920
5	889920	892240
5	892240	894320
5	894320	895880
5	895880	897440
5	897440	898920
5	898920	900400
5	900400	901880
5	901880	903400
5	903400	907440
5	907440	908880
5	908880	911240
5	911240	913840
5	913840	916560
5	916560	920000
5	920000	923040
5	923040	924560
5	924560	927360
5	927360	931360
5	931360	937560
5	937560	940640
5	940640	942600
5	942600	944800
5	944800	948440
5	948440	950600
5	950600	955800
5	955800	958200
5	958200	959800
5	959800	961840
5	961840	964720
5	964720	968000
5	968000	968720
5	968720	969800
5	969800	971240
5	971240	971880
5	971880	972680
5	972680	975880
5	975880	978000
5	978000	980560
5	980560	988560
5	988560	990960
5	990960	992560
5	992560	994920
5	994920	997840
6	997840	1007760
6	1007760	1009760
6	1009760	1011760
6	1011760	1013920
6	1013920	1014960
6	1014960	1016560
6	1016560	1018160
6	1018160	1019920
6	1019920	1021040
6	1021040	1022880
6	1022880	1023440
6	1023440	1025400
6	1025400	1026560
6	1026560	1027440
6	1027440	1028400
6	1028400	1030000
6	1030000	1030600
6	1030600	1031800
6	1031800	1032560
6	1032560	1034440
6	1034440	1035840
6	1035840	1037360
6	1037360	1038120
6	1038120	1039320
6	1039320	1041120
6	1041120	1043080
6	1043080	1046400
6	1046400	1048120
6	1048120	1049280
6	1049280	1050600
6	1050600	1054240
6	1054240	1055520
6	1055520	1057920
6	1057920	1058880
6	1058880	1059680
6	1059680	1061520
6	1061520	1068120
6	1068120	1070680
6	1070680	1073000
6	1073000	1074280
6	1074280	1076920
6	1076920	1078400
6	1078400	1082600
6	1082600	1085080
6	1085080	1087720
6	1087720	1090960
6	1090960	1094160
6	1094160	1097320
6	1097320	1104640
6	1104640	1105800
6	1105800	1106600
6	1106600	1109240
6	1109240	1110400
6	1110400	1111520
6	1111520	1112760
6	1112760	1116080
6	1116080	1118760
6	1118760	1123200
6	1123200	1125080
6	1125080	1126320
6	1126320	1128320
6	1128320	1132760
6	1132760	1134280
6	1134280	1136360
6	1136360	1140240
6	1140240	1145440
6	1145440	1152040
6	1152040	1154560
6	1154560	1156400
6	1156400	1158280
6	1158280	1160800
6	1160800	1164240
6	1164240	1166600
6	1166600	1168720
6	1168720	1170400
6	1170400	1179360
6	1179360	1181440
6	1181440	1185480
6	1185480	1187080
6	1187080	1189920
6	1189920	1191680
6	1191680	1193480
6	1193480	1195400
6	1195400	1200200
6	1200200	1201600
6	1201600	1203120
6	1203120	1204000
6	1204000	1205760
6	1205760	1208600
6	1208600	1213600
6	1213600	1227760
6	1227760	1230800
6	1230800	1240920
6	1240920	1243840
6	1243840	1244680
6	1244680	1247400
6	1247400	1249640
6	1249640	1253040
6	1253040	1254520
6	1254520	1256160
6	1256160	1257800
6	1257800	1261480
6	1261480	1264200
6	1264200	1266600
6	1266600	1270080
6	1270080	1271560
6	1271560	1273360
6	1273360	1275440
6	1275440	1277520
6	1277520	1278920
6	1278920	1279440
6	1279440	1282920
6	1282920	1284200
6	1284200	1286120
6	1286120	1287480
6	1287480	1289160
6	1289160	1292440
6	1292440	1293720
6	1293720	1295560
6	1295560	1296760
6	1296760	1300280
6	1300280	1304800
6	1304800	1307760
6	1307760	1309960
6	1309960	1311280
6	1311280	1313280
6	1313280	1314560
6	1314560	1317200
6	1317200	1318800
6	1318800	1320160
6	1320160	1321960
6	1321960	1322760
6	1322760	1325120
6	1325120	1326480
6	1326480	1327880
6	1327880	1330480
6	1330480	1331440
6	1331440	1332320
6	1332320	1333600
6	1333600	1334320
6	1334320	1336800
6	1336800	1339840
6	1339840	1342000
6	1342000	1344880
6	1344880	1346440
6	1346440	1349080
6	1349080	1350560
6	1350560	1352120
6	1352120	1353520
6	1353520	1354920
6	1354920	1356240
6	1356240	1357000
6	1357000	1358680
6	1358680	1360080
6	1360080	1361080
6	1361080	1362280
6	1362280	1363760
7	1363760	1367880
7	1367880	1371120
7	1371120	1373440
7	1373440	1376480
7	1376480	1380000
7	1380000	1385960
7	1385960	1389000
7	1389000	1392640
7	1392640	1414280
7	1414280	1418440
7	1418440	1426360
7	1426360	1429520
7	1429520	1431480
7	1431480	1432760
7	1432760	1434640
7	1434640	1435760
7	1435760	1438840
7	1438840	1440800
7	1440800	1442600
7	1442600	1444480
7	1444480	1451080
8	1451080	1453880
8	1453880	1456120
8	1456120	1458200
8	1458200	1459720
8	1459720	1462000
8	1462000	1463480
8	1463480	1467240
8	1467240	1468960
8	1468960	1470120
8	1470120	1471680
8	1471680	1473000
8	1473000	1474640
8	1474640	1477040
8	1477040	1480280
8	1480280	1481400
8	1481400	1483400
8	1483400	1484320
8	1484320	1485520
8	1485520	1486160
8	1486160	1488000
8	1488000	1489920
8	1489920	1491240
8	1491240	1493360
8	1493360	1494840
8	1494840	1495480
8	1495480	1498440
8	1498440	1499080
8	1499080	1500320
8	1500320	1501400
8	1501400	1502680
8	1502680	1504120
8	1504120	1506120
8	1506120	1509720
8	1509720	1512400
8	1512400	1514880
8	1514880	1516560
8	1516560	1519960
8	1519960	1520800
8	1520800	1523040
8	1523040	1526000
8	1526000	1527720
8	1527720	1529680
8	1529680	1530720
8	1530720	1535520
8	1535520	1542680
8	1542680	1543480
8	1543480	1544120
8	1544120	1546080
8	1546080	1547320
8	1547320	1549920
8	1549920	1551920
8	1551920	1553280
8	1553280	1553920
8	1553920	1557720
8	1557720	1560360
8	1560360	1561720
8	1561720	1563600
8	1563600	1566720
8	1566720	1569120
8	1569120	1571920
8	1571920	1573240
8	1573240	1574520
8	1574520	1575280
8	1575280	1577120
8	1577120	1578720
8	1578720	1579960
8	1579960	1581200
8	1581200	1586520
8	1586520	1588440
8	1588440	1603080
8	1603080	1605520
8	1605520	1607480
8	1607480	1608800
8	1608800	1610040
8	1610040	1610840
8	1610840	1612760
8	1612760	1621960
8	1621960	1623240
8	1623240	1624560
8	1624560	1625120
8	1625120	1625560
8	1625560	1625840
8	1625840	1626120
8	1626120	1626680
8	1626680	1627160
8	1627160	1629560
8	1629560	1637200
8	1637200	1639200
8	1639200	1640840
8	1640840	1642480
8	1642480	1643400
8	1643400	1644600
8	1644600	1645960
8	1645960	1647080
8	1647080	1649760
8	1649760	1650880
8	1650880	1652360
8	1652360	1653960
8	1653960	1654920
8	1654920	1656120
8	1656120	1657160
8	1657160	1659360
8	1659360	1661200
8	1661200	1662120
8	1662120	1662720
8	1662720	1663640
8	1663640	1664560
8	1664560	1665480
8	1665480	1666280
8	1666280	1666640
8	1666640	1667360
8	1667360	1667920
8	1667920	1668600
8	1668600	1669520
8	1669520	1670120
8	1670120	1671080
8	1671080	1671720
8	1671720	1672440
8	1672440	1673120
8	1673120	1673840
8	1673840	1674600
8	1674600	1675200
8	1675200	1676240
8	1676240	1678480
8	1678480	1680240
8	1680240	1685680
8	1685680	1686680
8	1686680	1687440
8	1687440	1690520
8	1690520	1691520
8	1691520	1692680
8	1692680	1697760
8	1697760	1700560
8	1700560	1702240
8	1702240	1703880
8	1703880	1705640
8	1705640	1707040
8	1707040	1711160
9	1711160	1720040
9	1720040	1727640
9	1727640	1729920
9	1729920	1733560
9	1733560	1735800
9	1735800	1740920
9	1740920	1745640
9	1745640	1749360
9	1749360	1751520
9	1751520	1753640
9	1753640	1755960
9	1755960	1757360
9	1757360	1758920
9	1758920	1761400
9	1761400	1766560
9	1766560	1769840
9	1769840	1771480
9	1771480	1780840
9	1780840	1782600
9	1782600	1784200
9	1784200	1788680
9	1788680	1793840
9	1793840	1794760
9	1794760	1796880
9	1796880	1800120
9	1800120	1801960
9	1801960	1803440
9	1803440	1804840
9	1804840	1806960
9	1806960	1807560
9	1807560	1809280
9	1809280	1814800
9	1814800	1819400
9	1819400	1825120
9	1825120	1830840
9	1830840	1835000
9	1835000	1836960
9	1836960	1841320
9	1841320	1845520
9	1845520	1848960
9	1848960	1850360
9	1850360	1851680
9	1851680	1853480
9	1853480	1859400
9	1859400	1864560
9	1864560	1867000
9	1867000	1871880
9	1871880	1876600
9	1876600	1877760
9	1877760	1879160
9	1879160	1882680
9	1882680	1884760
9	1884760	1885960
9	1885960	1888760
9	1888760	1891520
9	1891520	1895760
9	1895760	1897000
9	1897000	1898960
9	1898960	1904080
9	1904080	1906720
9	1906720	1909280
9	1909280	1912720
9	1912720	1916200
9	1916200	1925840
9	1925840	1927560
9	1927560	1929120
9	1929120	1937040
9	1937040	1939160
9	1939160	1941680
9	1941680	1943400
9	1943400	1949480
9	1949480	1951480
9	1951480	1956240
9	1956240	1957920
9	1957920	1962800
9	1962800	1965040
9	1965040	1968000
9	1968000	1972920
9	1972920	1976200
9	1976200	1979000
10	1979000	1981720
10	1981720	1984720
10	1984720	1987720
10	1987720	1989680
10	1989680	1993000
10	1993000	1997200
10	1997200	2015440
10	2015440	2019320
10	2019320	2021440
10	2021440	2027840
10	2027840	2030680
10	2030680	2039120
10	2039120	2044520
10	2044520	2046560
10	2046560	2049000
10	2049000	2051600
10	2051600	2053840
10	2053840	2056120
10	2056120	2061800
10	2061800	2065400
10	2065400	2068960
10	2068960	2070640
10	2070640	2073440
10	2073440	2074160
10	2074160	2075360
10	2075360	2078360
10	2078360	2084520
10	2084520	2087800
10	2087800	2092800
10	2092800	2094840
10	2094840	2101040
10	2101040	2102680
10	2102680	2103920
10	2103920	2105400
10	2105400	2107000
10	2107000	2108760
10	2108760	2117120
10	2117120	2120400
10	2120400	2122920
11	2122920	2131520
11	2131520	2136440
11	2136440	2139960
11	2139960	2144040
11	2144040	2145120
11	2145120	2145880
11	2145880	2147600
11	2147600	2150360
11	2150360	2151960
11	2151960	2153600
11	2153600	2155560
11	2155560	2157800
11	2157800	2158920
11	2158920	2160640
11	2160640	2162600
11	2162600	2165400
11	2165400	2167680
11	2167680	2169680
11	2169680	2171120
11	2171120	2172880
11	2172880	2173760
11	2173760	2174640
11	2174640	2175840
11	2175840	2176600
11	2176600	2177400
11	2177400	2178200
11	2178200	2179640
11	2179640	2180800
11	2180800	2181800
11	2181800	2191320
11	2191320	2192400
11	2192400	2193520
11	2193520	2195400
11	2195400	2198520
11	2198520	2200360
11	2200360	2202200
11	2202200	2203160
11	2203160	2203800
11	2203800	2208200
11	2208200	2209240
11	2209240	2210160
11	2210160	2213560
11	2213560	2214680
11	2214680	2217240
11	2217240	2219360
11	2219360	2221400
11	2221400	2224320
11	2224320	2226880
11	2226880	2228000
11	2228000	2228680
11	2228680	2230240
11	2230240	2231480
11	2231480	2233040
11	2233040	2236640
12	2236640	2247560
12	2247560	2254600
12	2254600	2258000
12	2258000	2263000
12	2263000	2265320
12	2265320	2270600
12	2270600	2273760
12	2273760	2276000
12	2276000	2281080
12	2281080	2283800
12	2283800	2286280
12	2286280	2288800
12	2288800	2291960
12	2291960	2299040
12	2299040	2301000
12	2301000	2302200
12	2302200	2303760
12	2303760	2305600
12	2305600	2306840
12	2306840	2308880
12	2308880	2311040
12	2311040	2313080
12	2313080	2315040
12	2315040	2318000
12	2318000	2321080
12	2321080	2323160
12	2323160	2326960
12	2326960	2330240
12	2330240	2332200
12	2332200	2336800
12	2336800	2339360
12	2339360	2342000
12	2342000	2344440
12	2344440	2347200
12	2347200	2353360
12	2353360	2354920
12	2354920	2356000
12	2356000	2358520
12	2358520	2360160
12	2360160	2362080
12	2362080	2363640
12	2363640	2364880
12	2364880	2366960
12	2366960	2369880
12	2369880	2371280
12	2371280	2374640
12	2374640	2376560
12	2376560	2383040
12	2383040	2384640
12	2384640	2386520
12	2386520	2389960
12	2389960	2392760
12	2392760	2395560
12	2395560	2396720
12	2396720	2399600
12	2399600	2401680
12	2401680	2403880
12	2403880	2407960
12	2407960	2425080
12	2425080	2431840
12	2431840	2441200
13	2441200	2448560
13	2448560	2452520
13	2452520	2458000
13	2458000	2462480
13	2462480	2469160
13	2469160	2473480
13	2473480	2475920
13	2475920	2478040
13	2478040	2479040
13	2479040	2480280
13	2480280	2485400
13	2485400	2488720
13	2488720	2494760
13	2494760	2497120
13	2497120	2499000
13	2499000	2501240
13	2501240	2503800
13	2503800	2507000
13	2507000	2510360
13	2510360	2516560
13	2516560	2529000
13	2529000	2530880
13	2530880	2534800
13	2534800	2537400
13	2537400	2540320
13	2540320	2542920
13	2542920	2549760
13	2549760	2554800
13	2554800	2568480
13	2568480	2570120
13	2570120	2582160
13	2582160	2586960
13	2586960	2597720
14	2597720	2601080
14	2601080	2605000
14	2605000	2609400
14	2609400	2611200
14	2611200	2612640
14	2612640	2614480
14	2614480	2616560
14	2616560	2617440
14	2617440	2619040
14	2619040	2621080
14	2621080	2623360
14	2623360	2626160
14	2626160	2628240
14	2628240	2629920
14	2629920	2631520
14	2631520	2633800
14	2633800	2636560
14	2636560	2640200
14	2640200	2642120
14	2642120	2644240
14	2644240	2648680
14	2648680	2652120
14	2652120	2654480
14	2654480	2658200
14	2658200	2661720
14	2661720	2664040
14	2664040	2668800
14	2668800	2670440
14	2670440	2675440
15	2675440	2680760
15	2680760	2685720
15	2685720	2687920
15	2687920	2690760
15	2690760	2693920
15	2693920	2696640
15	2696640	2699080
15	2699080	2701480
15	2701480	2704320
15	2704320	2707560
15	2707560	2710000
15	2710000	2715240
15	2715240	2721840
15	2721840	2728200
15	2728200	2733680
15	2733680	2735680
15	2735680	2742040
15	2742040	2745280
15	2745280	2750400
15	2750400	2753360
15	2753360	2755480
15	2755480	2756880
15	2756880	2760720
15	2760720	2768280
15	2768280	2775200
15	2775200	2779440
16	2779440	2789760
16	2789760	2794720
16	2794720	2799440
16	2799440	2802320
16	2802320	2805080
16	2805080	2806600
16	2806600	2808520
16	2808520	2809840
16	2809840	2815120
16	2815120	2817000
16	2817000	2818200
16	2818200	2821760
16	2821760	2830040
17	2830040	2861960
17	2861960	2871920
17	2871920	2875720
17	2875720	2876680
17	2876680	2878320
17	2878320	2880760
17	2880760	2883920
17	2883920	2891600
17	2891600	2896480
17	2896480	2897360
17	2897360	2898840
17	2898840	2899880
17	2899880	2900880
17	2900880	2902200
17	2902200	2904160
17	2904160	2915240
17	2915240	2919240
18	2919240	2932920
18	2932920	2942440
18	2942440	2946720
18	2946720	2949120
18	2949120	2956760
18	2956760	2960240
18	2960240	2962720
18	2962720	2965280
18	2965280	2967560
18	2967560	2970280
18	2970280	2971080
18	2971080	2973080
18	2973080	2975760
18	2975760	2977120
18	2977120	2978520
18	2978520	2980400
18	2980400	2981960
18	2981960	2984680
18	2984680	2986480
18	2986480	2989040
18	2989040	2990000
18	2990000	2991760
18	2991760	2993600
18	2993600	2996880
18	2996880	2998240
18	2998240	3000520
18	3000520	3001520
18	3001520	3005040
18	3005040	3007280
18	3007280	3008200
18	3008200	3009920
18	3009920	3017080
18	3017080	3017200
18	3017200	3028080
19	3028080	3106800
