shot	start	end
0	0	8520
0	8520	12720
0	12720	17880
0	17880	19480
0	19480	21760
0	21760	29480
0	29480	53880
0	53880	56080
0	56080	69640
0	69640	71320
0	71320	76560
0	76560	76680
0	76680	78640
0	78640	84480
0	84480	85520
0	85520	86920
0	86920	87960
0	87960	99400
0	99400	101720
0	101720	111320
0	111320	113240
0	113240	114680
0	114680	115720
0	115720	116560
0	116560	121760
0	121760	125920
0	125920	128360
0	128360	131000
0	131000	132160
0	132160	133960
0	133960	136920
0	136920	137120
0	137120	146080
0	146080	151640
0	151640	162120
0	162120	174760
0	174760	177680
0	177680	178840
0	178840	181800
0	181800	192320
0	192320	196240
1	196240	199320
1	199320	213520
2	213520	221560
2	221560	238160
2	238160	249880
2	249880	255280
2	255280	259920
2	259920	264160
2	264160	278880
2	278880	283000
2	283000	287000
2	287000	296080
2	296080	298520
2	298520	308040
2	308040	312920
2	312920	314800
2	314800	319760
2	319760	322920
2	322920	326120
2	326120	342520
2	342520	349360
2	349360	349920
2	349920	360960
2	360960	382760
2	382760	396720
3	396720	407600
3	407600	409720
3	409720	411280
3	411280	412920
3	412920	422200
3	422200	429000
3	429000	431560
3	431560	435880
3	435880	440880
3	440880	449480
3	449480	457760
3	457760	459440
3	459440	463440
3	463440	465280
3	465280	470920
3	470920	472640
3	472640	478360
3	478360	479880
3	479880	483880
3	483880	488000
3	488000	510040
3	510040	520200
3	520200	522040
3	522040	524520
3	524520	525960
3	525960	530120
4	530120	541320
4	541320	550320
4	550320	564720
4	564720	571040
4	571040	579480
4	579480	594760
4	594760	599880
4	599880	605120
4	605120	608040
4	608040	619080
4	619080	623400
4	623400	624880
4	624880	629720
4	629720	643040
4	643040	647200
4	647200	649880
4	649880	654960
4	654960	658680
4	658680	664280
4	664280	667080
4	667080	673600
4	673600	677360
4	677360	702080
4	702080	705960
4	705960	711920
4	711920	715120
4	715120	726600
4	726600	731920
4	731920	744680
4	744680	753120
4	753120	756960
4	756960	762360
4	762360	775720
4	775720	787000
4	787000	789240
4	789240	791800
4	791800	793920
4	793920	810360
4	810360	814520
4	814520	831960
4	831960	835080
4	835080	840360
5	840360	855440
5	855440	860840
5	860840	866000
5	866000	869880
5	869880	880520
5	880520	884200
5	884200	888800
5	888800	894240
5	894240	898760
5	898760	902640
5	902640	907320
5	907320	915400
5	915400	920320
5	920320	929520
5	929520	938840
5	938840	943480
5	943480	949680
6	949680	951840
6	951840	954600
6	954600	957240
6	957240	967560
6	967560	968440
6	968440	972440
6	972440	975720
6	975720	990440
6	990440	992840
6	992840	994600
6	994600	996200
6	996200	997800
6	997800	999360
6	999360	1001040
6	1001040	1004480
6	1004480	1008200
6	1008200	1019360
6	1019360	1025840
6	1025840	1030560
6	1030560	1034080
6	1034080	1037080
6	1037080	1039840
6	1039840	1041400
6	1041400	1047520
6	1047520	1056320
6	1056320	1060360
6	1060360	1063160
6	1063160	1065160
6	1065160	1068520
6	1068520	1076400
6	1076400	1082880
7	1082880	1091160
7	1091160	1097600
7	1097600	1099600
7	1099600	1104640
7	1104640	1106160
7	1106160	1119240
7	1119240	1123360
7	1123360	1127600
7	1127600	1136760
7	1136760	1143760
7	1143760	1145320
7	1145320	1149400
7	1149400	1150760
7	1150760	1152320
7	1152320	1158640
7	1158640	1161520
7	1161520	1162720
7	1162720	1163960
7	1163960	1165760
7	1165760	1167440
8	1167440	1171280
8	1171280	1172880
8	1172880	1177320
8	1177320	1177560
8	1177560	1185200
8	1185200	1191320
8	1191320	1205720
8	1205720	1212680
8	1212680	1216280
8	1216280	1217840
8	1217840	1224680
8	1224680	1226400
8	1226400	1233960
8	1233960	1236280
8	1236280	1238520
8	1238520	1243160
8	1243160	1246040
8	1246040	1259240
8	1259240	1264400
8	1264400	1267080
8	1267080	1271240
8	1271240	1278680
8	1278680	1280880
8	1280880	1296520
8	1296520	1301840
8	1301840	1306960
8	1306960	1310560
8	1310560	1313440
8	1313440	1318920
8	1318920	1321840
8	1321840	1327160
8	1327160	1330640
8	1330640	1333120
8	1333120	1340640
9	1340640	1345680
9	1345680	1351600
9	1351600	1354200
9	1354200	1355920
9	1355920	1357040
9	1357040	1359240
9	1359240	1364760
9	1364760	1371760
9	1371760	1380640
9	1380640	1385440
9	1385440	1389120
9	1389120	1392040
9	1392040	1396960
9	1396960	1426960
9	1426960	1440120
9	1440120	1453960
9	1453960	1456280
9	1456280	1457440
9	1457440	1459440
9	1459440	1471960
9	1471960	1474680
9	1474680	1489680
9	1489680	1495160
9	1495160	1510120
10	1510120	1521320
10	1521320	1531560
10	1531560	1540080
10	1540080	1542840
10	1542840	1545200
10	1545200	1550440
10	1550440	1555920
10	1555920	1560240
10	1560240	1562400
10	1562400	1565760
10	1565760	1569320
10	1569320	1573760
10	1573760	1578480
10	1578480	1581640
10	1581640	1587840
10	1587840	1592400
10	1592400	1597000
10	1597000	1604720
10	1604720	1608000
10	1608000	1613160
10	1613160	1616560
10	1616560	1618720
10	1618720	1623880
10	1623880	1626920
10	1626920	1630920
10	1630920	1634520
10	1634520	1639960
10	1639960	1646120
10	1646120	1649440
10	1649440	1661320
10	1661320	1663600
10	1663600	1665920
10	1665920	1672480
10	1672480	1677440
10	1677440	1681080
11	1681080	1685880
11	1685880	1696320
11	1696320	1703640
11	1703640	1717080
11	1717080	1719800
11	1719800	1721160
11	1721160	1724840
11	1724840	1728080
11	1728080	1734600
11	1734600	1737000
11	1737000	1740320
11	1740320	1747960
11	1747960	1755000
11	1755000	1757760
11	1757760	1761000
11	1761000	1765640
11	1765640	1768520
11	1768520	1773960
11	1773960	1775680
11	1775680	1780480
11	1780480	1782320
11	1782320	1783280
11	1783280	1785160
11	1785160	1794880
11	1794880	1800000
11	1800000	1809280
12	1809280	1813960
12	1813960	1825000
12	1825000	1832120
12	1832120	1855120
12	1855120	1857240
12	1857240	1860400
12	1860400	1866640
12	1866640	1879960
12	1879960	1887760
12	1887760	1894160
12	1894160	1896520
12	1896520	1899880
12	1899880	1915680
12	1915680	1918480
12	1918480	1923240
13	1923240	1925960
13	1925960	1951240
13	1951240	1953960
13	1953960	1957280
13	1957280	1964040
13	1964040	1980080
13	1980080	1992960
13	1992960	1995600
13	1995600	2000200
13	2000200	2002760
13	2002760	2006040
13	2006040	2007520
13	2007520	2009480
13	2009480	2011160
13	2011160	2014160
13	2014160	2016000
13	2016000	2017560
13	2017560	2019640
13	2019640	2037120
14	2037120	2045840
14	2045840	2065600
14	2065600	2070560
14	2070560	2074000
14	2074000	2102480
14	2102480	2108040
14	2108040	2112320
14	2112320	2116320
14	2116320	2120720
14	2120720	2124280
14	2124280	2125520
14	2125520	2131920
14	2131920	2140320
14	2140320	2145200
14	2145200	2153160
14	2153160	2158000
14	2158000	2160760
14	2160760	2162920
14	2162920	2168960
14	2168960	2178720
14	2178720	2181240
14	2181240	2183760
14	2183760	2187840
14	2187840	2189120
14	2189120	2193840
14	2193840	2200240
14	2200240	2202320
14	2202320	2205200
14	2205200	2208640
14	2208640	2211040
14	2211040	2213720
14	2213720	2214560
14	2214560	2214960
14	2214960	2216120
14	2216120	2223000
14	2223000	2225080
14	2225080	2231240
14	2231240	2233440
14	2233440	2238080
14	2238080	2242280
14	2242280	2245800
14	2245800	2253920
15	2253920	2265040
15	2265040	2274680
15	2274680	2278440
15	2278440	2283000
15	2283000	2285520
15	2285520	2288280
15	2288280	2290440
15	2290440	2298120
15	2298120	2300320
15	2300320	2307720
15	2307720	2311800
15	2311800	2315480
16	2315480	2318040
16	2318040	2337920
16	2337920	2340080
16	2340080	2342560
16	2342560	2345800
16	2345800	2373480
17	2373480	2380120
17	2380120	2382880
17	2382880	2386920
17	2386920	2389840
17	2389840	2396880
17	2396880	2401040
17	2401040	2402680
17	2402680	2405520
17	2405520	2408880
17	2408880	2413360
17	2413360	2417080
17	2417080	2419080
17	2419080	2421960
17	2421960	2427680
17	2427680	2431280
17	2431280	2437040
17	2437040	2439280
17	2439280	2441160
17	2441160	2447280
17	2447280	2450640
18	2450640	2458040
18	2458040	2461720
18	2461720	2470760
18	2470760	2471680
18	2471680	2471960
18	2471960	2472080
18	2472080	2472240
18	2472240	2473920
18	2473920	2474000
18	2474000	2505280
19	2505280	2515720
19	2515720	2522440
19	2522440	2532560
19	2532560	2542080
19	2542080	2554680
19	2554680	2561240
19	2561240	2569520
19	2569520	2578160
19	2578160	2586760
19	2586760	2592640
19	2592640	2602520
20	2602520	2614160
20	2614160	2624760
20	2624760	2629200
20	2629200	2642600
20	2642600	2645800
20	2645800	2657040
20	2657040	2661160
20	2661160	2665480
20	2665480	2682040
21	2682040	2717080
21	2717080	2723800
21	2723800	2726400
