shot	start	end
0	0	6520
0	6520	11360
0	11360	16840
0	16840	22800
0	22800	28160
0	28160	34520
0	34520	44160
0	44160	48240
0	48240	50520
0	50520	58760
0	58760	60840
0	60840	62760
0	62760	66040
0	66040	69040
0	69040	71360
0	71360	72840
0	72840	75280
0	75280	77880
0	77880	85560
0	85560	90160
0	90160	91800
0	91800	94760
0	94760	96880
0	96880	100400
0	100400	103680
0	103680	106200
0	106200	116240
0	116240	118200
0	118200	120840
0	120840	123360
0	123360	127160
0	127160	129200
0	129200	133720
0	133720	137040
0	137040	140080
0	140080	141960
0	141960	145080
0	145080	148640
0	148640	152080
0	152080	154880
0	154880	155480
0	155480	159120
0	159120	161360
0	161360	162600
0	162600	164320
0	164320	166480
0	166480	167240
0	167240	167880
0	167880	170520
0	170520	172720
0	172720	175920
0	175920	179200
0	179200	188760
1	188760	191840
2	191840	217960
2	217960	221080
2	221080	226360
2	226360	231720
2	231720	236720
2	236720	245880
2	245880	248080
2	248080	249600
2	249600	253400
2	253400	255600
2	255600	257760
2	257760	262480
2	262480	266960
2	266960	271640
2	271640	281760
2	281760	285360
2	285360	288760
2	288760	292800
2	292800	294160
2	294160	296280
2	296280	301760
2	301760	306560
2	306560	316760
2	316760	320840
2	320840	325680
2	325680	335400
2	335400	338720
2	338720	345240
2	345240	351720
2	351720	355520
2	355520	358720
3	358720	366720
3	366720	369360
3	369360	390160
3	390160	394280
3	394280	399160
3	399160	404400
3	404400	410040
4	410040	418120
4	418120	424120
4	424120	429160
4	429160	433200
4	433200	439360
4	439360	442280
4	442280	452360
4	452360	463840
4	463840	477080
4	477080	482640
4	482640	486160
4	486160	493720
4	493720	503000
4	503000	504840
4	504840	506360
4	506360	511240
4	511240	515480
4	515480	523160
4	523160	527320
5	527320	529680
5	529680	538880
5	538880	547520
5	547520	550520
5	550520	553200
5	553200	555360
5	555360	570960
5	570960	577120
5	577120	581720
5	581720	584560
5	584560	600640
5	600640	604080
5	604080	608320
5	608320	615560
5	615560	616560
5	616560	619800
5	619800	621760
5	621760	623120
5	623120	626320
5	626320	628360
5	628360	634840
5	634840	637000
5	637000	639400
5	639400	643840
5	643840	646960
5	646960	649040
5	649040	655960
5	655960	659080
5	659080	667160
5	667160	670280
5	670280	678280
5	678280	691960
5	691960	702600
5	702600	705880
5	705880	710680
5	710680	715200
5	715200	720320
5	720320	726680
5	726680	730760
5	730760	738440
5	738440	741840
5	741840	745120
6	745120	751840
6	751840	779360
6	779360	782560
6	782560	790400
6	790400	801800
6	801800	805800
6	805800	815520
6	815520	820360
6	820360	826440
6	826440	831160
6	831160	833200
6	833200	834240
6	834240	839680
6	839680	841120
6	841120	845200
6	845200	849520
6	849520	850920
6	850920	858240
6	858240	861240
6	861240	863800
6	863800	876240
6	876240	887840
7	887840	892320
7	892320	894680
7	894680	899680
7	899680	915720
7	915720	921600
7	921600	923560
7	923560	925960
7	925960	927800
7	927800	930520
7	930520	931760
7	931760	934400
7	934400	937560
7	937560	941000
7	941000	957920
7	957920	964560
7	964560	970480
7	970480	976440
7	976440	982320
7	982320	983480
7	983480	985120
7	985120	986680
7	986680	1000520
7	1000520	1009920
7	1009920	1013440
7	1013440	1017240
7	1017240	1019280
7	1019280	1024520
7	1024520	1028040
7	1028040	1029560
7	1029560	1033840
8	1033840	1036720
8	1036720	1039960
8	1039960	1043400
8	1043400	1045640
8	1045640	1050120
8	1050120	1053880
8	1053880	1063480
8	1063480	1069080
8	1069080	1072440
8	1072440	1081080
8	1081080	1088240
8	1088240	1091480
8	1091480	1093240
8	1093240	1103280
8	1103280	1111440
8	1111440	1115960
8	1115960	1118800
9	1118800	1137840
9	1137840	1142520
9	1142520	1144160
9	1144160	1152800
9	1152800	1155880
9	1155880	1158560
9	1158560	1163360
10	1163360	1167880
10	1167880	1182520
10	1182520	1187120
10	1187120	1191480
10	1191480	1233760
10	1233760	1238760
11	1238760	1258760
12	1258760	1261880
12	1261880	1264400
12	1264400	1265840
12	1265840	1269120
12	1269120	1271960
12	1271960	1280720
12	1280720	1282800
12	1282800	1285560
12	1285560	1289160
12	1289160	1292320
12	1292320	1296720
12	1296720	1301160
12	1301160	1304080
12	1304080	1311760
12	1311760	1314280
12	1314280	1320920
12	1320920	1323920
12	1323920	1326600
12	1326600	1338960
12	1338960	1343200
12	1343200	1345560
12	1345560	1347440
12	1347440	1349680
12	1349680	1352960
12	1352960	1357280
12	1357280	1360160
12	1360160	1367120
12	1367120	1370960
12	1370960	1376040
12	1376040	1377800
12	1377800	1383440
13	1383440	1390160
13	1390160	1396800
13	1396800	1401120
13	1401120	1402760
13	1402760	1411840
13	1411840	1414400
13	1414400	1418000
13	1418000	1425200
13	1425200	1429720
13	1429720	1437720
13	1437720	1444200
13	1444200	1450240
13	1450240	1456200
13	1456200	1459040
13	1459040	1464320
14	1464320	1468400
14	1468400	1479240
14	1479240	1487640
15	1487640	1493040
15	1493040	1495440
15	1495440	1499560
15	1499560	1501360
15	1501360	1502280
15	1502280	1504800
15	1504800	1511280
15	1511280	1518720
15	1518720	1521520
15	1521520	1526920
15	1526920	1530800
15	1530800	1556560
15	1556560	1560000
15	1560000	1565080
15	1565080	1568760
15	1568760	1573880
15	1573880	1579520
15	1579520	1582160
15	1582160	1584400
15	1584400	1590200
15	1590200	1612360
15	1612360	1623600
15	1623600	1626240
15	1626240	1636920
15	1636920	1646320
15	1646320	1652200
15	1652200	1657280
15	1657280	1664920
15	1664920	1669320
15	1669320	1672440
15	1672440	1676160
15	1676160	1680000
15	1680000	1682360
15	1682360	1685160
15	1685160	1691680
15	1691680	1695720
15	1695720	1701800
15	1701800	1704880
15	1704880	1710800
15	1710800	1713560
15	1713560	1726960
15	1726960	1733400
15	1733400	1744000
15	1744000	1747640
15	1747640	1752880
15	1752880	1758440
15	1758440	1760640
15	1760640	1764520
15	1764520	1766880
15	1766880	1776960
15	1776960	1779240
16	1779240	1785720
16	1785720	1788680
16	1788680	1804640
16	1804640	1815080
16	1815080	1824240
16	1824240	1847600
16	1847600	1875040
16	1875040	1880080
16	1880080	1893760
16	1893760	1904680
16	1904680	1911880
16	1911880	1916520
16	1916520	1925320
16	1925320	1928280
16	1928280	1936960
16	1936960	1941000
16	1941000	1948520
16	1948520	1952840
16	1952840	1960840
16	1960840	1971720
16	1971720	1985680
16	1985680	1994000
17	1994000	2010000
17	2010000	2024800
17	2024800	2035360
17	2035360	2053600
17	2053600	2061320
17	2061320	2065680
17	2065680	2068400
17	2068400	2070400
17	2070400	2072480
17	2072480	2080120
17	2080120	2084000
17	2084000	2085800
17	2085800	2088280
17	2088280	2090520
17	2090520	2094680
17	2094680	2097280
17	2097280	2098440
17	2098440	2100280
17	2100280	2101840
17	2101840	2103400
17	2103400	2104960
17	2104960	2107080
17	2107080	2109840
17	2109840	2111840
17	2111840	2113640
17	2113640	2114880
17	2114880	2116960
17	2116960	2120040
17	2120040	2121520
17	2121520	2122600
17	2122600	2124280
17	2124280	2126440
17	2126440	2127520
17	2127520	2128840
17	2128840	2129800
17	2129800	2131920
17	2131920	2143440
17	2143440	2145200
17	2145200	2147040
17	2147040	2150040
17	2150040	2152320
17	2152320	2154720
17	2154720	2156560
17	2156560	2159360
17	2159360	2160680
17	2160680	2161840
17	2161840	2163640
17	2163640	2165080
17	2165080	2166120
17	2166120	2167760
17	2167760	2174920
17	2174920	2177080
17	2177080	2185640
17	2185640	2239080
18	2239080	2248200
18	2248200	2251160
18	2251160	2258120
18	2258120	2264200
18	2264200	2278400
18	2278400	2284720
18	2284720	2292720
19	2292720	2308200
19	2308200	2309800
19	2309800	2311560
19	2311560	2314480
19	2314480	2316080
19	2316080	2318760
19	2318760	2321480
19	2321480	2322720
19	2322720	2330400
19	2330400	2334000
19	2334000	2338560
20	2338560	2342360
20	2342360	2344280
20	2344280	2345760
20	2345760	2347240
20	2347240	2348760
21	2348760	2357000
21	2357000	2360600
21	2360600	2372800
21	2372800	2374480
21	2374480	2377680
21	2377680	2380040
21	2380040	2386240
21	2386240	2389040
21	2389040	2396240
21	2396240	2399040
21	2399040	2403000
21	2403000	2406320
21	2406320	2410520
21	2410520	2412000
21	2412000	2416040
21	2416040	2419520
21	2419520	2421960
21	2421960	2423640
21	2423640	2424800
21	2424800	2435320
21	2435320	2452400
22	2452400	2454840
22	2454840	2459080
22	2459080	2469840
22	2469840	2477160
22	2477160	2480560
22	2480560	2483360
22	2483360	2490240
23	2490240	2504440
23	2504440	2506680
23	2506680	2510240
23	2510240	2514760
23	2514760	2517200
23	2517200	2520840
23	2520840	2521800
23	2521800	2524960
23	2524960	2527360
23	2527360	2531960
23	2531960	2535480
23	2535480	2545400
23	2545400	2549560
23	2549560	2552520
23	2552520	2557320
23	2557320	2559640
23	2559640	2564600
23	2564600	2567640
23	2567640	2568640
23	2568640	2570520
23	2570520	2573080
23	2573080	2575560
23	2575560	2579800
23	2579800	2582880
24	2582880	2586960
24	2586960	2588920
24	2588920	2591160
24	2591160	2604680
24	2604680	2606480
24	2606480	2610320
24	2610320	2616480
24	2616480	2618960
24	2618960	2636440
24	2636440	2638160
24	2638160	2639840
24	2639840	2649760
24	2649760	2654560
24	2654560	2659920
24	2659920	2662360
24	2662360	2670720
24	2670720	2677000
24	2677000	2677080
24	2677080	2682040
25	2682040	2717080
25	2717080	2723800
25	2723800	2726280
