shot	start	end
0	0	4880
0	4880	15920
0	15920	19920
0	19920	24720
0	24720	27800
0	27800	31920
0	31920	36760
0	36760	45640
0	45640	50680
0	50680	54800
0	54800	57360
0	57360	59760
0	59760	62800
0	62800	65520
0	65520	71280
0	71280	75800
1	75800	78880
1	78880	93080
2	93080	95960
2	95960	105200
2	105200	112480
2	112480	114720
2	114720	130280
2	130280	138840
2	138840	143560
2	143560	152320
2	152320	153720
2	153720	161800
2	161800	165760
2	165760	180080
2	180080	189320
2	189320	193600
2	193600	205960
2	205960	218760
2	218760	222760
2	222760	225800
2	225800	227320
2	227320	230560
2	230560	231680
2	231680	233840
2	233840	235800
2	235800	238720
2	238720	240600
2	240600	246680
2	246680	254440
2	254440	258800
2	258800	260640
2	260640	268440
2	268440	271480
2	271480	273840
2	273840	274880
2	274880	283400
3	283400	291920
3	291920	299400
3	299400	326600
3	326600	333240
3	333240	336760
3	336760	342360
3	342360	346560
4	346560	351240
4	351240	364880
4	364880	369760
4	369760	374480
4	374480	380320
4	380320	383800
4	383800	395040
4	395040	398920
4	398920	405280
4	405280	407880
4	407880	409360
4	409360	411840
4	411840	417440
4	417440	419280
4	419280	423600
4	423600	425960
4	425960	429360
4	429360	433120
4	433120	435240
4	435240	437280
4	437280	444160
4	444160	446240
4	446240	452960
4	452960	456680
4	456680	465080
4	465080	466040
4	466040	467800
4	467800	470840
4	470840	471720
4	471720	473600
4	473600	477560
4	477560	479800
4	479800	485640
4	485640	491040
4	491040	516520
4	516520	519640
4	519640	522120
4	522120	527400
4	527400	539560
4	539560	553000
5	553000	559920
5	559920	565600
5	565600	571640
5	571640	577000
5	577000	588120
5	588120	606080
5	606080	634760
5	634760	645240
5	645240	650720
5	650720	652320
5	652320	653400
5	653400	654800
5	654800	656120
5	656120	661080
5	661080	668840
5	668840	672880
5	672880	677120
5	677120	681640
5	681640	684560
5	684560	689400
5	689400	691280
5	691280	699160
5	699160	700760
5	700760	704720
5	704720	707400
5	707400	712440
5	712440	721480
5	721480	732680
6	732680	734400
6	734400	736360
6	736360	738200
6	738200	740160
6	740160	742040
6	742040	743840
6	743840	744840
6	744840	746560
6	746560	748720
6	748720	753280
6	753280	754960
6	754960	756800
6	756800	761280
6	761280	769480
6	769480	771160
6	771160	772400
6	772400	774040
6	774040	775520
7	775520	787440
7	787440	793520
7	793520	796520
7	796520	805520
7	805520	807440
7	807440	817600
7	817600	823160
7	823160	830520
8	830520	837200
8	837200	841560
8	841560	843320
8	843320	845400
8	845400	848160
8	848160	855440
8	855440	858200
8	858200	862040
9	862040	865080
9	865080	866760
9	866760	869800
9	869800	872680
9	872680	874040
9	874040	878520
9	878520	882080
9	882080	884880
9	884880	888040
9	888040	891480
9	891480	900160
9	900160	905080
9	905080	905760
9	905760	907160
9	907160	913680
9	913680	918440
9	918440	920280
9	920280	932160
9	932160	933440
9	933440	939200
9	939200	945560
9	945560	947480
9	947480	953080
9	953080	956320
9	956320	957960
9	957960	960880
9	960880	979440
9	979440	981520
9	981520	986560
9	986560	989480
9	989480	991440
9	991440	993040
9	993040	995360
9	995360	1001800
9	1001800	1003240
9	1003240	1017240
9	1017240	1024400
9	1024400	1035800
9	1035800	1037360
9	1037360	1052480
9	1052480	1055440
9	1055440	1057000
9	1057000	1058560
9	1058560	1066560
9	1066560	1068720
9	1068720	1072240
9	1072240	1076560
9	1076560	1079040
9	1079040	1082360
9	1082360	1084760
9	1084760	1089080
9	1089080	1103640
9	1103640	1106160
9	1106160	1114520
9	1114520	1116280
9	1116280	1118920
9	1118920	1120560
9	1120560	1122680
9	1122680	1127840
9	1127840	1130880
9	1130880	1136640
9	1136640	1140800
9	1140800	1143040
9	1143040	1149920
9	1149920	1152240
9	1152240	1155800
9	1155800	1161640
9	1161640	1163680
9	1163680	1175480
9	1175480	1177440
9	1177440	1187160
9	1187160	1188440
9	1188440	1189920
9	1189920	1195080
9	1195080	1199960
9	1199960	1203480
9	1203480	1205040
9	1205040	1207560
9	1207560	1213320
9	1213320	1222320
9	1222320	1224040
9	1224040	1225520
9	1225520	1227240
9	1227240	1230880
9	1230880	1234440
9	1234440	1240760
9	1240760	1243120
9	1243120	1245840
9	1245840	1250760
9	1250760	1255120
9	1255120	1262680
9	1262680	1267200
9	1267200	1269360
9	1269360	1273320
9	1273320	1276560
9	1276560	1283880
9	1283880	1292120
9	1292120	1294080
9	1294080	1297760
9	1297760	1300680
9	1300680	1302880
9	1302880	1304880
9	1304880	1308240
9	1308240	1311880
9	1311880	1314760
9	1314760	1316400
9	1316400	1318720
9	1318720	1320560
9	1320560	1323040
9	1323040	1325160
9	1325160	1329800
9	1329800	1331240
9	1331240	1335520
9	1335520	1342400
9	1342400	1344800
9	1344800	1348920
9	1348920	1352040
9	1352040	1353600
9	1353600	1354960
9	1354960	1357120
9	1357120	1358320
9	1358320	1360200
9	1360200	1361640
9	1361640	1366320
9	1366320	1377400
9	1377400	1379240
9	1379240	1380720
9	1380720	1383880
9	1383880	1387280
9	1387280	1393880
10	1393880	1398960
10	1398960	1414720
10	1414720	1419200
10	1419200	1424000
10	1424000	1425840
10	1425840	1427720
10	1427720	1445960
10	1445960	1449280
10	1449280	1450680
10	1450680	1453440
10	1453440	1455480
10	1455480	1458720
10	1458720	1459960
10	1459960	1462080
10	1462080	1472600
10	1472600	1475400
10	1475400	1488320
10	1488320	1490240
10	1490240	1498320
10	1498320	1501400
10	1501400	1503600
10	1503600	1507040
10	1507040	1518280
10	1518280	1520520
10	1520520	1526400
10	1526400	1528840
10	1528840	1531560
10	1531560	1534400
10	1534400	1559120
10	1559120	1560240
10	1560240	1561880
10	1561880	1565000
10	1565000	1566280
10	1566280	1568720
10	1568720	1571720
10	1571720	1579680
11	1579680	1586960
11	1586960	1593920
11	1593920	1596400
11	1596400	1603840
11	1603840	1612360
11	1612360	1616960
11	1616960	1618680
11	1618680	1621000
11	1621000	1632160
11	1632160	1635720
11	1635720	1641320
11	1641320	1643680
11	1643680	1649760
11	1649760	1655600
11	1655600	1664240
11	1664240	1668440
11	1668440	1674720
11	1674720	1676400
11	1676400	1680560
11	1680560	1684720
11	1684720	1687680
11	1687680	1697600
11	1697600	1703200
11	1703200	1719240
11	1719240	1725360
11	1725360	1733280
11	1733280	1742920
11	1742920	1746720
11	1746720	1769800
12	1769800	1774520
12	1774520	1776480
12	1776480	1778720
12	1778720	1782040
12	1782040	1784800
12	1784800	1788480
12	1788480	1791920
12	1791920	1829840
12	1829840	1833080
12	1833080	1836080
12	1836080	1839720
12	1839720	1842920
12	1842920	1846600
12	1846600	1853720
12	1853720	1856240
12	1856240	1866280
12	1866280	1880600
12	1880600	1882400
12	1882400	1890920
12	1890920	1892760
12	1892760	1898480
12	1898480	1909240
12	1909240	1925640
12	1925640	1934120
12	1934120	1936960
12	1936960	1946360
12	1946360	1948720
12	1948720	1956240
12	1956240	1959280
12	1959280	1965040
12	1965040	1968680
12	1968680	1982880
12	1982880	1986480
12	1986480	1992880
12	1992880	1995640
12	1995640	1998840
12	1998840	2003000
12	2003000	2007480
12	2007480	2010040
12	2010040	2014120
12	2014120	2019160
12	2019160	2021720
12	2021720	2022600
12	2022600	2024120
12	2024120	2025800
12	2025800	2028880
12	2028880	2030800
12	2030800	2035120
12	2035120	2036440
12	2036440	2038120
12	2038120	2044000
12	2044000	2047400
12	2047400	2050400
12	2050400	2052600
12	2052600	2054880
12	2054880	2058680
12	2058680	2061240
12	2061240	2063320
12	2063320	2064760
12	2064760	2069240
12	2069240	2072160
12	2072160	2079000
12	2079000	2084760
12	2084760	2088000
12	2088000	2090640
12	2090640	2092400
12	2092400	2097440
12	2097440	2099240
12	2099240	2100840
12	2100840	2106400
12	2106400	2111600
12	2111600	2114360
12	2114360	2117840
12	2117840	2120760
12	2120760	2127200
12	2127200	2131640
12	2131640	2138760
12	2138760	2140240
12	2140240	2141600
12	2141600	2143120
12	2143120	2148880
12	2148880	2149960
12	2149960	2155240
12	2155240	2162440
12	2162440	2164640
12	2164640	2167720
12	2167720	2168680
12	2168680	2175400
12	2175400	2180440
12	2180440	2182880
12	2182880	2189800
12	2189800	2194120
12	2194120	2195760
12	2195760	2197600
12	2197600	2199000
12	2199000	2204480
12	2204480	2212440
12	2212440	2215840
12	2215840	2225080
12	2225080	2227760
12	2227760	2230800
12	2230800	2239280
12	2239280	2243320
12	2243320	2245000
12	2245000	2257840
12	2257840	2261040
12	2261040	2263080
12	2263080	2266640
12	2266640	2268120
12	2268120	2269680
12	2269680	2271200
12	2271200	2272400
12	2272400	2275120
12	2275120	2277520
12	2277520	2283160
12	2283160	2285640
12	2285640	2287080
12	2287080	2293400
12	2293400	2297480
12	2297480	2301680
12	2301680	2306480
12	2306480	2309200
12	2309200	2311440
12	2311440	2313000
12	2313000	2315080
12	2315080	2318360
12	2318360	2319520
12	2319520	2322800
12	2322800	2324360
12	2324360	2326160
12	2326160	2327800
12	2327800	2331080
12	2331080	2333920
12	2333920	2342280
12	2342280	2344840
12	2344840	2348320
12	2348320	2353920
13	2353920	2356560
13	2356560	2360320
13	2360320	2362960
13	2362960	2364680
13	2364680	2365280
13	2365280	2366440
13	2366440	2367000
13	2367000	2368920
13	2368920	2369800
13	2369800	2371800
13	2371800	2374440
13	2374440	2376080
13	2376080	2377560
13	2377560	2378680
13	2378680	2381400
13	2381400	2382840
13	2382840	2386280
13	2386280	2387520
13	2387520	2388920
13	2388920	2392280
13	2392280	2394600
13	2394600	2396040
13	2396040	2397800
13	2397800	2399720
13	2399720	2400760
13	2400760	2404040
13	2404040	2405480
13	2405480	2407360
13	2407360	2409840
13	2409840	2413080
13	2413080	2414360
13	2414360	2415120
13	2415120	2415960
13	2415960	2416720
13	2416720	2417600
13	2417600	2419400
13	2419400	2421840
13	2421840	2423240
13	2423240	2424040
13	2424040	2425480
13	2425480	2427080
13	2427080	2432240
13	2432240	2434160
13	2434160	2436280
13	2436280	2437240
13	2437240	2438920
13	2438920	2439520
13	2439520	2440000
13	2440000	2441240
13	2441240	2442360
13	2442360	2443400
13	2443400	2445400
13	2445400	2447400
13	2447400	2448680
13	2448680	2450800
13	2450800	2452680
13	2452680	2454040
13	2454040	2458120
13	2458120	2459200
13	2459200	2460240
13	2460240	2460760
13	2460760	2464160
13	2464160	2467360
13	2467360	2469080
13	2469080	2479680
13	2479680	2482480
13	2482480	2484040
13	2484040	2488920
13	2488920	2497640
13	2497640	2504920
13	2504920	2507640
13	2507640	2511280
14	2511280	2512840
14	2512840	2518520
14	2518520	2525000
14	2525000	2529640
14	2529640	2542200
14	2542200	2547120
14	2547120	2561560
14	2561560	2563480
14	2563480	2565640
14	2565640	2576600
14	2576600	2582920
14	2582920	2586400
14	2586400	2590120
14	2590120	2592360
14	2592360	2596120
14	2596120	2598080
14	2598080	2600120
14	2600120	2602560
14	2602560	2606320
14	2606320	2607600
14	2607600	2607960
14	2607960	2608640
14	2608640	2611280
14	2611280	2612560
14	2612560	2613040
14	2613040	2613960
14	2613960	2614920
14	2614920	2615800
14	2615800	2616560
14	2616560	2617240
14	2617240	2619880
14	2619880	2622200
14	2622200	2624920
14	2624920	2625880
14	2625880	2628480
14	2628480	2629680
14	2629680	2631160
14	2631160	2633800
14	2633800	2634920
14	2634920	2637880
14	2637880	2639320
14	2639320	2640520
14	2640520	2642080
14	2642080	2643560
14	2643560	2645040
14	2645040	2646680
14	2646680	2649480
14	2649480	2651360
14	2651360	2653960
14	2653960	2655760
14	2655760	2659040
14	2659040	2661280
14	2661280	2664040
14	2664040	2668080
14	2668080	2671640
14	2671640	2675840
14	2675840	2677920
14	2677920	2680680
14	2680680	2694160
14	2694160	2698600
14	2698600	2716000
14	2716000	2751520
15	2751520	2758240
15	2758240	2760800
