shot	start	end
0	0	8080
0	8080	11560
0	11560	16960
0	16960	19800
0	19800	24520
0	24520	27920
0	27920	41080
0	41080	45840
0	45840	51120
0	51120	74640
1	74640	77680
1	77680	97320
2	97320	114960
2	114960	128040
2	128040	131800
2	131800	133960
2	133960	136240
2	136240	139640
2	139640	141280
2	141280	143400
2	143400	145880
2	145880	150640
2	150640	153280
2	153280	157000
2	157000	162960
2	162960	165640
2	165640	170120
2	170120	172600
2	172600	177800
2	177800	186600
2	186600	188080
2	188080	188920
2	188920	190960
2	190960	191400
2	191400	196680
2	196680	198280
2	198280	198800
2	198800	201360
2	201360	202160
2	202160	202640
2	202640	206600
2	206600	208560
2	208560	210720
2	210720	217760
2	217760	220960
2	220960	225640
2	225640	228400
2	228400	231640
2	231640	235320
2	235320	239800
2	239800	243560
2	243560	246440
2	246440	261360
2	261360	273920
2	273920	284600
2	284600	288720
2	288720	292560
2	292560	295800
2	295800	298320
2	298320	305600
2	305600	313200
2	313200	317520
2	317520	320920
2	320920	324320
2	324320	325680
2	325680	328680
2	328680	334440
2	334440	337760
2	337760	348520
2	348520	358960
2	358960	360400
2	360400	361520
2	361520	362320
2	362320	362880
2	362880	363560
2	363560	364880
2	364880	366920
2	366920	377520
2	377520	379360
2	379360	380320
2	380320	388040
2	388040	393280
2	393280	395080
2	395080	396880
2	396880	398440
2	398440	401000
2	401000	403480
2	403480	407400
2	407400	410920
2	410920	412240
2	412240	414680
2	414680	416040
2	416040	417600
2	417600	418880
2	418880	421360
2	421360	427480
2	427480	430480
2	430480	438480
2	438480	441360
2	441360	444520
2	444520	446360
2	446360	447200
2	447200	448240
2	448240	452720
2	452720	457240
2	457240	463880
2	463880	467160
2	467160	471640
2	471640	474600
2	474600	488280
2	488280	495040
2	495040	498480
2	498480	501160
2	501160	515600
2	515600	520480
2	520480	526440
2	526440	541960
2	541960	550000
2	550000	560520
2	560520	566760
2	566760	568400
2	568400	570520
2	570520	571640
2	571640	572800
2	572800	579880
2	579880	582080
2	582080	584280
2	584280	584760
2	584760	589640
3	589640	591600
3	591600	595640
3	595640	597440
3	597440	599080
3	599080	606000
3	606000	609080
3	609080	617880
3	617880	624840
3	624840	628800
3	628800	639320
3	639320	647960
3	647960	654440
3	654440	658880
3	658880	667200
3	667200	669640
3	669640	672440
3	672440	675600
3	675600	678520
3	678520	684200
3	684200	687080
3	687080	691160
3	691160	692640
3	692640	696760
3	696760	700920
3	700920	705360
3	705360	719680
3	719680	728880
3	728880	736120
3	736120	740000
3	740000	761640
3	761640	775480
3	775480	782920
3	782920	787880
3	787880	789600
3	789600	789960
3	789960	791600
3	791600	792520
3	792520	794080
3	794080	794920
3	794920	795680
3	795680	796200
3	796200	797920
3	797920	800160
3	800160	802160
3	802160	805520
3	805520	808480
3	808480	810160
3	810160	814560
3	814560	819200
3	819200	826760
3	826760	834960
3	834960	849520
3	849520	855560
3	855560	861840
3	861840	864720
3	864720	867320
3	867320	870880
3	870880	876880
3	876880	880360
3	880360	883240
3	883240	884800
3	884800	890480
4	890480	895040
4	895040	898120
4	898120	912400
4	912400	914680
4	914680	918840
4	918840	925600
4	925600	929080
4	929080	932240
4	932240	943440
5	943440	945680
5	945680	950040
5	950040	951400
5	951400	952640
5	952640	959280
5	959280	966120
5	966120	970040
5	970040	978880
5	978880	984640
5	984640	990320
5	990320	1010640
5	1010640	1014680
5	1014680	1017520
5	1017520	1028720
5	1028720	1030960
5	1030960	1033720
5	1033720	1043880
5	1043880	1051520
5	1051520	1052640
5	1052640	1054480
5	1054480	1056440
5	1056440	1058240
5	1058240	1060680
5	1060680	1062280
5	1062280	1065800
5	1065800	1076280
5	1076280	1078360
5	1078360	1080520
5	1080520	1081840
5	1081840	1087040
5	1087040	1091280
5	1091280	1095880
5	1095880	1108880
5	1108880	1113440
5	1113440	1118120
5	1118120	1120880
5	1120880	1124120
5	1124120	1130320
5	1130320	1131800
5	1131800	1134720
5	1134720	1137520
5	1137520	1145840
5	1145840	1149200
6	1149200	1158480
6	1158480	1163960
6	1163960	1172360
6	1172360	1179160
6	1179160	1183960
6	1183960	1189040
6	1189040	1193320
6	1193320	1227080
7	1227080	1231160
7	1231160	1236200
7	1236200	1241160
7	1241160	1246800
7	1246800	1248880
7	1248880	1250680
7	1250680	1252360
7	1252360	1253960
7	1253960	1256840
7	1256840	1259280
7	1259280	1261960
7	1261960	1264160
7	1264160	1270360
7	1270360	1271720
7	1271720	1273080
7	1273080	1274040
7	1274040	1280080
7	1280080	1299480
7	1299480	1305400
7	1305400	1306280
7	1306280	1310840
7	1310840	1314160
7	1314160	1324440
8	1324440	1327360
8	1327360	1336680
8	1336680	1344120
8	1344120	1346600
8	1346600	1349800
8	1349800	1355000
8	1355000	1362480
8	1362480	1368440
8	1368440	1371400
8	1371400	1374240
8	1374240	1379320
8	1379320	1384240
8	1384240	1386920
8	1386920	1388880
8	1388880	1390600
8	1390600	1393800
8	1393800	1400000
8	1400000	1404680
8	1404680	1424920
8	1424920	1428400
8	1428400	1436520
8	1436520	1439200
8	1439200	1444440
9	1444440	1461400
9	1461400	1478240
9	1478240	1487080
9	1487080	1490840
9	1490840	1493680
9	1493680	1496360
9	1496360	1501080
9	1501080	1504320
9	1504320	1509680
10	1509680	1525360
10	1525360	1539880
10	1539880	1544680
10	1544680	1551680
10	1551680	1562760
10	1562760	1569720
10	1569720	1573520
10	1573520	1582760
10	1582760	1590920
10	1590920	1596880
10	1596880	1598960
10	1598960	1607640
10	1607640	1616360
10	1616360	1621240
10	1621240	1626080
10	1626080	1631240
11	1631240	1634240
11	1634240	1637080
11	1637080	1641320
11	1641320	1653320
11	1653320	1662560
11	1662560	1676000
11	1676000	1680640
11	1680640	1684560
11	1684560	1687800
11	1687800	1695680
11	1695680	1697200
11	1697200	1700800
11	1700800	1705960
11	1705960	1707560
11	1707560	1711280
11	1711280	1714800
11	1714800	1717480
11	1717480	1722440
11	1722440	1724880
11	1724880	1727440
11	1727440	1731200
11	1731200	1733160
11	1733160	1736320
11	1736320	1737320
11	1737320	1740040
11	1740040	1741880
11	1741880	1746480
11	1746480	1751200
11	1751200	1754680
11	1754680	1766640
11	1766640	1769200
12	1769200	1771880
12	1771880	1784960
12	1784960	1788960
12	1788960	1791840
12	1791840	1796880
12	1796880	1799000
12	1799000	1800680
12	1800680	1802480
12	1802480	1813160
12	1813160	1819160
12	1819160	1839720
12	1839720	1841800
12	1841800	1847200
12	1847200	1851600
12	1851600	1861600
12	1861600	1867720
12	1867720	1870920
12	1870920	1872720
12	1872720	1874840
12	1874840	1877720
12	1877720	1882480
12	1882480	1884840
12	1884840	1892280
12	1892280	1899880
12	1899880	1903040
12	1903040	1915400
12	1915400	1920200
12	1920200	1922080
12	1922080	1928440
12	1928440	1933680
12	1933680	1940240
12	1940240	1944320
12	1944320	1955000
12	1955000	1957880
12	1957880	1959360
12	1959360	1962400
12	1962400	1963560
12	1963560	1969360
12	1969360	1976560
12	1976560	1995880
12	1995880	1998520
12	1998520	2010240
12	2010240	2012680
12	2012680	2015640
12	2015640	2028680
13	2028680	2031800
13	2031800	2033040
13	2033040	2035040
13	2035040	2035240
13	2035240	2035400
13	2035400	2035600
13	2035600	2037240
13	2037240	2039400
13	2039400	2040800
13	2040800	2043360
13	2043360	2043840
13	2043840	2044280
13	2044280	2045920
13	2045920	2048400
13	2048400	2048840
13	2048840	2049240
13	2049240	2049760
13	2049760	2050640
13	2050640	2051080
13	2051080	2052440
13	2052440	2054400
13	2054400	2055200
13	2055200	2056600
13	2056600	2057280
13	2057280	2058800
13	2058800	2060760
13	2060760	2064320
14	2064320	2087000
14	2087000	2089840
14	2089840	2091760
14	2091760	2094720
14	2094720	2163000
15	2163000	2166400
15	2166400	2181280
15	2181280	2185760
15	2185760	2190960
15	2190960	2194840
15	2194840	2201480
15	2201480	2204840
15	2204840	2217360
15	2217360	2219600
15	2219600	2221920
15	2221920	2223560
15	2223560	2225040
15	2225040	2228120
15	2228120	2231160
15	2231160	2239200
16	2239200	2258000
16	2258000	2261120
16	2261120	2263400
16	2263400	2265480
16	2265480	2267560
16	2267560	2271320
17	2271320	2273680
17	2273680	2276160
17	2276160	2277920
17	2277920	2278320
17	2278320	2284360
17	2284360	2287480
17	2287480	2289000
17	2289000	2302920
17	2302920	2315120
17	2315120	2319120
17	2319120	2322760
17	2322760	2326280
17	2326280	2328560
17	2328560	2342520
17	2342520	2353960
17	2353960	2355720
17	2355720	2358840
17	2358840	2361200
17	2361200	2364920
17	2364920	2368280
17	2368280	2371280
17	2371280	2380120
17	2380120	2384000
17	2384000	2388120
17	2388120	2392240
17	2392240	2395760
17	2395760	2403360
17	2403360	2405680
17	2405680	2408960
17	2408960	2412280
17	2412280	2413960
17	2413960	2415320
17	2415320	2418120
17	2418120	2421320
17	2421320	2424920
17	2424920	2427040
17	2427040	2429240
17	2429240	2432240
17	2432240	2441880
18	2441880	2491680
18	2491680	2499040
18	2499040	2517880
18	2517880	2520480
18	2520480	2521880
18	2521880	2539840
19	2539840	2542840
19	2542840	2549480
19	2549480	2564040
19	2564040	2566040
19	2566040	2572080
19	2572080	2575080
19	2575080	2577200
19	2577200	2579040
19	2579040	2583680
19	2583680	2586040
19	2586040	2587680
19	2587680	2594160
19	2594160	2597040
19	2597040	2598960
19	2598960	2603960
20	2603960	2613360
20	2613360	2615600
20	2615600	2616960
20	2616960	2621240
20	2621240	2623800
20	2623800	2625080
20	2625080	2630160
20	2630160	2638160
20	2638160	2639680
20	2639680	2642600
20	2642600	2646520
20	2646520	2648400
20	2648400	2654560
20	2654560	2711120
21	2711120	2717840
21	2717840	2720400
