shot	start	end
0	0	4960
0	4960	6760
0	6760	9080
0	9080	11080
0	11080	19600
0	19600	22600
0	22600	23880
0	23880	26520
0	26520	27800
0	27800	29800
0	29800	32360
0	32360	37960
0	37960	42240
0	42240	45480
0	45480	51480
0	51480	57040
0	57040	60040
0	60040	67000
0	67000	70480
0	70480	75400
0	75400	79080
0	79080	79200
1	79200	80760
1	80760	83160
1	83160	87360
1	87360	90760
1	90760	96200
1	96200	122680
1	122680	128960
1	128960	133600
1	133600	136600
1	136600	139640
1	139640	145560
1	145560	147560
1	147560	151200
1	151200	152680
1	152680	158640
1	158640	160480
1	160480	165320
1	165320	174320
1	174320	178480
1	178480	182680
1	182680	187360
1	187360	195320
1	195320	200520
1	200520	211920
1	211920	216640
1	216640	220480
1	220480	223480
1	223480	234080
1	234080	240120
2	240120	243880
2	243880	259520
3	259520	260840
3	260840	261720
3	261720	262960
3	262960	264560
3	264560	274520
4	274520	277600
4	277600	296280
5	296280	305320
5	305320	312080
5	312080	332520
5	332520	345680
5	345680	359360
5	359360	363440
5	363440	373160
5	373160	377000
5	377000	380560
5	380560	386320
5	386320	388040
5	388040	389720
5	389720	405320
6	405320	409160
6	409160	412400
6	412400	417000
6	417000	425840
6	425840	428120
6	428120	429400
6	429400	432280
6	432280	434880
6	434880	437160
6	437160	440360
6	440360	443040
6	443040	444400
6	444400	447040
6	447040	448840
7	448840	452520
7	452520	454600
7	454600	459920
7	459920	463160
7	463160	466320
7	466320	475120
7	475120	479960
7	479960	490600
7	490600	492640
7	492640	495680
7	495680	497160
7	497160	501920
7	501920	513400
7	513400	515840
7	515840	519680
7	519680	522360
7	522360	526920
7	526920	531760
7	531760	534440
7	534440	535920
7	535920	545520
7	545520	549520
7	549520	552520
7	552520	556360
8	556360	569200
8	569200	573320
8	573320	581600
8	581600	593720
8	593720	596440
8	596440	598120
8	598120	599880
8	599880	601800
8	601800	604280
8	604280	606760
8	606760	610600
8	610600	614240
8	614240	619440
8	619440	621040
8	621040	623160
8	623160	625560
8	625560	629960
8	629960	633640
8	633640	636920
8	636920	639600
8	639600	642320
8	642320	643960
8	643960	656920
8	656920	660200
9	660200	670440
9	670440	678440
9	678440	683400
9	683400	687160
9	687160	690680
9	690680	692640
9	692640	693680
9	693680	695040
9	695040	698160
9	698160	700080
9	700080	704320
9	704320	725760
9	725760	737680
9	737680	739240
9	739240	741520
9	741520	747360
9	747360	753440
9	753440	755520
9	755520	760200
9	760200	762760
9	762760	765080
9	765080	768160
9	768160	774520
10	774520	792960
10	792960	808400
10	808400	821840
10	821840	847000
10	847000	850720
10	850720	855120
10	855120	857160
10	857160	861360
10	861360	874880
10	874880	877000
11	877000	892080
11	892080	894960
11	894960	897040
11	897040	902440
11	902440	905240
11	905240	910240
11	910240	911120
11	911120	916800
11	916800	923160
11	923160	926440
11	926440	927680
11	927680	929360
11	929360	933240
11	933240	936720
11	936720	938640
11	938640	940680
11	940680	941920
11	941920	947280
11	947280	951880
11	951880	962760
11	962760	964520
11	964520	966440
11	966440	971240
11	971240	973840
11	973840	974840
11	974840	985520
11	985520	995600
11	995600	999840
11	999840	1003520
11	1003520	1007520
11	1007520	1013160
11	1013160	1015760
11	1015760	1018640
11	1018640	1022600
11	1022600	1028400
11	1028400	1036280
11	1036280	1039640
11	1039640	1040720
11	1040720	1041520
11	1041520	1043440
11	1043440	1046760
11	1046760	1048480
11	1048480	1062480
12	1062480	1067240
12	1067240	1076080
12	1076080	1079360
12	1079360	1081600
12	1081600	1086560
12	1086560	1088920
12	1088920	1092520
12	1092520	1094480
12	1094480	1096720
12	1096720	1099320
12	1099320	1101720
13	1101720	1110360
13	1110360	1114000
13	1114000	1119160
13	1119160	1125840
13	1125840	1141600
13	1141600	1144600
13	1144600	1147560
13	1147560	1150760
13	1150760	1155000
13	1155000	1156800
13	1156800	1165720
13	1165720	1198920
14	1198920	1201400
14	1201400	1207920
14	1207920	1210040
14	1210040	1216360
14	1216360	1219480
14	1219480	1221200
14	1221200	1224960
14	1224960	1229880
14	1229880	1233240
14	1233240	1234920
14	1234920	1237600
14	1237600	1239960
14	1239960	1241160
14	1241160	1244320
14	1244320	1248280
14	1248280	1250440
14	1250440	1253960
14	1253960	1255640
14	1255640	1261920
14	1261920	1263600
14	1263600	1265520
14	1265520	1269800
14	1269800	1272120
14	1272120	1274760
14	1274760	1281440
14	1281440	1283240
14	1283240	1287520
14	1287520	1292120
14	1292120	1298680
14	1298680	1301360
14	1301360	1303400
14	1303400	1307480
14	1307480	1312120
14	1312120	1314120
14	1314120	1319160
14	1319160	1326440
14	1326440	1328160
14	1328160	1331240
14	1331240	1337680
14	1337680	1345200
14	1345200	1347600
14	1347600	1355520
14	1355520	1359880
14	1359880	1367200
14	1367200	1374080
15	1374080	1381400
15	1381400	1390440
15	1390440	1394200
15	1394200	1399280
15	1399280	1402480
15	1402480	1408600
15	1408600	1410600
15	1410600	1413760
15	1413760	1419840
15	1419840	1423720
15	1423720	1433360
15	1433360	1448760
15	1448760	1451640
15	1451640	1466680
15	1466680	1470840
16	1470840	1475240
16	1475240	1483400
16	1483400	1489480
17	1489480	1493280
17	1493280	1498680
17	1498680	1501680
17	1501680	1503160
17	1503160	1504040
17	1504040	1504600
17	1504600	1508040
17	1508040	1509840
17	1509840	1511400
17	1511400	1515040
17	1515040	1516480
17	1516480	1519320
17	1519320	1525080
17	1525080	1529600
17	1529600	1530920
17	1530920	1532840
17	1532840	1538000
17	1538000	1538720
17	1538720	1542200
17	1542200	1543360
17	1543360	1558240
17	1558240	1559800
17	1559800	1560440
17	1560440	1562800
17	1562800	1564320
17	1564320	1567200
17	1567200	1575040
17	1575040	1583760
17	1583760	1587040
17	1587040	1589560
17	1589560	1595960
17	1595960	1601920
17	1601920	1606200
17	1606200	1607560
17	1607560	1616360
17	1616360	1618120
17	1618120	1619320
17	1619320	1622440
17	1622440	1625680
17	1625680	1626800
17	1626800	1629520
17	1629520	1630560
17	1630560	1636520
17	1636520	1637560
17	1637560	1640160
17	1640160	1641480
17	1641480	1642240
17	1642240	1643560
17	1643560	1645320
17	1645320	1646680
17	1646680	1647480
17	1647480	1648720
17	1648720	1649440
17	1649440	1652600
17	1652600	1655040
17	1655040	1656400
17	1656400	1657760
17	1657760	1661320
17	1661320	1663240
17	1663240	1668600
17	1668600	1673000
17	1673000	1675360
17	1675360	1682360
17	1682360	1684080
17	1684080	1685560
17	1685560	1688760
17	1688760	1690280
17	1690280	1692480
17	1692480	1694160
17	1694160	1696160
17	1696160	1699040
17	1699040	1719800
18	1719800	1735360
18	1735360	1751680
18	1751680	1757080
18	1757080	1789880
18	1789880	1793880
18	1793880	1799760
18	1799760	1802000
18	1802000	1806720
18	1806720	1812440
18	1812440	1820320
18	1820320	1839080
18	1839080	1842080
18	1842080	1853520
18	1853520	1855760
18	1855760	1859840
18	1859840	1864120
18	1864120	1870040
18	1870040	1872840
18	1872840	1874960
18	1874960	1878400
18	1878400	1885280
18	1885280	1890960
18	1890960	1899680
19	1899680	1906080
19	1906080	1916800
19	1916800	1923040
19	1923040	1928160
19	1928160	1944160
19	1944160	1966960
20	1966960	1974040
20	1974040	1979920
20	1979920	1989960
20	1989960	1997920
20	1997920	2005680
20	2005680	2010440
20	2010440	2057680
21	2057680	2064400
21	2064400	2070320
22	2070320	2079360
22	2079360	2084760
22	2084760	2086400
22	2086400	2088280
22	2088280	2089280
22	2089280	2091760
22	2091760	2094080
22	2094080	2098360
22	2098360	2101360
22	2101360	2103160
22	2103160	2104480
22	2104480	2105640
22	2105640	2106920
22	2106920	2109200
22	2109200	2113000
22	2113000	2118200
22	2118200	2121520
22	2121520	2123760
22	2123760	2126520
22	2126520	2129640
22	2129640	2133280
22	2133280	2141280
23	2141280	2151840
23	2151840	2174440
23	2174440	2179480
23	2179480	2189160
23	2189160	2192720
23	2192720	2198440
23	2198440	2201840
23	2201840	2215280
23	2215280	2224240
24	2224240	2245960
24	2245960	2279480
24	2279480	2288320
24	2288320	2293680
24	2293680	2301120
24	2301120	2303640
24	2303640	2306280
24	2306280	2317720
24	2317720	2330400
24	2330400	2335280
24	2335280	2345480
24	2345480	2353080
24	2353080	2372080
24	2372080	2380160
24	2380160	2405080
24	2405080	2425560
24	2425560	2436360
24	2436360	2442040
24	2442040	2465760
25	2465760	2472560
25	2472560	2492920
25	2492920	2504600
25	2504600	2520360
25	2520360	2525720
25	2525720	2528600
25	2528600	2535360
25	2535360	2538680
25	2538680	2542480
25	2542480	2548520
25	2548520	2550680
25	2550680	2554040
25	2554040	2574640
25	2574640	2577080
25	2577080	2580560
25	2580560	2582080
25	2582080	2585400
25	2585400	2597160
25	2597160	2598960
25	2598960	2605600
25	2605600	2606640
25	2606640	2608200
25	2608200	2609400
25	2609400	2613800
25	2613800	2615280
25	2615280	2617040
25	2617040	2618000
25	2618000	2619480
25	2619480	2626240
25	2626240	2628600
25	2628600	2638520
25	2638520	2642440
25	2642440	2646080
25	2646080	2650120
25	2650120	2663120
25	2663120	2667520
25	2667520	2684600
26	2684600	2719640
26	2719640	2726360
26	2726360	2729000
