shot	start	end
0	0	2080
0	2080	10360
0	10360	46680
0	46680	52400
0	52400	56680
0	56680	71080
1	71080	74160
1	74160	88360
2	88360	101960
2	101960	117000
2	117000	119800
2	119800	141280
2	141280	154600
2	154600	157920
2	157920	171480
2	171480	175640
2	175640	185720
2	185720	190560
2	190560	192120
2	192120	194720
2	194720	199440
2	199440	202120
2	202120	206600
2	206600	207920
2	207920	210760
2	210760	217800
2	217800	220160
2	220160	222040
2	222040	223600
2	223600	224800
2	224800	226480
2	226480	228520
2	228520	232480
2	232480	235080
3	235080	236920
3	236920	240400
3	240400	251600
3	251600	256760
3	256760	262880
3	262880	265880
3	265880	272120
3	272120	274680
3	274680	277400
3	277400	279320
3	279320	280360
3	280360	283000
3	283000	284840
3	284840	295160
3	295160	300040
3	300040	306200
3	306200	310320
3	310320	312800
3	312800	327720
3	327720	330320
3	330320	333360
3	333360	334560
3	334560	360240
3	360240	371560
3	371560	374800
3	374800	378760
3	378760	388480
3	388480	392520
3	392520	403840
3	403840	411680
3	411680	423240
3	423240	426280
3	426280	431000
3	431000	455320
3	455320	486000
3	486000	497360
3	497360	500640
3	500640	508320
3	508320	530080
4	530080	531760
4	531760	533920
4	533920	537200
4	537200	543960
4	543960	546280
4	546280	548200
4	548200	552400
4	552400	555800
4	555800	561080
4	561080	567560
4	567560	577360
4	577360	589360
4	589360	602400
4	602400	604560
4	604560	610600
4	610600	613000
4	613000	619760
4	619760	623600
4	623600	625680
4	625680	628400
4	628400	633920
4	633920	639240
4	639240	640480
4	640480	645360
4	645360	652680
4	652680	655520
4	655520	664400
4	664400	667800
4	667800	672080
4	672080	678520
4	678520	680520
4	680520	684160
4	684160	686240
4	686240	689080
4	689080	699520
5	699520	702160
5	702160	719560
5	719560	756800
5	756800	769560
5	769560	775600
5	775600	780280
5	780280	784200
5	784200	792240
5	792240	794920
5	794920	803720
5	803720	813440
5	813440	818880
5	818880	832320
6	832320	836920
6	836920	839400
6	839400	842360
6	842360	855080
6	855080	864280
6	864280	877080
6	877080	904120
6	904120	905200
6	905200	906080
6	906080	917280
6	917280	923280
6	923280	927120
6	927120	931800
6	931800	934200
6	934200	937560
6	937560	966360
6	966360	970160
6	970160	981080
7	981080	983000
7	983000	990960
7	990960	994880
7	994880	998960
7	998960	1004200
7	1004200	1007720
7	1007720	1011520
7	1011520	1013360
7	1013360	1017200
7	1017200	1019960
7	1019960	1032480
7	1032480	1034360
7	1034360	1038720
7	1038720	1101480
7	1101480	1112160
7	1112160	1114560
7	1114560	1117680
7	1117680	1118880
7	1118880	1120120
7	1120120	1122440
7	1122440	1124200
7	1124200	1125440
7	1125440	1126560
7	1126560	1153280
8	1153280	1155160
8	1155160	1159320
8	1159320	1162240
8	1162240	1165800
8	1165800	1168080
8	1168080	1176000
8	1176000	1177640
8	1177640	1178320
8	1178320	1180200
8	1180200	1183200
8	1183200	1186400
8	1186400	1187640
8	1187640	1201200
9	1201200	1207920
9	1207920	1209360
9	1209360	1211360
9	1211360	1217080
10	1217080	1230560
10	1230560	1235200
10	1235200	1240080
10	1240080	1242560
10	1242560	1244840
10	1244840	1247200
10	1247200	1249120
10	1249120	1259600
10	1259600	1263040
10	1263040	1266280
10	1266280	1269440
10	1269440	1272840
10	1272840	1276640
10	1276640	1279480
10	1279480	1281200
10	1281200	1286720
10	1286720	1293760
10	1293760	1299040
10	1299040	1301400
10	1301400	1305640
10	1305640	1308480
10	1308480	1311840
10	1311840	1313960
10	1313960	1316920
10	1316920	1321880
10	1321880	1326320
10	1326320	1338520
10	1338520	1341240
10	1341240	1345440
10	1345440	1350160
10	1350160	1353760
10	1353760	1359720
10	1359720	1365560
10	1365560	1368160
10	1368160	1369720
10	1369720	1371760
10	1371760	1373360
10	1373360	1377640
10	1377640	1380240
10	1380240	1385480
10	1385480	1390120
10	1390120	1410520
11	1410520	1415160
11	1415160	1418200
11	1418200	1423280
11	1423280	1435320
11	1435320	1436560
11	1436560	1437240
11	1437240	1438200
11	1438200	1439400
11	1439400	1454120
11	1454120	1457360
11	1457360	1463720
11	1463720	1465280
11	1465280	1482840
12	1482840	1486520
12	1486520	1497000
12	1497000	1503800
12	1503800	1507200
12	1507200	1513240
12	1513240	1518320
12	1518320	1521640
12	1521640	1530400
12	1530400	1531760
12	1531760	1532480
12	1532480	1533200
12	1533200	1536800
12	1536800	1538320
12	1538320	1564520
12	1564520	1572800
12	1572800	1577960
12	1577960	1589120
12	1589120	1591480
12	1591480	1596280
12	1596280	1605400
12	1605400	1615760
12	1615760	1618840
13	1618840	1624200
13	1624200	1634920
13	1634920	1638160
13	1638160	1664760
13	1664760	1672640
13	1672640	1674640
13	1674640	1679240
14	1679240	1683480
14	1683480	1696840
14	1696840	1700920
14	1700920	1704080
14	1704080	1713880
14	1713880	1727400
14	1727400	1731760
14	1731760	1738640
14	1738640	1740160
14	1740160	1750240
14	1750240	1752400
14	1752400	1753960
14	1753960	1762240
14	1762240	1763400
14	1763400	1764800
14	1764800	1765680
14	1765680	1767320
14	1767320	1769920
14	1769920	1776760
14	1776760	1780440
14	1780440	1781400
14	1781400	1788560
14	1788560	1793760
14	1793760	1803280
14	1803280	1804360
14	1804360	1811840
14	1811840	1814920
14	1814920	1816360
14	1816360	1817360
14	1817360	1817760
14	1817760	1818520
14	1818520	1819320
14	1819320	1820240
14	1820240	1820920
14	1820920	1821440
14	1821440	1821720
14	1821720	1822160
14	1822160	1822520
14	1822520	1823040
14	1823040	1823800
14	1823800	1824800
14	1824800	1838240
14	1838240	1842640
14	1842640	1851200
15	1851200	1854000
15	1854000	1862160
15	1862160	1871040
15	1871040	1881480
15	1881480	1883120
15	1883120	1885880
15	1885880	1890840
15	1890840	1897920
15	1897920	1904360
15	1904360	1905560
15	1905560	1907320
15	1907320	1910440
15	1910440	1911880
15	1911880	1918400
15	1918400	1922200
15	1922200	1926120
15	1926120	1927880
15	1927880	1932000
15	1932000	1934200
15	1934200	1939920
15	1939920	1942400
15	1942400	1947880
15	1947880	1950880
15	1950880	1954600
15	1954600	1963520
15	1963520	1968320
15	1968320	1975040
15	1975040	1978800
15	1978800	1986800
15	1986800	1990840
15	1990840	1998720
15	1998720	2009360
15	2009360	2016320
15	2016320	2021680
15	2021680	2026640
15	2026640	2029400
15	2029400	2032840
15	2032840	2033960
15	2033960	2034600
15	2034600	2035320
15	2035320	2035880
15	2035880	2047480
16	2047480	2060520
16	2060520	2072280
16	2072280	2134880
16	2134880	2142880
16	2142880	2147400
16	2147400	2155400
16	2155400	2161320
16	2161320	2164040
16	2164040	2167800
16	2167800	2171840
16	2171840	2175720
16	2175720	2186320
16	2186320	2195680
16	2195680	2197200
16	2197200	2200080
16	2200080	2204960
16	2204960	2208120
16	2208120	2220400
16	2220400	2222000
16	2222000	2223680
16	2223680	2224880
16	2224880	2226320
16	2226320	2229440
16	2229440	2233000
16	2233000	2238320
16	2238320	2241920
16	2241920	2252960
16	2252960	2258560
16	2258560	2260480
16	2260480	2261840
16	2261840	2269360
16	2269360	2272120
16	2272120	2275240
16	2275240	2283920
16	2283920	2288680
16	2288680	2292680
16	2292680	2294600
16	2294600	2308560
16	2308560	2310480
16	2310480	2315080
16	2315080	2330880
16	2330880	2333680
16	2333680	2344400
16	2344400	2348360
16	2348360	2351360
16	2351360	2356640
16	2356640	2363960
16	2363960	2378160
16	2378160	2379880
16	2379880	2382600
16	2382600	2385040
16	2385040	2386200
16	2386200	2388320
16	2388320	2390080
16	2390080	2392400
16	2392400	2393520
16	2393520	2395680
17	2395680	2397960
17	2397960	2399360
17	2399360	2403560
17	2403560	2411800
17	2411800	2417560
17	2417560	2421040
17	2421040	2422600
17	2422600	2429120
17	2429120	2434320
17	2434320	2437200
17	2437200	2441280
17	2441280	2444040
17	2444040	2447800
17	2447800	2452440
17	2452440	2455520
17	2455520	2459680
17	2459680	2463320
17	2463320	2466040
17	2466040	2470400
17	2470400	2472800
17	2472800	2474840
17	2474840	2478280
17	2478280	2479880
17	2479880	2481040
17	2481040	2482360
17	2482360	2483000
17	2483000	2487720
17	2487720	2488480
17	2488480	2489480
17	2489480	2492760
17	2492760	2494040
17	2494040	2495440
17	2495440	2496560
17	2496560	2497920
17	2497920	2499600
17	2499600	2505040
17	2505040	2506680
17	2506680	2520200
18	2520200	2539720
18	2539720	2546880
18	2546880	2557360
18	2557360	2563560
18	2563560	2564680
18	2564680	2578040
18	2578040	2581200
18	2581200	2590080
18	2590080	2617120
19	2617120	2621440
19	2621440	2660560
19	2660560	2663280
19	2663280	2684760
20	2684760	2719800
20	2719800	2726520
20	2726520	2729200
