shot	start	end
0	0	22480
0	22480	26080
0	26080	28360
0	28360	30480
0	30480	32840
0	32840	36840
0	36840	39040
0	39040	41480
0	41480	53200
0	53200	55640
0	55640	59440
0	59440	62200
0	62200	73600
1	73600	76680
1	76680	99880
2	99880	123760
2	123760	129120
2	129120	142400
2	142400	144880
2	144880	148600
2	148600	151680
2	151680	154520
2	154520	159520
2	159520	164840
2	164840	168880
2	168880	173640
2	173640	177040
2	177040	187680
3	187680	192840
3	192840	204800
3	204800	236880
3	236880	257440
3	257440	296040
3	296040	299920
4	299920	315600
4	315600	337840
4	337840	341880
4	341880	346240
4	346240	351760
4	351760	360200
4	360200	366640
4	366640	368760
4	368760	371280
4	371280	376440
4	376440	386760
4	386760	394800
4	394800	402880
4	402880	406760
4	406760	410600
4	410600	415280
4	415280	424280
4	424280	438600
4	438600	450040
4	450040	453040
4	453040	463800
4	463800	466760
4	466760	471240
5	471240	474680
5	474680	480560
5	480560	483880
5	483880	490320
5	490320	504880
5	504880	506280
5	506280	515640
5	515640	527360
5	527360	534640
5	534640	541240
5	541240	543120
5	543120	558280
5	558280	565160
5	565160	572000
5	572000	577320
5	577320	579480
5	579480	580880
5	580880	585400
5	585400	586200
5	586200	587160
5	587160	589320
5	589320	597280
5	597280	603240
5	603240	608320
5	608320	611920
5	611920	616280
5	616280	619120
5	619120	622200
5	622200	625400
5	625400	628920
5	628920	638640
5	638640	642360
5	642360	646120
6	646120	650680
6	650680	658440
6	658440	666600
6	666600	681760
6	681760	697320
6	697320	700160
6	700160	714360
6	714360	715960
6	715960	719560
6	719560	727240
6	727240	741080
6	741080	760320
6	760320	770800
6	770800	777600
6	777600	783640
6	783640	787040
6	787040	789840
6	789840	795560
6	795560	809760
6	809760	813400
6	813400	818480
6	818480	830160
6	830160	832800
6	832800	840800
6	840800	845640
6	845640	849520
6	849520	853360
6	853360	857480
6	857480	859320
6	859320	863520
6	863520	872800
6	872800	878040
6	878040	880440
6	880440	883640
6	883640	887280
6	887280	890080
6	890080	891920
6	891920	899680
6	899680	907000
6	907000	918840
7	918840	926280
7	926280	936760
7	936760	941160
7	941160	959080
7	959080	963400
7	963400	966440
7	966440	977880
7	977880	988800
7	988800	992600
7	992600	994440
7	994440	997360
7	997360	998800
7	998800	1002520
7	1002520	1003680
7	1003680	1005200
7	1005200	1010400
7	1010400	1011800
7	1011800	1014800
7	1014800	1018720
7	1018720	1022000
7	1022000	1028560
7	1028560	1029920
7	1029920	1031200
7	1031200	1032000
7	1032000	1036280
8	1036280	1043000
8	1043000	1047080
8	1047080	1059120
9	1059120	1062440
9	1062440	1068840
9	1068840	1091960
9	1091960	1122000
9	1122000	1125560
9	1125560	1130960
10	1130960	1137360
10	1137360	1148760
10	1148760	1153160
10	1153160	1155520
11	1155520	1160880
11	1160880	1173000
11	1173000	1176440
11	1176440	1179000
11	1179000	1181000
11	1181000	1191600
11	1191600	1196960
11	1196960	1200200
11	1200200	1202720
11	1202720	1207480
11	1207480	1217280
11	1217280	1221880
12	1221880	1226080
12	1226080	1255600
12	1255600	1257520
12	1257520	1262160
12	1262160	1264920
12	1264920	1267200
12	1267200	1272520
13	1272520	1276320
13	1276320	1284240
13	1284240	1287920
13	1287920	1292520
13	1292520	1296120
13	1296120	1301840
13	1301840	1306160
13	1306160	1311520
13	1311520	1314560
13	1314560	1317240
13	1317240	1319760
13	1319760	1326320
13	1326320	1329360
13	1329360	1333280
13	1333280	1335680
13	1335680	1339440
13	1339440	1343440
13	1343440	1348240
13	1348240	1356840
13	1356840	1363200
13	1363200	1365440
13	1365440	1368240
13	1368240	1369280
13	1369280	1371960
13	1371960	1375720
13	1375720	1388440
13	1388440	1404720
13	1404720	1407360
13	1407360	1412600
13	1412600	1414840
13	1414840	1417680
13	1417680	1419360
13	1419360	1421520
14	1421520	1425800
14	1425800	1433680
14	1433680	1437640
14	1437640	1443000
14	1443000	1449840
14	1449840	1459160
14	1459160	1460040
14	1460040	1462400
14	1462400	1468640
14	1468640	1471000
14	1471000	1473280
14	1473280	1474560
14	1474560	1476280
14	1476280	1478800
14	1478800	1483640
14	1483640	1490560
14	1490560	1494400
14	1494400	1498200
14	1498200	1503320
14	1503320	1506320
14	1506320	1515600
14	1515600	1523240
15	1523240	1534600
15	1534600	1542200
15	1542200	1543800
15	1543800	1549960
15	1549960	1554040
15	1554040	1559680
15	1559680	1562080
15	1562080	1564120
15	1564120	1565320
15	1565320	1567160
15	1567160	1568560
15	1568560	1584800
15	1584800	1595280
15	1595280	1601720
15	1601720	1603880
15	1603880	1614040
15	1614040	1620200
15	1620200	1623000
15	1623000	1628240
15	1628240	1653720
15	1653720	1669960
15	1669960	1672320
15	1672320	1692200
15	1692200	1695600
15	1695600	1698960
15	1698960	1701160
15	1701160	1708840
15	1708840	1716080
16	1716080	1735760
16	1735760	1740640
16	1740640	1755360
16	1755360	1758560
16	1758560	1760600
16	1760600	1771360
16	1771360	1776000
16	1776000	1785840
16	1785840	1794440
16	1794440	1797040
16	1797040	1801640
16	1801640	1803200
16	1803200	1806360
16	1806360	1807960
16	1807960	1810800
16	1810800	1816160
16	1816160	1818800
16	1818800	1823960
16	1823960	1827600
16	1827600	1830120
16	1830120	1832240
16	1832240	1836240
16	1836240	1843080
16	1843080	1846640
16	1846640	1849120
16	1849120	1857640
16	1857640	1865400
16	1865400	1868840
16	1868840	1875360
16	1875360	1881360
17	1881360	1893360
17	1893360	1896520
17	1896520	1901040
17	1901040	1908400
17	1908400	1920920
18	1920920	1926880
18	1926880	1941800
18	1941800	1944320
18	1944320	1955920
18	1955920	1963040
18	1963040	1965400
18	1965400	1967520
18	1967520	1969320
18	1969320	1970960
18	1970960	1973080
18	1973080	1975760
18	1975760	1979080
18	1979080	1981000
18	1981000	1984800
18	1984800	1986640
18	1986640	1988480
18	1988480	1991840
18	1991840	1994560
18	1994560	1997640
18	1997640	2000200
18	2000200	2002720
18	2002720	2007640
18	2007640	2009560
18	2009560	2014120
19	2014120	2030680
19	2030680	2040920
19	2040920	2044800
19	2044800	2049360
19	2049360	2051920
19	2051920	2056640
19	2056640	2062440
19	2062440	2069800
19	2069800	2074320
19	2074320	2076760
19	2076760	2078960
19	2078960	2080720
19	2080720	2081800
19	2081800	2083720
19	2083720	2085480
19	2085480	2100520
19	2100520	2108080
19	2108080	2119960
19	2119960	2127120
19	2127120	2135920
19	2135920	2140720
19	2140720	2147920
19	2147920	2150560
19	2150560	2161120
19	2161120	2180200
19	2180200	2190320
19	2190320	2196000
19	2196000	2200920
19	2200920	2209320
19	2209320	2215360
19	2215360	2216880
19	2216880	2222160
19	2222160	2225200
19	2225200	2226320
19	2226320	2229120
19	2229120	2241920
20	2241920	2261480
20	2261480	2269120
20	2269120	2274840
20	2274840	2297720
20	2297720	2313040
20	2313040	2316360
20	2316360	2321120
20	2321120	2326360
20	2326360	2329200
20	2329200	2335600
20	2335600	2358360
21	2358360	2369760
21	2369760	2374720
21	2374720	2376360
21	2376360	2385720
21	2385720	2390800
21	2390800	2395200
21	2395200	2401120
21	2401120	2408360
21	2408360	2413800
22	2413800	2420120
22	2420120	2431400
22	2431400	2434640
22	2434640	2436240
22	2436240	2446480
23	2446480	2449200
23	2449200	2460360
23	2460360	2463920
23	2463920	2467600
24	2467600	2473800
24	2473800	2486720
24	2486720	2495480
24	2495480	2498760
24	2498760	2506640
24	2506640	2510800
24	2510800	2514040
24	2514040	2518760
24	2518760	2523040
24	2523040	2535240
24	2535240	2538200
24	2538200	2544280
24	2544280	2546280
24	2546280	2550200
24	2550200	2551720
24	2551720	2555600
24	2555600	2558080
24	2558080	2560520
24	2560520	2564120
24	2564120	2565760
24	2565760	2569760
24	2569760	2580640
24	2580640	2588040
24	2588040	2589080
24	2589080	2590240
24	2590240	2591480
24	2591480	2595960
25	2595960	2613720
25	2613720	2617640
25	2617640	2622800
25	2622800	2626960
25	2626960	2631440
25	2631440	2636440
25	2636440	2640960
25	2640960	2654160
25	2654160	2660280
25	2660280	2675080
25	2675080	2678120
25	2678120	2682800
26	2682800	2717840
26	2717840	2724560
26	2724560	2727120
