shot	start	end
0	0	11000
0	11000	17240
0	17240	18880
0	18880	21160
0	21160	23800
0	23800	27000
0	27000	32640
0	32640	36040
0	36040	43360
0	43360	54480
0	54480	65360
0	65360	70320
0	70320	87240
0	87240	101960
0	101960	132440
0	132440	135040
0	135040	137880
0	137880	141360
0	141360	143480
0	143480	144920
0	144920	146200
0	146200	148560
0	148560	158800
0	158800	159240
0	159240	162520
0	162520	169760
1	169760	172840
1	172840	197800
2	197800	209560
2	209560	233360
2	233360	240640
2	240640	248120
2	248120	255880
2	255880	256680
2	256680	258720
2	258720	260040
2	260040	263360
2	263360	267280
2	267280	285120
3	285120	287760
3	287760	325520
3	325520	335560
3	335560	337560
3	337560	341160
3	341160	342400
3	342400	345320
3	345320	347200
3	347200	350280
3	350280	353360
3	353360	354920
3	354920	365760
3	365760	374840
3	374840	380120
3	380120	383400
3	383400	387480
3	387480	392960
3	392960	395240
3	395240	396600
3	396600	398400
3	398400	401000
3	401000	405080
3	405080	407160
3	407160	426280
3	426280	432160
3	432160	439360
3	439360	445000
3	445000	448840
3	448840	451320
3	451320	457520
3	457520	459800
3	459800	464440
3	464440	466520
3	466520	469520
3	469520	480520
3	480520	485560
3	485560	488240
3	488240	494040
3	494040	497520
3	497520	522080
3	522080	526320
3	526320	530480
4	530480	535000
4	535000	552960
4	552960	559720
4	559720	567800
4	567800	582240
4	582240	586760
4	586760	591000
4	591000	593840
4	593840	597280
4	597280	603480
4	603480	607880
4	607880	614480
4	614480	619880
4	619880	623440
4	623440	627720
4	627720	631400
4	631400	637280
4	637280	653240
4	653240	657760
4	657760	667960
4	667960	670680
4	670680	675360
5	675360	678800
5	678800	685960
5	685960	707000
5	707000	716520
5	716520	720440
5	720440	721480
5	721480	722560
5	722560	728040
5	728040	730960
5	730960	737800
5	737800	746040
5	746040	750880
5	750880	763400
5	763400	766640
5	766640	775560
5	775560	779200
5	779200	800000
5	800000	801680
5	801680	803440
5	803440	824200
6	824200	841200
6	841200	845440
6	845440	849320
6	849320	860040
6	860040	865960
6	865960	873480
6	873480	880280
6	880280	886600
6	886600	889560
6	889560	892280
7	892280	903320
7	903320	907520
7	907520	913040
7	913040	922440
7	922440	927240
7	927240	932120
8	932120	944320
8	944320	948600
8	948600	955480
8	955480	959840
8	959840	962000
8	962000	964400
8	964400	965440
8	965440	967840
8	967840	971320
8	971320	974200
8	974200	976640
8	976640	978800
8	978800	982840
8	982840	987760
8	987760	999080
8	999080	1000680
8	1000680	1011440
8	1011440	1025080
8	1025080	1027760
8	1027760	1029360
8	1029360	1030680
8	1030680	1031640
8	1031640	1032040
8	1032040	1034160
8	1034160	1035360
8	1035360	1035960
8	1035960	1038720
8	1038720	1039760
8	1039760	1040760
8	1040760	1042480
8	1042480	1044160
8	1044160	1046520
8	1046520	1048720
9	1048720	1054720
9	1054720	1058600
9	1058600	1062640
9	1062640	1065760
9	1065760	1074840
9	1074840	1082080
9	1082080	1089720
9	1089720	1091480
9	1091480	1094240
9	1094240	1098680
9	1098680	1105800
9	1105800	1107880
9	1107880	1111320
9	1111320	1114360
9	1114360	1117760
9	1117760	1120440
9	1120440	1153760
10	1153760	1160320
10	1160320	1166640
10	1166640	1191680
10	1191680	1195280
10	1195280	1199600
10	1199600	1209680
10	1209680	1215800
10	1215800	1228080
10	1228080	1236360
10	1236360	1238400
10	1238400	1249000
10	1249000	1264760
11	1264760	1269160
11	1269160	1277000
11	1277000	1288160
11	1288160	1290720
11	1290720	1303800
12	1303800	1306120
12	1306120	1307000
12	1307000	1311840
12	1311840	1312960
12	1312960	1315280
12	1315280	1318040
12	1318040	1319600
12	1319600	1321440
12	1321440	1326480
12	1326480	1329160
12	1329160	1330240
12	1330240	1331200
12	1331200	1332920
12	1332920	1333880
12	1333880	1335120
12	1335120	1338560
12	1338560	1339920
12	1339920	1340840
12	1340840	1343000
12	1343000	1346160
12	1346160	1347560
12	1347560	1350240
12	1350240	1352120
12	1352120	1353480
12	1353480	1362760
12	1362760	1366600
12	1366600	1369320
12	1369320	1373480
12	1373480	1375320
12	1375320	1377760
12	1377760	1378640
12	1378640	1384760
12	1384760	1388760
12	1388760	1390760
12	1390760	1395800
12	1395800	1399000
12	1399000	1402960
12	1402960	1406040
12	1406040	1417080
12	1417080	1419880
12	1419880	1420800
12	1420800	1424520
12	1424520	1427560
12	1427560	1429520
12	1429520	1434880
12	1434880	1437280
12	1437280	1441440
12	1441440	1447080
12	1447080	1451440
12	1451440	1454000
12	1454000	1456680
12	1456680	1457800
12	1457800	1463520
12	1463520	1467600
12	1467600	1469400
12	1469400	1471440
12	1471440	1473200
12	1473200	1477800
12	1477800	1481040
12	1481040	1485360
12	1485360	1487880
12	1487880	1492720
13	1492720	1507440
13	1507440	1510880
13	1510880	1511160
13	1511160	1512120
13	1512120	1517800
13	1517800	1524120
14	1524120	1527080
14	1527080	1529040
14	1529040	1530440
14	1530440	1531800
14	1531800	1550520
15	1550520	1554560
15	1554560	1558760
15	1558760	1561360
15	1561360	1571360
15	1571360	1573880
15	1573880	1577680
15	1577680	1581480
15	1581480	1582760
15	1582760	1588120
15	1588120	1590760
15	1590760	1613240
15	1613240	1620400
15	1620400	1623880
15	1623880	1628000
15	1628000	1630920
15	1630920	1632800
15	1632800	1636680
15	1636680	1637640
15	1637640	1640640
15	1640640	1641800
15	1641800	1648400
15	1648400	1651640
15	1651640	1653120
15	1653120	1656120
15	1656120	1659520
15	1659520	1662240
15	1662240	1667440
15	1667440	1669360
15	1669360	1671480
15	1671480	1673760
15	1673760	1676760
16	1676760	1716880
16	1716880	1721560
16	1721560	1758000
16	1758000	1761280
16	1761280	1768360
16	1768360	1771880
16	1771880	1776840
16	1776840	1778320
16	1778320	1786280
16	1786280	1789920
16	1789920	1797520
16	1797520	1809560
16	1809560	1813200
16	1813200	1817280
16	1817280	1828840
16	1828840	1835040
16	1835040	1840280
16	1840280	1843160
16	1843160	1848840
16	1848840	1852080
16	1852080	1856640
16	1856640	1860520
16	1860520	1863440
16	1863440	1866280
16	1866280	1868560
16	1868560	1869320
16	1869320	1870520
16	1870520	1872480
16	1872480	1874560
16	1874560	1876800
16	1876800	1882680
16	1882680	1884440
16	1884440	1886240
16	1886240	1888240
16	1888240	1891480
16	1891480	1896880
16	1896880	1898200
16	1898200	1901280
16	1901280	1903440
16	1903440	1905880
16	1905880	1908480
16	1908480	1910640
16	1910640	1912360
16	1912360	1914080
16	1914080	1923000
16	1923000	1925400
16	1925400	1933440
16	1933440	1937080
16	1937080	1942640
16	1942640	1950320
17	1950320	1966040
17	1966040	1969000
17	1969000	1997440
17	1997440	1998640
17	1998640	1999320
17	1999320	2000680
17	2000680	2002880
17	2002880	2006560
17	2006560	2009520
17	2009520	2019440
17	2019440	2021520
17	2021520	2023120
17	2023120	2027520
17	2027520	2033160
17	2033160	2034640
17	2034640	2037920
17	2037920	2039840
17	2039840	2041320
17	2041320	2044000
17	2044000	2045920
17	2045920	2047000
17	2047000	2048360
17	2048360	2051320
17	2051320	2054800
17	2054800	2068880
18	2068880	2119160
18	2119160	2132480
18	2132480	2150600
18	2150600	2153520
18	2153520	2155080
18	2155080	2177640
18	2177640	2185440
18	2185440	2190480
18	2190480	2194000
18	2194000	2204960
18	2204960	2216960
18	2216960	2222400
18	2222400	2236280
18	2236280	2240280
18	2240280	2244520
18	2244520	2247120
18	2247120	2250680
18	2250680	2254160
18	2254160	2257480
18	2257480	2259840
18	2259840	2262040
18	2262040	2270800
18	2270800	2273040
18	2273040	2282160
18	2282160	2288400
18	2288400	2296200
18	2296200	2299040
18	2299040	2301520
18	2301520	2304800
18	2304800	2306200
18	2306200	2309120
18	2309120	2312600
18	2312600	2321640
18	2321640	2327320
18	2327320	2338480
18	2338480	2361120
18	2361120	2376880
18	2376880	2381680
18	2381680	2390120
18	2390120	2426240
19	2426240	2431480
19	2431480	2435840
19	2435840	2438560
19	2438560	2443880
19	2443880	2447760
19	2447760	2452480
19	2452480	2455880
19	2455880	2471680
19	2471680	2479440
19	2479440	2483440
19	2483440	2491320
19	2491320	2493520
19	2493520	2494800
19	2494800	2497800
19	2497800	2498240
19	2498240	2506400
19	2506400	2508120
19	2508120	2510000
19	2510000	2513360
19	2513360	2515960
19	2515960	2524600
19	2524600	2525760
19	2525760	2526920
19	2526920	2534120
19	2534120	2540040
19	2540040	2544120
19	2544120	2549440
19	2549440	2552000
19	2552000	2559200
19	2559200	2560840
19	2560840	2562360
19	2562360	2562960
19	2562960	2565040
19	2565040	2566920
19	2566920	2568080
19	2568080	2570520
19	2570520	2571880
19	2571880	2574480
19	2574480	2576200
19	2576200	2579960
19	2579960	2584800
19	2584800	2590640
19	2590640	2591560
19	2591560	2602640
19	2602640	2609640
19	2609640	2613960
19	2613960	2615040
19	2615040	2618640
19	2618640	2619600
19	2619600	2621800
19	2621800	2624400
19	2624400	2629680
19	2629680	2636480
19	2636480	2682400
20	2682400	2717440
20	2717440	2724160
20	2724160	2726640
