shot	start	end
0	0	8000
0	8000	11160
0	11160	14000
0	14000	17240
0	17240	20040
0	20040	30280
0	30280	34800
0	34800	38920
0	38920	72760
0	72760	75640
0	75640	77920
0	77920	80720
0	80720	90200
0	90200	93280
0	93280	94640
0	94640	104320
0	104320	106360
0	106360	109480
0	109480	112000
0	112000	114600
0	114600	118560
0	118560	126600
0	126600	129040
0	129040	131400
0	131400	146000
1	146000	149080
2	149080	167560
2	167560	172840
2	172840	176200
2	176200	177760
2	177760	179160
2	179160	181240
2	181240	182520
2	182520	185760
2	185760	197080
2	197080	201560
2	201560	216520
3	216520	220280
3	220280	231280
3	231280	263320
3	263320	282440
3	282440	296040
4	296040	302200
4	302200	309840
4	309840	312680
4	312680	315680
4	315680	325800
4	325800	328800
4	328800	334280
4	334280	365120
4	365120	369840
4	369840	372880
4	372880	377160
4	377160	380960
4	380960	381800
4	381800	385240
4	385240	390520
4	390520	392800
4	392800	395400
4	395400	397720
4	397720	398640
4	398640	400960
4	400960	403520
4	403520	408160
4	408160	411680
4	411680	415200
4	415200	424520
4	424520	435360
4	435360	439560
4	439560	441720
4	441720	444880
4	444880	449200
4	449200	453760
4	453760	464320
4	464320	465800
4	465800	468520
4	468520	470240
4	470240	479520
4	479520	484720
4	484720	488880
4	488880	496080
4	496080	500920
4	500920	506280
4	506280	515800
4	515800	518840
4	518840	523840
4	523840	531680
4	531680	538720
4	538720	551160
4	551160	560760
4	560760	575000
5	575000	579760
5	579760	595400
5	595400	604640
5	604640	607160
5	607160	615840
5	615840	618960
5	618960	621880
5	621880	628640
5	628640	634120
5	634120	641240
5	641240	642640
5	642640	646480
5	646480	649200
5	649200	662320
5	662320	665760
5	665760	669960
5	669960	676000
5	676000	681160
5	681160	683800
5	683800	689960
5	689960	691880
5	691880	694480
5	694480	700840
5	700840	704200
5	704200	706520
5	706520	711120
6	711120	717200
6	717200	736200
6	736200	739640
6	739640	747720
6	747720	752760
6	752760	758000
7	758000	762280
7	762280	770600
7	770600	774960
7	774960	778840
7	778840	782520
7	782520	784520
7	784520	786240
7	786240	788400
7	788400	798200
7	798200	810480
7	810480	820240
7	820240	832640
7	832640	840280
7	840280	845480
7	845480	848680
7	848680	857840
7	857840	862400
7	862400	867040
7	867040	876560
7	876560	886440
8	886440	894400
8	894400	907680
8	907680	923680
8	923680	933600
9	933600	936400
9	936400	940920
9	940920	945160
9	945160	950280
9	950280	953560
9	953560	955720
9	955720	966160
9	966160	968160
9	968160	984160
9	984160	988800
9	988800	991720
9	991720	996000
9	996000	1004120
9	1004120	1010160
9	1010160	1013960
9	1013960	1017120
9	1017120	1025320
9	1025320	1029080
9	1029080	1031120
9	1031120	1033840
9	1033840	1041040
9	1041040	1043120
9	1043120	1066880
9	1066880	1070080
9	1070080	1075160
9	1075160	1078160
9	1078160	1081400
10	1081400	1100200
10	1100200	1102400
10	1102400	1114320
11	1114320	1118920
11	1118920	1130800
11	1130800	1136040
11	1136040	1149320
12	1149320	1160080
12	1160080	1166280
12	1166280	1181080
12	1181080	1187000
12	1187000	1190480
12	1190480	1197440
12	1197440	1199640
12	1199640	1207680
12	1207680	1212800
12	1212800	1223760
12	1223760	1227960
12	1227960	1230560
12	1230560	1232360
12	1232360	1248040
12	1248040	1249760
12	1249760	1252280
12	1252280	1253760
12	1253760	1263000
12	1263000	1268480
12	1268480	1273720
12	1273720	1292400
12	1292400	1298240
12	1298240	1310480
12	1310480	1320120
12	1320120	1329760
12	1329760	1335800
12	1335800	1338200
12	1338200	1344200
13	1344200	1352200
13	1352200	1359360
13	1359360	1367320
13	1367320	1373240
13	1373240	1376080
13	1376080	1386880
13	1386880	1391160
13	1391160	1410840
13	1410840	1427400
13	1427400	1439280
13	1439280	1442280
14	1442280	1453920
14	1453920	1462720
14	1462720	1466760
14	1466760	1470440
14	1470440	1478560
14	1478560	1480200
14	1480200	1482320
14	1482320	1484640
14	1484640	1489560
14	1489560	1492600
14	1492600	1494160
14	1494160	1511240
14	1511240	1513840
14	1513840	1520800
14	1520800	1523000
14	1523000	1525040
14	1525040	1529560
14	1529560	1531360
14	1531360	1535600
15	1535600	1537800
15	1537800	1546400
15	1546400	1553120
15	1553120	1558480
15	1558480	1565640
15	1565640	1567200
15	1567200	1569760
15	1569760	1570880
15	1570880	1572560
15	1572560	1574640
15	1574640	1580800
15	1580800	1583480
15	1583480	1586240
15	1586240	1594640
15	1594640	1601840
15	1601840	1605680
15	1605680	1611200
15	1611200	1620080
15	1620080	1622400
15	1622400	1624760
15	1624760	1633600
15	1633600	1639160
15	1639160	1641680
15	1641680	1643800
15	1643800	1646280
15	1646280	1649880
15	1649880	1652040
15	1652040	1653160
15	1653160	1655680
16	1655680	1658040
16	1658040	1662120
16	1662120	1679400
16	1679400	1691800
16	1691800	1695960
16	1695960	1699400
16	1699400	1715600
16	1715600	1734000
16	1734000	1740120
16	1740120	1749400
17	1749400	1755360
17	1755360	1771360
17	1771360	1777960
17	1777960	1785040
17	1785040	1786160
17	1786160	1789120
17	1789120	1796040
17	1796040	1806920
17	1806920	1809840
17	1809840	1814320
17	1814320	1817400
17	1817400	1821360
17	1821360	1823920
17	1823920	1826480
17	1826480	1828520
17	1828520	1832880
17	1832880	1839480
17	1839480	1863680
18	1863680	1867080
18	1867080	1872480
18	1872480	1884600
18	1884600	1891440
18	1891440	1900120
18	1900120	1904360
18	1904360	1910720
18	1910720	1921360
18	1921360	1924680
18	1924680	1926840
18	1926840	1929680
18	1929680	1932880
18	1932880	1934080
18	1934080	1939440
18	1939440	1943160
18	1943160	1951400
18	1951400	1954400
18	1954400	1957760
18	1957760	1964480
19	1964480	1971960
19	1971960	1977440
19	1977440	1979120
19	1979120	1983560
19	1983560	1985800
19	1985800	1988720
19	1988720	1991080
19	1991080	1993200
19	1993200	1997040
19	1997040	2000640
19	2000640	2002960
19	2002960	2009000
19	2009000	2010440
19	2010440	2013040
19	2013040	2015360
19	2015360	2016600
19	2016600	2018440
19	2018440	2021160
19	2021160	2022720
19	2022720	2024440
19	2024440	2027440
19	2027440	2029480
19	2029480	2045400
20	2045400	2053160
20	2053160	2060760
20	2060760	2070720
20	2070720	2079800
20	2079800	2085160
20	2085160	2087240
20	2087240	2089240
20	2089240	2093400
20	2093400	2101240
20	2101240	2111440
20	2111440	2114320
20	2114320	2122400
20	2122400	2125920
21	2125920	2129560
21	2129560	2131680
21	2131680	2139080
21	2139080	2155400
21	2155400	2166240
21	2166240	2169160
21	2169160	2186160
22	2186160	2197440
22	2197440	2202080
23	2202080	2206000
23	2206000	2209360
23	2209360	2215600
23	2215600	2219320
23	2219320	2221760
23	2221760	2224720
23	2224720	2227080
23	2227080	2230320
23	2230320	2233360
23	2233360	2236600
23	2236600	2237280
23	2237280	2242280
23	2242280	2247280
23	2247280	2249800
23	2249800	2255440
23	2255440	2258640
23	2258640	2260520
23	2260520	2262320
23	2262320	2266120
23	2266120	2274000
23	2274000	2280080
23	2280080	2287920
23	2287920	2291120
23	2291120	2301760
23	2301760	2304400
23	2304400	2320120
23	2320120	2323400
23	2323400	2325200
23	2325200	2328440
23	2328440	2330760
23	2330760	2333520
23	2333520	2336000
23	2336000	2337280
23	2337280	2341680
23	2341680	2345880
23	2345880	2349000
23	2349000	2351040
23	2351040	2356880
23	2356880	2361440
23	2361440	2369200
23	2369200	2372920
23	2372920	2377920
23	2377920	2381200
23	2381200	2405680
23	2405680	2407520
23	2407520	2409640
23	2409640	2421280
23	2421280	2426720
23	2426720	2443520
23	2443520	2449520
23	2449520	2462640
23	2462640	2463920
23	2463920	2469960
23	2469960	2471360
23	2471360	2474120
23	2474120	2483720
23	2483720	2490120
23	2490120	2496760
23	2496760	2503840
23	2503840	2520400
23	2520400	2526840
23	2526840	2529000
23	2529000	2537840
23	2537840	2543400
23	2543400	2550240
23	2550240	2555080
24	2555080	2560920
24	2560920	2575720
24	2575720	2608680
24	2608680	2612600
24	2612600	2616600
24	2616600	2619880
24	2619880	2622520
24	2622520	2626880
25	2626880	2632600
25	2632600	2643040
25	2643040	2646240
25	2646240	2653760
25	2653760	2673840
25	2673840	2676840
25	2676840	2681360
25	2681360	2694560
26	2694560	2730240
26	2730240	2736960
26	2736960	2739440
