shot	start	end
0	0	11240
0	11240	13720
0	13720	16680
0	16680	24960
0	24960	29920
0	29920	36000
0	36000	39320
0	39320	47280
0	47280	50720
0	50720	54920
0	54920	57480
0	57480	60920
0	60920	64440
0	64440	66760
0	66760	68880
0	68880	70720
0	70720	73160
0	73160	74320
0	74320	76040
0	76040	79080
0	79080	82480
0	82480	86360
0	86360	89360
0	89360	92080
0	92080	99320
0	99320	103680
1	103680	109080
1	109080	115400
1	115400	131560
2	131560	136480
2	136480	143880
2	143880	146560
2	146560	151080
2	151080	157400
2	157400	159280
2	159280	163040
2	163040	165600
2	165600	170040
2	170040	171600
2	171600	174560
2	174560	180280
2	180280	183040
2	183040	187320
3	187320	190400
3	190400	209000
4	209000	215400
4	215400	217080
4	217080	219400
4	219400	221560
4	221560	225720
4	225720	231000
4	231000	232200
4	232200	236640
4	236640	240800
4	240800	244120
4	244120	249040
4	249040	255760
4	255760	258800
4	258800	264880
4	264880	268480
4	268480	270960
4	270960	275440
5	275440	283200
5	283200	287280
5	287280	303400
5	303400	308080
5	308080	320240
5	320240	345800
5	345800	356120
5	356120	366680
5	366680	377480
5	377480	394000
5	394000	416400
5	416400	422080
6	422080	424360
6	424360	442680
6	442680	475640
6	475640	480200
6	480200	483840
6	483840	486240
6	486240	487080
6	487080	488680
6	488680	492320
7	492320	508160
7	508160	513920
7	513920	517760
7	517760	519080
7	519080	523680
7	523680	527280
7	527280	529800
7	529800	533320
7	533320	534760
7	534760	536520
7	536520	544840
7	544840	548440
7	548440	552120
7	552120	553600
7	553600	555680
7	555680	558800
7	558800	560440
7	560440	563600
7	563600	565160
7	565160	568400
7	568400	571640
7	571640	575600
7	575600	578720
7	578720	581600
7	581600	590360
7	590360	595400
7	595400	597320
7	597320	600040
7	600040	607440
8	607440	609480
8	609480	612760
9	612760	614880
9	614880	642760
9	642760	648040
9	648040	673720
9	673720	683040
9	683040	686640
9	686640	687680
9	687680	691160
9	691160	695240
10	695240	716800
10	716800	720640
10	720640	721080
10	721080	721160
10	721160	721440
10	721440	721800
10	721800	722120
10	722120	722680
10	722680	722800
10	722800	723640
10	723640	724720
10	724720	724960
10	724960	726560
10	726560	726640
10	726640	727000
10	727000	728320
10	728320	731560
10	731560	751760
10	751760	769080
11	769080	795400
11	795400	798360
11	798360	806120
11	806120	817920
11	817920	821720
11	821720	824600
11	824600	834320
11	834320	839480
11	839480	841200
11	841200	846640
11	846640	849880
11	849880	851520
11	851520	854000
11	854000	858240
11	858240	870720
11	870720	872360
11	872360	874680
11	874680	883600
12	883600	890160
12	890160	890800
12	890800	893240
12	893240	894080
12	894080	894880
12	894880	895480
12	895480	896120
12	896120	897000
12	897000	897760
12	897760	898320
12	898320	898840
12	898840	899320
12	899320	901160
12	901160	902880
12	902880	904280
12	904280	905840
12	905840	908920
12	908920	910240
12	910240	911760
12	911760	914120
12	914120	916040
12	916040	917880
12	917880	919160
12	919160	920000
12	920000	921040
12	921040	922360
12	922360	923680
12	923680	925240
13	925240	927840
13	927840	931160
13	931160	932640
13	932640	934520
13	934520	940760
13	940760	942560
13	942560	943880
13	943880	945400
13	945400	948120
13	948120	949440
13	949440	951640
13	951640	952840
13	952840	955240
13	955240	956160
13	956160	957320
13	957320	958360
13	958360	960440
14	960440	964720
14	964720	966040
14	966040	967760
14	967760	971200
14	971200	972880
14	972880	975720
15	975720	979360
15	979360	982280
15	982280	983960
15	983960	987080
15	987080	996400
15	996400	1009520
15	1009520	1010880
15	1010880	1015600
15	1015600	1017440
15	1017440	1018400
15	1018400	1019920
15	1019920	1023320
15	1023320	1025080
15	1025080	1026400
15	1026400	1027960
15	1027960	1029680
15	1029680	1040120
15	1040120	1042440
15	1042440	1044440
15	1044440	1046200
15	1046200	1048760
15	1048760	1049680
15	1049680	1054160
15	1054160	1056960
15	1056960	1057680
15	1057680	1079440
15	1079440	1084640
15	1084640	1088480
15	1088480	1091920
15	1091920	1095640
15	1095640	1097600
15	1097600	1101560
15	1101560	1104520
15	1104520	1110440
15	1110440	1114000
15	1114000	1117000
16	1117000	1119080
16	1119080	1120560
16	1120560	1123160
16	1123160	1125520
16	1125520	1126760
16	1126760	1128960
16	1128960	1132120
16	1132120	1133760
16	1133760	1136840
16	1136840	1138600
16	1138600	1140880
16	1140880	1144040
16	1144040	1146760
16	1146760	1148400
16	1148400	1151480
16	1151480	1154640
16	1154640	1156640
16	1156640	1158640
16	1158640	1161480
16	1161480	1166360
16	1166360	1169880
16	1169880	1174800
16	1174800	1177600
16	1177600	1180320
16	1180320	1182800
16	1182800	1185760
16	1185760	1188080
16	1188080	1189600
16	1189600	1195760
17	1195760	1200600
17	1200600	1206960
17	1206960	1207960
17	1207960	1210280
17	1210280	1212200
17	1212200	1213800
17	1213800	1218120
17	1218120	1230920
17	1230920	1232680
17	1232680	1236560
17	1236560	1241040
17	1241040	1243320
17	1243320	1244720
17	1244720	1249640
17	1249640	1252440
17	1252440	1255920
17	1255920	1258040
17	1258040	1258640
17	1258640	1260520
17	1260520	1262480
17	1262480	1263920
17	1263920	1266200
17	1266200	1272360
17	1272360	1277360
17	1277360	1289320
17	1289320	1292800
17	1292800	1295040
17	1295040	1303000
18	1303000	1316280
18	1316280	1321560
18	1321560	1327160
18	1327160	1329280
18	1329280	1333120
18	1333120	1334840
18	1334840	1338040
18	1338040	1341440
18	1341440	1344200
18	1344200	1350080
18	1350080	1354360
18	1354360	1359120
18	1359120	1368840
18	1368840	1382400
18	1382400	1387200
18	1387200	1390440
18	1390440	1396920
18	1396920	1398560
18	1398560	1399400
18	1399400	1399480
18	1399480	1413960
18	1413960	1416840
18	1416840	1420280
18	1420280	1426960
18	1426960	1435320
18	1435320	1439040
18	1439040	1442600
18	1442600	1454040
19	1454040	1456560
19	1456560	1466320
19	1466320	1473280
19	1473280	1480440
19	1480440	1501040
19	1501040	1502120
19	1502120	1503520
19	1503520	1506080
19	1506080	1509600
19	1509600	1513280
19	1513280	1514800
19	1514800	1518640
19	1518640	1521120
19	1521120	1523800
19	1523800	1524640
19	1524640	1526080
19	1526080	1529840
19	1529840	1533920
19	1533920	1557400
20	1557400	1560120
20	1560120	1570520
20	1570520	1592400
20	1592400	1597360
20	1597360	1599920
20	1599920	1602320
20	1602320	1606440
20	1606440	1614440
20	1614440	1619760
20	1619760	1624720
20	1624720	1632320
20	1632320	1637560
20	1637560	1643720
20	1643720	1712600
20	1712600	1749400
20	1749400	1757120
20	1757120	1760520
20	1760520	1764320
20	1764320	1786880
20	1786880	1794400
20	1794400	1814680
20	1814680	1817520
20	1817520	1831560
20	1831560	1840480
20	1840480	1844840
20	1844840	1851960
20	1851960	1854800
20	1854800	1859760
20	1859760	1867800
20	1867800	1875520
20	1875520	1878000
20	1878000	1896400
20	1896400	1908800
20	1908800	1915240
20	1915240	1917800
20	1917800	1922360
21	1922360	1931400
21	1931400	1942760
21	1942760	1963880
21	1963880	1973560
21	1973560	1978240
21	1978240	2009720
21	2009720	2015720
21	2015720	2023680
21	2023680	2039000
21	2039000	2052240
21	2052240	2055240
21	2055240	2058040
21	2058040	2068320
21	2068320	2093960
21	2093960	2097440
21	2097440	2105880
21	2105880	2109240
21	2109240	2113000
21	2113000	2114920
21	2114920	2117120
21	2117120	2118360
21	2118360	2122520
21	2122520	2124240
21	2124240	2126080
21	2126080	2128320
21	2128320	2132040
22	2132040	2139360
22	2139360	2140720
22	2140720	2147400
22	2147400	2153120
22	2153120	2156960
22	2156960	2159400
22	2159400	2161320
22	2161320	2168200
22	2168200	2170880
22	2170880	2176880
22	2176880	2185400
22	2185400	2187280
22	2187280	2189560
22	2189560	2190720
22	2190720	2193000
22	2193000	2193840
22	2193840	2195520
22	2195520	2201640
22	2201640	2213600
22	2213600	2217040
22	2217040	2222840
22	2222840	2228920
22	2228920	2230640
22	2230640	2232080
22	2232080	2233480
22	2233480	2234320
22	2234320	2244760
22	2244760	2247640
22	2247640	2255560
22	2255560	2286320
23	2286320	2293800
23	2293800	2297320
23	2297320	2299720
23	2299720	2304600
23	2304600	2306640
23	2306640	2309880
23	2309880	2320800
23	2320800	2323160
23	2323160	2330080
23	2330080	2335680
23	2335680	2352600
24	2352600	2373560
24	2373560	2376720
24	2376720	2387480
24	2387480	2391360
24	2391360	2399360
24	2399360	2402760
24	2402760	2406120
24	2406120	2411680
24	2411680	2416680
24	2416680	2419280
24	2419280	2430000
25	2430000	2432280
25	2432280	2433880
25	2433880	2435680
25	2435680	2443480
25	2443480	2447080
25	2447080	2453520
25	2453520	2457760
25	2457760	2460560
25	2460560	2463040
25	2463040	2466040
25	2466040	2468560
25	2468560	2470480
25	2470480	2474240
25	2474240	2478560
25	2478560	2487840
25	2487840	2492720
25	2492720	2494680
25	2494680	2500720
25	2500720	2503040
25	2503040	2504640
25	2504640	2508520
25	2508520	2511480
25	2511480	2515360
25	2515360	2518880
25	2518880	2520400
25	2520400	2527880
25	2527880	2531240
25	2531240	2537200
25	2537200	2542520
25	2542520	2555600
25	2555600	2558080
25	2558080	2561960
25	2561960	2570480
25	2570480	2572560
25	2572560	2578320
25	2578320	2581000
25	2581000	2584320
25	2584320	2586040
25	2586040	2590160
25	2590160	2592400
25	2592400	2600080
25	2600080	2605080
25	2605080	2608000
25	2608000	2611920
25	2611920	2615200
25	2615200	2618360
25	2618360	2621640
25	2621640	2627400
25	2627400	2630200
26	2630200	2632760
26	2632760	2637360
26	2637360	2644840
26	2644840	2652920
26	2652920	2658600
26	2658600	2664600
26	2664600	2666040
26	2666040	2669480
26	2669480	2675880
26	2675880	2682160
27	2682160	2717200
27	2717200	2723880
27	2723880	2726000
