shot	start	end
0	0	20720
0	20720	23280
0	23280	29280
0	29280	33680
0	33680	37120
0	37120	43680
0	43680	48520
0	48520	57360
0	57360	65200
0	65200	67240
0	67240	71360
1	71360	74440
1	74440	101440
2	101440	107360
2	107360	107480
2	107480	107600
2	107600	133120
2	133120	146720
2	146720	150200
2	150200	156880
2	156880	159720
2	159720	163800
2	163800	168760
2	168760	172760
2	172760	175960
2	175960	179160
2	179160	182600
2	182600	187120
2	187120	189640
2	189640	192800
2	192800	196000
2	196000	198760
2	198760	200040
2	200040	203560
3	203560	212400
3	212400	218320
3	218320	220160
3	220160	225400
3	225400	228440
3	228440	232280
3	232280	234760
3	234760	238480
3	238480	252400
3	252400	255160
3	255160	264800
3	264800	266520
3	266520	269680
3	269680	273720
3	273720	282960
4	282960	286760
4	286760	303920
4	303920	355920
4	355920	370640
5	370640	384320
5	384320	402720
5	402720	413360
5	413360	417480
5	417480	426120
5	426120	431280
5	431280	437160
5	437160	444560
5	444560	466760
5	466760	476160
5	476160	478200
5	478200	486600
5	486600	494400
6	494400	503240
6	503240	506000
6	506000	507280
6	507280	518080
6	518080	519880
6	519880	522320
6	522320	525400
6	525400	528440
6	528440	532840
6	532840	536480
6	536480	544720
6	544720	549120
6	549120	562360
6	562360	566360
6	566360	569320
6	569320	572680
6	572680	574960
6	574960	581240
6	581240	583360
6	583360	588360
6	588360	590920
6	590920	594440
6	594440	596720
6	596720	598680
6	598680	602000
6	602000	602680
6	602680	610560
6	610560	613960
6	613960	617840
6	617840	620720
6	620720	636080
6	636080	638200
6	638200	641920
6	641920	646160
6	646160	650080
6	650080	654120
6	654120	655200
6	655200	656360
6	656360	656960
6	656960	658760
6	658760	660680
6	660680	673640
6	673640	688680
7	688680	690520
7	690520	708200
7	708200	714000
7	714000	725080
7	725080	728200
7	728200	731280
7	731280	735760
7	735760	753520
7	753520	755840
7	755840	761800
7	761800	771960
7	771960	779080
7	779080	786760
7	786760	790080
7	790080	792320
7	792320	801360
7	801360	803120
7	803120	805000
7	805000	806240
7	806240	812880
7	812880	819880
7	819880	827800
7	827800	837760
7	837760	842640
7	842640	844560
7	844560	852480
8	852480	857800
8	857800	863560
8	863560	875240
8	875240	896320
8	896320	899160
8	899160	903560
8	903560	906640
8	906640	908960
8	908960	936000
8	936000	939640
8	939640	942280
8	942280	946040
8	946040	953080
8	953080	954640
8	954640	956880
8	956880	958360
8	958360	960880
8	960880	962040
8	962040	965560
8	965560	970520
8	970520	973400
8	973400	977560
8	977560	982360
8	982360	985040
8	985040	994440
8	994440	998800
8	998800	1013040
8	1013040	1019800
8	1019800	1029280
8	1029280	1034640
8	1034640	1039200
8	1039200	1040920
8	1040920	1044880
8	1044880	1046040
8	1046040	1052000
8	1052000	1055040
8	1055040	1061280
8	1061280	1065560
8	1065560	1071760
8	1071760	1073840
8	1073840	1076040
8	1076040	1079640
9	1079640	1086680
9	1086680	1095640
9	1095640	1102440
9	1102440	1118000
9	1118000	1119680
9	1119680	1124480
9	1124480	1126800
9	1126800	1138200
9	1138200	1152000
9	1152000	1157480
9	1157480	1161480
9	1161480	1164280
9	1164280	1168600
9	1168600	1182360
9	1182360	1187600
9	1187600	1197520
9	1197520	1200200
9	1200200	1201240
9	1201240	1203200
9	1203200	1208000
9	1208000	1212160
9	1212160	1213960
9	1213960	1218200
9	1218200	1222760
9	1222760	1224480
9	1224480	1228320
10	1228320	1233480
10	1233480	1236240
10	1236240	1240400
10	1240400	1243320
10	1243320	1251720
10	1251720	1275920
10	1275920	1279600
10	1279600	1291880
10	1291880	1297960
10	1297960	1303240
10	1303240	1311800
10	1311800	1318400
10	1318400	1320040
10	1320040	1326200
10	1326200	1341240
10	1341240	1347840
10	1347840	1358840
10	1358840	1368840
10	1368840	1375760
10	1375760	1393960
10	1393960	1400120
10	1400120	1407280
10	1407280	1425720
10	1425720	1432040
10	1432040	1434760
10	1434760	1443920
10	1443920	1446560
10	1446560	1452760
10	1452760	1471160
10	1471160	1481080
10	1481080	1484040
10	1484040	1488960
10	1488960	1495920
10	1495920	1498480
10	1498480	1503480
10	1503480	1507240
11	1507240	1512960
11	1512960	1520280
11	1520280	1550720
11	1550720	1560720
11	1560720	1563960
11	1563960	1571200
11	1571200	1573320
11	1573320	1581160
11	1581160	1585640
11	1585640	1593720
11	1593720	1597800
11	1597800	1601400
11	1601400	1603000
11	1603000	1607600
11	1607600	1611560
11	1611560	1616600
11	1616600	1620360
11	1620360	1628080
11	1628080	1637520
11	1637520	1646200
11	1646200	1651560
11	1651560	1656640
11	1656640	1658960
11	1658960	1660680
11	1660680	1663280
11	1663280	1668760
11	1668760	1674440
11	1674440	1681560
11	1681560	1685960
11	1685960	1690600
11	1690600	1693360
11	1693360	1711600
11	1711600	1712520
11	1712520	1715800
12	1715800	1725440
12	1725440	1729400
12	1729400	1734680
12	1734680	1740680
12	1740680	1744440
12	1744440	1746720
12	1746720	1749080
13	1749080	1759160
13	1759160	1768920
13	1768920	1771360
13	1771360	1776000
13	1776000	1779000
13	1779000	1781120
13	1781120	1784760
13	1784760	1787080
13	1787080	1789000
13	1789000	1792040
13	1792040	1795560
14	1795560	1844880
14	1844880	1858520
14	1858520	1861680
14	1861680	1863640
14	1863640	1866720
14	1866720	1868880
14	1868880	1880120
14	1880120	1906640
14	1906640	1909560
14	1909560	1917480
14	1917480	1922760
15	1922760	1925080
15	1925080	1941640
15	1941640	1965720
15	1965720	1968720
15	1968720	1971000
15	1971000	1976440
15	1976440	1987240
15	1987240	1991480
15	1991480	2000680
16	2000680	2002240
16	2002240	2004400
16	2004400	2005520
16	2005520	2007160
16	2007160	2009000
16	2009000	2010240
16	2010240	2012440
16	2012440	2014600
16	2014600	2018040
16	2018040	2019160
16	2019160	2021240
16	2021240	2024960
16	2024960	2025840
16	2025840	2026760
16	2026760	2028920
16	2028920	2030040
16	2030040	2032680
16	2032680	2035920
16	2035920	2038120
16	2038120	2040280
16	2040280	2042280
16	2042280	2043720
16	2043720	2045800
16	2045800	2049000
16	2049000	2050200
16	2050200	2051000
16	2051000	2051960
16	2051960	2053240
16	2053240	2056120
16	2056120	2064280
16	2064280	2066280
16	2066280	2071360
16	2071360	2072080
16	2072080	2072920
16	2072920	2074680
16	2074680	2075320
16	2075320	2076240
16	2076240	2077440
16	2077440	2078480
16	2078480	2079520
16	2079520	2080480
16	2080480	2081400
16	2081400	2085240
16	2085240	2086440
16	2086440	2088320
16	2088320	2088760
16	2088760	2089920
16	2089920	2094840
16	2094840	2095880
16	2095880	2096880
16	2096880	2098160
16	2098160	2099040
16	2099040	2100160
16	2100160	2101320
16	2101320	2104480
16	2104480	2105520
16	2105520	2106720
16	2106720	2107760
16	2107760	2108840
16	2108840	2110600
16	2110600	2112760
16	2112760	2119920
16	2119920	2128800
16	2128800	2138080
16	2138080	2144680
16	2144680	2150040
17	2150040	2160000
17	2160000	2181240
17	2181240	2186640
17	2186640	2190640
17	2190640	2195640
17	2195640	2197640
17	2197640	2200200
17	2200200	2202440
17	2202440	2206440
17	2206440	2215960
17	2215960	2219880
17	2219880	2227800
17	2227800	2230680
17	2230680	2233960
17	2233960	2236520
17	2236520	2251680
17	2251680	2256440
17	2256440	2258520
17	2258520	2264880
17	2264880	2273200
17	2273200	2276160
17	2276160	2279000
17	2279000	2284960
17	2284960	2291360
17	2291360	2299920
17	2299920	2307480
17	2307480	2309200
17	2309200	2311480
17	2311480	2316440
17	2316440	2317720
17	2317720	2319040
17	2319040	2325160
17	2325160	2327880
17	2327880	2331320
17	2331320	2338600
17	2338600	2346720
17	2346720	2352440
18	2352440	2355840
18	2355840	2357840
18	2357840	2363240
18	2363240	2366720
18	2366720	2384240
18	2384240	2387040
18	2387040	2399200
18	2399200	2406600
18	2406600	2409840
18	2409840	2419520
18	2419520	2425000
18	2425000	2433680
18	2433680	2443840
18	2443840	2448560
18	2448560	2450400
18	2450400	2452560
18	2452560	2460960
18	2460960	2464440
18	2464440	2465400
18	2465400	2468600
18	2468600	2472120
18	2472120	2480560
18	2480560	2483640
18	2483640	2486560
18	2486560	2488200
18	2488200	2491280
18	2491280	2493560
18	2493560	2505040
18	2505040	2509720
18	2509720	2514240
18	2514240	2516680
18	2516680	2523480
19	2523480	2527160
19	2527160	2532400
19	2532400	2534000
19	2534000	2538520
19	2538520	2540400
19	2540400	2544200
19	2544200	2546720
19	2546720	2548320
19	2548320	2551640
19	2551640	2553960
19	2553960	2557440
19	2557440	2557960
19	2557960	2560920
19	2560920	2563720
19	2563720	2565040
19	2565040	2565600
19	2565600	2566160
19	2566160	2566920
19	2566920	2567600
19	2567600	2568160
19	2568160	2568600
19	2568600	2569480
19	2569480	2574800
19	2574800	2579520
19	2579520	2582840
20	2582840	2593320
20	2593320	2621080
20	2621080	2627360
20	2627360	2633400
20	2633400	2639000
21	2639000	2654280
21	2654280	2658000
21	2658000	2662120
21	2662120	2681640
22	2681640	2716680
22	2716680	2723400
22	2723400	2726000
