shot	start	end
0	0	245320
0	245320	255440
0	255440	259600
1	259600	262680
1	262680	296120
2	296120	302400
2	302400	309800
2	309800	324080
2	324080	331640
2	331640	350360
2	350360	375040
2	375040	382760
2	382760	384240
2	384240	387240
2	387240	395240
2	395240	400280
2	400280	404720
2	404720	408640
2	408640	410240
2	410240	413960
2	413960	417600
2	417600	419440
2	419440	422920
2	422920	426480
2	426480	428480
2	428480	432080
2	432080	439840
2	439840	442120
2	442120	448040
2	448040	450760
2	450760	452120
2	452120	454360
2	454360	461200
2	461200	462840
2	462840	468200
2	468200	472840
2	472840	474520
2	474520	479280
2	479280	487320
3	487320	492640
3	492640	497920
3	497920	512160
3	512160	516600
3	516600	519160
3	519160	521600
3	521600	525320
3	525320	532760
3	532760	534760
3	534760	538920
3	538920	540560
3	540560	569600
4	569600	572120
4	572120	573360
4	573360	574520
4	574520	576400
4	576400	585400
4	585400	593160
4	593160	598960
4	598960	617080
4	617080	621040
4	621040	622800
4	622800	626000
4	626000	628200
4	628200	630880
4	630880	632800
4	632800	633840
5	633840	636480
5	636480	641320
5	641320	644120
5	644120	648080
5	648080	666120
5	666120	682360
5	682360	705800
5	705800	743520
5	743520	749600
5	749600	755520
5	755520	765800
5	765800	794800
5	794800	835240
5	835240	850840
5	850840	860600
5	860600	866240
5	866240	873720
6	873720	875920
6	875920	878280
6	878280	891600
6	891600	900240
6	900240	901920
6	901920	906440
6	906440	909680
6	909680	923400
6	923400	933760
6	933760	938160
6	938160	941520
6	941520	945360
6	945360	966080
6	966080	970960
6	970960	974480
6	974480	975480
6	975480	976560
6	976560	987120
6	987120	990280
6	990280	1005920
6	1005920	1008240
7	1008240	1014040
7	1014040	1018800
7	1018800	1025240
7	1025240	1030800
7	1030800	1040320
7	1040320	1046680
7	1046680	1050840
7	1050840	1065800
7	1065800	1079880
7	1079880	1091960
7	1091960	1096720
7	1096720	1101520
7	1101520	1104920
8	1104920	1107800
8	1107800	1122480
8	1122480	1135480
8	1135480	1137760
8	1137760	1139920
8	1139920	1150280
8	1150280	1153280
8	1153280	1155000
8	1155000	1156000
8	1156000	1158800
8	1158800	1162400
8	1162400	1171160
8	1171160	1174400
8	1174400	1175800
8	1175800	1182320
8	1182320	1184240
8	1184240	1186480
8	1186480	1188440
8	1188440	1195440
8	1195440	1203240
8	1203240	1214160
8	1214160	1216560
8	1216560	1221720
8	1221720	1224480
8	1224480	1236360
8	1236360	1238360
8	1238360	1241640
8	1241640	1245000
8	1245000	1250640
8	1250640	1253760
8	1253760	1261520
8	1261520	1266240
8	1266240	1272200
8	1272200	1274640
8	1274640	1283200
8	1283200	1284920
9	1284920	1303160
9	1303160	1305440
9	1305440	1307440
9	1307440	1312200
9	1312200	1314920
9	1314920	1318120
9	1318120	1320000
9	1320000	1321880
9	1321880	1329040
9	1329040	1331080
9	1331080	1333520
10	1333520	1337480
10	1337480	1339880
10	1339880	1341400
10	1341400	1345200
10	1345200	1349080
10	1349080	1353120
10	1353120	1356200
10	1356200	1358080
10	1358080	1359280
10	1359280	1363400
10	1363400	1367720
10	1367720	1373760
10	1373760	1381920
10	1381920	1388360
10	1388360	1394000
10	1394000	1395880
10	1395880	1409760
10	1409760	1419240
10	1419240	1424880
11	1424880	1443320
11	1443320	1446560
12	1446560	1450240
12	1450240	1457480
12	1457480	1459520
12	1459520	1461520
12	1461520	1465040
12	1465040	1477040
12	1477040	1481320
12	1481320	1486080
12	1486080	1490360
12	1490360	1494120
12	1494120	1496200
12	1496200	1498160
12	1498160	1500640
12	1500640	1511440
12	1511440	1516880
12	1516880	1520600
12	1520600	1524320
12	1524320	1527760
12	1527760	1529520
12	1529520	1534360
12	1534360	1539600
12	1539600	1556360
12	1556360	1562640
12	1562640	1575600
12	1575600	1587560
12	1587560	1604120
12	1604120	1610560
12	1610560	1612920
12	1612920	1615400
12	1615400	1620200
12	1620200	1624000
12	1624000	1634920
12	1634920	1643480
12	1643480	1651120
12	1651120	1653720
12	1653720	1658320
12	1658320	1659960
12	1659960	1661560
12	1661560	1663960
12	1663960	1667800
12	1667800	1669680
12	1669680	1672560
12	1672560	1676560
12	1676560	1682360
12	1682360	1686880
12	1686880	1691400
13	1691400	1694800
13	1694800	1709160
13	1709160	1713960
14	1713960	1726440
14	1726440	1731720
14	1731720	1737760
14	1737760	1739760
14	1739760	1740840
15	1740840	1750440
15	1750440	1752080
15	1752080	1755080
15	1755080	1757960
15	1757960	1762720
15	1762720	1780680
15	1780680	1789640
15	1789640	1792160
15	1792160	1794760
15	1794760	1796720
15	1796720	1802600
15	1802600	1812680
15	1812680	1815840
15	1815840	1832920
15	1832920	1837120
15	1837120	1838840
15	1838840	1841080
15	1841080	1852880
15	1852880	1855280
15	1855280	1860520
15	1860520	1864640
15	1864640	1867080
15	1867080	1870400
15	1870400	1872240
15	1872240	1875760
15	1875760	1879640
15	1879640	1881840
15	1881840	1884160
15	1884160	1885560
15	1885560	1896720
15	1896720	1905400
15	1905400	1907040
15	1907040	1909840
15	1909840	1911240
15	1911240	1912360
15	1912360	1914640
15	1914640	1917760
15	1917760	1922480
15	1922480	1929000
15	1929000	1943120
15	1943120	1948680
15	1948680	1954360
15	1954360	1959040
15	1959040	1962600
15	1962600	1964280
15	1964280	1966320
15	1966320	1971280
15	1971280	1975400
15	1975400	1977760
15	1977760	1979360
15	1979360	1981120
15	1981120	1993120
16	1993120	2001200
16	2001200	2004800
16	2004800	2012120
16	2012120	2017000
16	2017000	2020000
16	2020000	2021160
16	2021160	2022200
16	2022200	2026560
16	2026560	2030920
16	2030920	2032440
16	2032440	2035160
16	2035160	2036720
16	2036720	2040320
16	2040320	2045040
16	2045040	2048520
16	2048520	2050440
17	2050440	2056920
17	2056920	2066680
17	2066680	2069520
17	2069520	2071440
17	2071440	2078800
17	2078800	2081440
17	2081440	2084360
17	2084360	2089080
17	2089080	2094120
17	2094120	2095880
17	2095880	2102440
17	2102440	2111080
17	2111080	2120000
17	2120000	2132360
17	2132360	2138640
17	2138640	2141760
17	2141760	2145280
17	2145280	2149800
17	2149800	2153280
17	2153280	2158280
17	2158280	2165040
17	2165040	2166400
17	2166400	2170080
17	2170080	2172840
17	2172840	2176760
17	2176760	2179120
18	2179120	2184320
18	2184320	2188720
18	2188720	2196880
18	2196880	2199720
18	2199720	2207480
18	2207480	2211080
18	2211080	2215800
18	2215800	2218720
18	2218720	2226120
18	2226120	2232200
18	2232200	2239400
18	2239400	2243320
18	2243320	2257920
18	2257920	2266080
18	2266080	2268400
18	2268400	2271120
18	2271120	2275040
18	2275040	2280080
18	2280080	2283680
18	2283680	2286160
18	2286160	2288440
18	2288440	2290440
18	2290440	2293600
18	2293600	2295840
18	2295840	2297320
18	2297320	2298880
18	2298880	2300400
18	2300400	2303720
18	2303720	2304560
18	2304560	2311200
18	2311200	2313200
18	2313200	2317720
18	2317720	2322120
18	2322120	2324760
18	2324760	2327240
18	2327240	2340880
18	2340880	2350720
18	2350720	2352280
18	2352280	2354480
18	2354480	2356200
18	2356200	2357280
18	2357280	2359040
18	2359040	2360200
18	2360200	2362800
18	2362800	2367320
18	2367320	2369280
18	2369280	2371040
18	2371040	2374560
18	2374560	2376480
18	2376480	2379280
18	2379280	2380600
18	2380600	2382240
18	2382240	2384760
18	2384760	2388160
18	2388160	2395640
18	2395640	2397880
18	2397880	2404840
18	2404840	2406080
18	2406080	2408880
18	2408880	2411480
18	2411480	2414080
18	2414080	2416520
18	2416520	2428320
18	2428320	2429640
18	2429640	2429720
18	2429720	2442240
18	2442240	2447280
18	2447280	2457480
18	2457480	2459960
18	2459960	2464080
19	2464080	2467600
19	2467600	2469640
19	2469640	2472320
19	2472320	2476760
19	2476760	2487360
19	2487360	2509960
19	2509960	2522680
19	2522680	2529600
20	2529600	2539240
20	2539240	2541840
20	2541840	2548160
20	2548160	2552400
20	2552400	2569520
20	2569520	2575520
20	2575520	2581360
20	2581360	2587960
20	2587960	2599200
20	2599200	2610800
20	2610800	2612880
20	2612880	2617200
20	2617200	2625280
20	2625280	2629800
20	2629800	2634200
20	2634200	2638640
20	2638640	2644480
20	2644480	2646560
20	2646560	2651200
20	2651200	2653200
20	2653200	2655640
20	2655640	2657920
20	2657920	2659040
20	2659040	2663440
20	2663440	2666640
20	2666640	2668560
20	2668560	2674600
20	2674600	2682200
21	2682200	2717240
21	2717240	2723960
21	2723960	2726000
