shot	start	end
0	0	8360
0	8360	14840
0	14840	19000
0	19000	30360
0	30360	45000
0	45000	56840
0	56840	75080
0	75080	75560
0	75560	75680
0	75680	98600
0	98600	105040
0	105040	112560
0	112560	118880
0	118880	125240
0	125240	128560
0	128560	131440
0	131440	134840
0	134840	143520
0	143520	146760
0	146760	154000
1	154000	156880
1	156880	162880
1	162880	168960
1	168960	172280
1	172280	177680
1	177680	184840
1	184840	187680
1	187680	192480
1	192480	199160
1	199160	202120
1	202120	205280
1	205280	208120
2	208120	211200
2	211200	225400
3	225400	233160
3	233160	248040
3	248040	256520
3	256520	258080
3	258080	262080
3	262080	265400
3	265400	267800
3	267800	289960
3	289960	297280
3	297280	308040
3	308040	316640
3	316640	317760
3	317760	323040
3	323040	325600
3	325600	328640
3	328640	338800
4	338800	354000
4	354000	358760
4	358760	362800
4	362800	380160
4	380160	388240
4	388240	400800
4	400800	402480
4	402480	407200
4	407200	409080
4	409080	414800
5	414800	422840
5	422840	427480
5	427480	437040
5	437040	439200
5	439200	448520
5	448520	450480
5	450480	455440
5	455440	459920
5	459920	460920
5	460920	462160
5	462160	463320
5	463320	466800
5	466800	469920
5	469920	471760
5	471760	481000
5	481000	483960
5	483960	486880
5	486880	488640
5	488640	490720
5	490720	498760
5	498760	502880
5	502880	505720
6	505720	510640
6	510640	512920
6	512920	520680
6	520680	535640
6	535640	540680
6	540680	546800
6	546800	555200
6	555200	559040
6	559040	562000
6	562000	586400
6	586400	595000
6	595000	597920
6	597920	602280
6	602280	605800
6	605800	607080
6	607080	610440
6	610440	611760
6	611760	615520
6	615520	620880
6	620880	626040
7	626040	629720
7	629720	633720
7	633720	642600
7	642600	644880
7	644880	647280
7	647280	653600
7	653600	654920
7	654920	655680
8	655680	657480
8	657480	659560
8	659560	661840
8	661840	663720
8	663720	665520
8	665520	669880
8	669880	671040
8	671040	674280
8	674280	677240
8	677240	681920
8	681920	684360
8	684360	687760
8	687760	689960
8	689960	695000
8	695000	698920
8	698920	703000
8	703000	706320
8	706320	709600
8	709600	724560
8	724560	728080
8	728080	729760
8	729760	736720
8	736720	743160
9	743160	748960
9	748960	753200
9	753200	756480
9	756480	761920
9	761920	764440
9	764440	770000
9	770000	779560
9	779560	782440
9	782440	785400
9	785400	796520
9	796520	803920
9	803920	805440
9	805440	810440
9	810440	820480
9	820480	823760
9	823760	826240
9	826240	830320
9	830320	834280
9	834280	837760
9	837760	841440
9	841440	844400
9	844400	846360
9	846360	849920
9	849920	868640
9	868640	871960
9	871960	877520
9	877520	881760
9	881760	885560
9	885560	891680
9	891680	894840
9	894840	898520
9	898520	900600
9	900600	903240
9	903240	907440
9	907440	912640
9	912640	915080
9	915080	920240
9	920240	924280
10	924280	927520
10	927520	930760
10	930760	934640
10	934640	942000
10	942000	944760
10	944760	948360
10	948360	951240
10	951240	955040
10	955040	962760
10	962760	964960
10	964960	967360
10	967360	971840
10	971840	976560
10	976560	978000
10	978000	980480
10	980480	986120
10	986120	988280
10	988280	990600
10	990600	994120
10	994120	998760
10	998760	1002920
10	1002920	1006120
10	1006120	1008360
10	1008360	1010520
10	1010520	1019520
10	1019520	1021280
10	1021280	1026760
11	1026760	1031280
11	1031280	1035400
11	1035400	1039560
11	1039560	1043680
11	1043680	1045880
11	1045880	1050040
11	1050040	1054720
11	1054720	1059440
11	1059440	1061640
11	1061640	1065000
11	1065000	1071440
11	1071440	1079200
11	1079200	1083560
11	1083560	1087760
11	1087760	1089360
11	1089360	1090560
11	1090560	1095400
11	1095400	1097440
11	1097440	1099400
11	1099400	1101520
11	1101520	1102600
11	1102600	1104240
11	1104240	1109800
11	1109800	1111360
11	1111360	1116960
11	1116960	1119360
11	1119360	1125280
11	1125280	1126720
11	1126720	1129720
11	1129720	1132640
11	1132640	1136440
11	1136440	1148760
11	1148760	1150720
11	1150720	1154520
11	1154520	1156560
11	1156560	1159240
11	1159240	1162800
11	1162800	1194320
11	1194320	1196720
11	1196720	1202160
11	1202160	1216840
11	1216840	1219520
11	1219520	1221760
11	1221760	1225560
11	1225560	1238280
11	1238280	1241640
12	1241640	1248480
12	1248480	1253800
12	1253800	1261320
12	1261320	1263400
12	1263400	1266040
12	1266040	1269320
12	1269320	1271200
12	1271200	1273600
12	1273600	1277040
12	1277040	1279920
12	1279920	1281720
12	1281720	1283600
12	1283600	1285320
12	1285320	1287040
12	1287040	1290360
12	1290360	1294040
12	1294040	1298040
12	1298040	1299600
12	1299600	1301440
12	1301440	1303320
12	1303320	1304640
12	1304640	1305720
12	1305720	1312720
12	1312720	1314560
12	1314560	1318560
12	1318560	1320920
12	1320920	1323960
12	1323960	1332400
13	1332400	1335240
13	1335240	1357960
13	1357960	1362400
13	1362400	1368800
13	1368800	1372480
13	1372480	1376000
13	1376000	1379080
13	1379080	1390880
13	1390880	1402720
13	1402720	1420320
13	1420320	1423760
13	1423760	1426280
13	1426280	1435280
13	1435280	1442480
13	1442480	1444640
13	1444640	1446560
13	1446560	1454200
13	1454200	1475600
13	1475600	1478000
13	1478000	1492880
13	1492880	1503440
13	1503440	1507520
13	1507520	1515880
13	1515880	1525280
13	1525280	1553320
14	1553320	1557720
14	1557720	1561320
14	1561320	1562840
14	1562840	1567480
14	1567480	1570040
14	1570040	1572760
14	1572760	1574680
14	1574680	1578040
14	1578040	1582360
14	1582360	1585240
14	1585240	1590400
14	1590400	1593680
14	1593680	1595080
14	1595080	1598880
14	1598880	1601680
14	1601680	1604640
14	1604640	1608480
14	1608480	1611000
14	1611000	1613920
14	1613920	1615280
14	1615280	1616920
14	1616920	1617800
14	1617800	1619640
14	1619640	1621120
14	1621120	1623600
14	1623600	1627760
14	1627760	1630960
14	1630960	1632440
14	1632440	1636800
14	1636800	1639120
14	1639120	1640120
14	1640120	1642640
14	1642640	1645400
14	1645400	1647040
14	1647040	1650440
14	1650440	1652360
14	1652360	1654280
14	1654280	1656800
14	1656800	1660320
14	1660320	1662680
14	1662680	1664280
14	1664280	1686040
14	1686040	1687840
14	1687840	1689480
14	1689480	1693800
14	1693800	1698880
14	1698880	1700280
14	1700280	1702800
14	1702800	1707520
14	1707520	1733120
15	1733120	1782160
15	1782160	1791320
15	1791320	1806400
15	1806400	1815640
15	1815640	1818720
16	1818720	1824880
16	1824880	1840640
16	1840640	1844560
16	1844560	1849560
16	1849560	1853520
16	1853520	1858600
16	1858600	1873120
16	1873120	1876360
16	1876360	1884560
16	1884560	1891960
16	1891960	1899560
16	1899560	1905680
16	1905680	1910120
16	1910120	1917680
16	1917680	1922640
16	1922640	1931840
16	1931840	1934080
17	1934080	1948760
17	1948760	1960160
17	1960160	1971120
17	1971120	1984880
17	1984880	1990440
17	1990440	1991560
17	1991560	1993160
17	1993160	1999960
17	1999960	2003320
17	2003320	2006800
17	2006800	2009840
17	2009840	2013680
17	2013680	2020800
17	2020800	2022800
17	2022800	2023720
17	2023720	2028120
17	2028120	2031520
17	2031520	2039160
17	2039160	2044480
17	2044480	2048160
17	2048160	2057280
17	2057280	2067400
17	2067400	2071840
17	2071840	2072800
17	2072800	2073600
17	2073600	2074720
17	2074720	2076960
17	2076960	2083080
17	2083080	2085440
17	2085440	2088840
17	2088840	2092880
17	2092880	2098640
17	2098640	2105720
17	2105720	2114280
17	2114280	2119880
17	2119880	2125960
18	2125960	2148160
18	2148160	2152600
18	2152600	2158000
18	2158000	2171520
18	2171520	2177480
18	2177480	2179920
18	2179920	2180840
18	2180840	2181840
18	2181840	2183080
18	2183080	2184800
18	2184800	2186080
18	2186080	2187840
18	2187840	2190360
18	2190360	2196200
18	2196200	2201720
18	2201720	2205640
19	2205640	2211440
19	2211440	2214840
19	2214840	2217160
19	2217160	2221960
19	2221960	2225480
19	2225480	2227920
19	2227920	2234040
19	2234040	2239680
19	2239680	2241000
19	2241000	2256600
19	2256600	2260800
19	2260800	2262840
19	2262840	2264000
19	2264000	2266680
19	2266680	2270840
19	2270840	2286000
19	2286000	2288080
19	2288080	2289200
19	2289200	2293120
19	2293120	2298880
19	2298880	2302720
19	2302720	2306960
19	2306960	2309280
20	2309280	2313760
20	2313760	2325720
20	2325720	2329520
20	2329520	2338120
20	2338120	2344440
20	2344440	2346240
20	2346240	2350240
20	2350240	2355920
20	2355920	2361040
20	2361040	2367720
20	2367720	2377480
20	2377480	2390960
20	2390960	2400960
20	2400960	2402640
20	2402640	2407280
20	2407280	2416880
20	2416880	2430200
20	2430200	2431760
20	2431760	2438080
20	2438080	2442640
20	2442640	2444600
20	2444600	2461120
21	2461120	2465080
21	2465080	2477400
21	2477400	2480040
21	2480040	2485400
21	2485400	2494160
21	2494160	2496480
21	2496480	2501960
21	2501960	2504520
22	2504520	2507240
22	2507240	2512080
22	2512080	2517320
22	2517320	2520800
22	2520800	2529640
22	2529640	2533360
22	2533360	2538880
22	2538880	2544000
22	2544000	2547360
22	2547360	2555800
22	2555800	2567360
22	2567360	2575120
22	2575120	2579600
22	2579600	2586280
22	2586280	2591640
22	2591640	2597360
22	2597360	2609760
22	2609760	2623440
22	2623440	2638160
22	2638160	2640600
22	2640600	2654200
22	2654200	2696400
23	2696400	2703120
23	2703120	2705600
