shot	start	end
0	0	5960
0	5960	6680
0	6680	8120
0	8120	9080
0	9080	10160
0	10160	12280
0	12280	13320
0	13320	16160
0	16160	16840
0	16840	18200
0	18200	19160
0	19160	19800
0	19800	20920
0	20920	22080
0	22080	24040
0	24040	25440
0	25440	26960
0	26960	27800
0	27800	28600
0	28600	31640
0	31640	32480
0	32480	33520
0	33520	34360
0	34360	34920
0	34920	36040
0	36040	39680
0	39680	41240
0	41240	42520
0	42520	43880
0	43880	46360
0	46360	49000
0	49000	50880
0	50880	55320
1	55320	61280
1	61280	64080
1	64080	67200
1	67200	72400
1	72400	79240
1	79240	83160
1	83160	86240
1	86240	91600
1	91600	99720
1	99720	104200
1	104200	107240
1	107240	109680
1	109680	112480
1	112480	114480
1	114480	117560
1	117560	120880
1	120880	125920
1	125920	129000
1	129000	133520
1	133520	138200
1	138200	143040
2	143040	148280
2	148280	150200
2	150200	152160
2	152160	157720
2	157720	159920
2	159920	161360
2	161360	163480
2	163480	165400
2	165400	167960
2	167960	170280
2	170280	172160
2	172160	174240
2	174240	176720
2	176720	178800
2	178800	180840
2	180840	183440
2	183440	184400
2	184400	186480
2	186480	187800
2	187800	190560
2	190560	193440
2	193440	196240
2	196240	198280
2	198280	200400
2	200400	202440
2	202440	204280
2	204280	206280
2	206280	209320
2	209320	211760
2	211760	214520
2	214520	216920
2	216920	219320
2	219320	221840
2	221840	226040
2	226040	280720
3	280720	282640
3	282640	284480
3	284480	286520
3	286520	292400
3	292400	295440
3	295440	297880
3	297880	299600
3	299600	301520
3	301520	304560
3	304560	307360
4	307360	310480
4	310480	311960
4	311960	317400
4	317400	328760
4	328760	331960
4	331960	334680
4	334680	338720
4	338720	344320
4	344320	347240
4	347240	356280
4	356280	362680
4	362680	365960
5	365960	369200
5	369200	386000
5	386000	387680
5	387680	395960
5	395960	402280
5	402280	408880
5	408880	412720
5	412720	418720
5	418720	426280
5	426280	434160
5	434160	437200
5	437200	438680
5	438680	441160
5	441160	443000
5	443000	446360
5	446360	454360
5	454360	459400
5	459400	462720
5	462720	465080
5	465080	466880
5	466880	476760
5	476760	479160
5	479160	516560
6	516560	518840
6	518840	538840
6	538840	542240
6	542240	544880
6	544880	547560
6	547560	559800
6	559800	562080
6	562080	565560
7	565560	569800
7	569800	573600
7	573600	577560
7	577560	589720
7	589720	592840
7	592840	595560
7	595560	598760
7	598760	603880
7	603880	607040
7	607040	610720
7	610720	617200
7	617200	620080
7	620080	622440
7	622440	625400
7	625400	630280
7	630280	632480
7	632480	635280
7	635280	638480
7	638480	646600
8	646600	652680
8	652680	659280
8	659280	667520
8	667520	669760
8	669760	672240
8	672240	674040
8	674040	677000
8	677000	680640
8	680640	683600
8	683600	685040
8	685040	690120
8	690120	692920
8	692920	696400
8	696400	699400
8	699400	704600
8	704600	707760
8	707760	712000
8	712000	714520
8	714520	719800
8	719800	723240
8	723240	732120
8	732120	735560
8	735560	746120
9	746120	749280
9	749280	755400
9	755400	758480
9	758480	761280
9	761280	766720
9	766720	769280
9	769280	770920
9	770920	774200
9	774200	779280
9	779280	781160
9	781160	783600
9	783600	801160
9	801160	806040
9	806040	816440
9	816440	817800
9	817800	819840
9	819840	823560
9	823560	831000
9	831000	838520
9	838520	844360
10	844360	862080
10	862080	881680
10	881680	886200
10	886200	902680
10	902680	914560
11	914560	922840
11	922840	931720
11	931720	933920
11	933920	936360
11	936360	938360
11	938360	944000
11	944000	946920
11	946920	950480
11	950480	952960
11	952960	955080
11	955080	959440
11	959440	962760
11	962760	969360
11	969360	977680
11	977680	986200
11	986200	989520
11	989520	996000
11	996000	997400
11	997400	1003280
11	1003280	1008160
11	1008160	1011760
11	1011760	1018640
11	1018640	1030280
11	1030280	1036920
11	1036920	1055320
11	1055320	1058680
11	1058680	1062160
11	1062160	1065720
11	1065720	1073520
11	1073520	1076040
11	1076040	1078280
11	1078280	1081920
12	1081920	1088160
12	1088160	1090600
12	1090600	1092840
12	1092840	1094520
12	1094520	1097800
12	1097800	1098920
12	1098920	1104200
12	1104200	1105400
12	1105400	1113600
12	1113600	1119920
12	1119920	1133200
12	1133200	1137960
12	1137960	1140960
12	1140960	1142600
12	1142600	1144240
12	1144240	1147840
13	1147840	1173880
13	1173880	1176360
13	1176360	1183320
13	1183320	1185240
13	1185240	1187600
13	1187600	1189960
13	1189960	1192440
13	1192440	1194560
13	1194560	1202240
13	1202240	1205880
13	1205880	1209160
13	1209160	1215160
13	1215160	1218560
13	1218560	1223160
13	1223160	1224600
13	1224600	1225920
13	1225920	1234120
13	1234120	1238960
13	1238960	1241560
13	1241560	1244400
13	1244400	1247120
13	1247120	1250520
13	1250520	1255200
13	1255200	1256600
13	1256600	1258640
13	1258640	1260320
13	1260320	1262000
13	1262000	1264120
13	1264120	1273520
14	1273520	1276040
14	1276040	1277600
14	1277600	1287440
14	1287440	1290120
14	1290120	1294200
14	1294200	1301720
14	1301720	1304280
14	1304280	1312640
14	1312640	1315720
14	1315720	1319320
14	1319320	1321040
14	1321040	1329960
15	1329960	1332520
15	1332520	1334880
15	1334880	1335880
15	1335880	1339760
15	1339760	1343040
15	1343040	1348640
15	1348640	1359720
15	1359720	1365720
15	1365720	1369360
15	1369360	1370960
15	1370960	1374560
15	1374560	1380320
15	1380320	1385560
15	1385560	1393600
15	1393600	1396160
15	1396160	1399800
15	1399800	1401960
15	1401960	1404960
15	1404960	1407720
15	1407720	1428960
15	1428960	1431160
15	1431160	1435120
16	1435120	1462320
17	1462320	1469520
17	1469520	1471880
17	1471880	1476880
17	1476880	1479520
17	1479520	1483080
17	1483080	1486320
17	1486320	1488960
17	1488960	1493480
17	1493480	1498800
17	1498800	1501040
17	1501040	1502960
17	1502960	1505440
17	1505440	1507080
17	1507080	1509720
17	1509720	1518160
18	1518160	1524520
18	1524520	1529840
18	1529840	1535440
18	1535440	1537600
18	1537600	1539640
18	1539640	1541400
18	1541400	1547240
18	1547240	1556040
18	1556040	1561760
18	1561760	1563240
18	1563240	1564800
18	1564800	1569160
19	1569160	1579000
20	1579000	1580120
20	1580120	1586560
21	1586560	1600200
22	1600200	1616800
22	1616800	1619080
22	1619080	1623600
23	1623600	1631080
23	1631080	1641600
23	1641600	1646320
24	1646320	1655440
24	1655440	1671040
25	1671040	1673240
25	1673240	1676480
25	1676480	1679800
26	1679800	1682360
26	1682360	1687720
26	1687720	1691160
26	1691160	1693640
26	1693640	1695800
26	1695800	1699600
26	1699600	1702160
26	1702160	1707880
26	1707880	1712280
26	1712280	1717000
26	1717000	1719440
27	1719440	1724400
27	1724400	1727240
28	1727240	1731800
28	1731800	1738960
28	1738960	1751400
28	1751400	1755120
28	1755120	1762880
29	1762880	1768680
29	1768680	1770400
29	1770400	1775760
29	1775760	1786360
29	1786360	1789560
29	1789560	1798280
29	1798280	1802200
30	1802200	1808800
30	1808800	1813040
30	1813040	1816720
30	1816720	1821680
30	1821680	1823280
30	1823280	1828480
30	1828480	1830080
30	1830080	1833400
30	1833400	1843280
30	1843280	1848480
31	1848480	1851440
31	1851440	1857800
32	1857800	1881840
33	1881840	1885080
33	1885080	1890480
33	1890480	1892640
33	1892640	1894920
33	1894920	1898080
33	1898080	1899760
33	1899760	1907920
33	1907920	1915360
33	1915360	1917640
33	1917640	1923880
33	1923880	1927400
33	1927400	1929680
33	1929680	1933160
33	1933160	1934760
33	1934760	1936080
33	1936080	1940800
33	1940800	1944600
33	1944600	1948320
33	1948320	1949560
33	1949560	1954800
33	1954800	1958440
33	1958440	1960280
33	1960280	1965240
33	1965240	1970000
33	1970000	1971520
33	1971520	1975240
33	1975240	1980840
33	1980840	1989520
33	1989520	2001360
33	2001360	2003360
33	2003360	2010080
33	2010080	2016760
34	2016760	2028080
34	2028080	2036360
34	2036360	2039760
34	2039760	2046920
34	2046920	2051880
35	2051880	2056200
35	2056200	2061160
35	2061160	2063000
35	2063000	2064880
35	2064880	2066960
35	2066960	2068520
35	2068520	2076800
35	2076800	2079680
35	2079680	2081600
35	2081600	2083840
35	2083840	2085560
35	2085560	2087920
35	2087920	2089960
35	2089960	2094480
35	2094480	2097440
35	2097440	2099520
35	2099520	2101440
35	2101440	2103160
35	2103160	2111800
36	2111800	2132640
36	2132640	2137880
36	2137880	2141280
36	2141280	2145640
36	2145640	2148320
36	2148320	2150040
36	2150040	2151640
36	2151640	2156040
36	2156040	2159840
36	2159840	2164880
36	2164880	2174240
36	2174240	2176560
36	2176560	2177400
36	2177400	2181800
36	2181800	2185560
36	2185560	2191120
36	2191120	2194320
36	2194320	2195080
36	2195080	2199480
36	2199480	2204560
36	2204560	2211840
36	2211840	2215840
36	2215840	2217680
36	2217680	2222120
36	2222120	2240400
36	2240400	2243080
36	2243080	2252800
37	2252800	2255960
37	2255960	2259520
37	2259520	2261360
37	2261360	2265160
37	2265160	2267000
37	2267000	2274960
37	2274960	2279600
37	2279600	2281400
37	2281400	2282640
37	2282640	2284560
37	2284560	2286680
37	2286680	2290000
37	2290000	2292640
37	2292640	2294280
37	2294280	2296560
37	2296560	2300280
38	2300280	2302040
38	2302040	2303920
38	2303920	2307920
38	2307920	2315400
38	2315400	2318840
38	2318840	2322800
38	2322800	2325120
38	2325120	2326840
38	2326840	2328600
38	2328600	2330400
38	2330400	2333400
38	2333400	2335320
38	2335320	2338160
38	2338160	2339760
38	2339760	2341440
38	2341440	2344080
38	2344080	2345400
38	2345400	2349760
38	2349760	2351440
38	2351440	2352840
38	2352840	2354640
38	2354640	2356760
38	2356760	2359080
38	2359080	2361360
38	2361360	2364240
38	2364240	2368960
38	2368960	2375560
38	2375560	2377040
38	2377040	2383120
39	2383120	2385280
39	2385280	2391280
39	2391280	2401960
39	2401960	2428360
39	2428360	2433440
40	2433440	2447880
41	2447880	2452560
41	2452560	2458080
41	2458080	2464080
41	2464080	2478320
42	2478320	2488480
42	2488480	2511920
42	2511920	2514600
42	2514600	2516000
42	2516000	2518280
42	2518280	2521400
42	2521400	2527680
42	2527680	2531440
42	2531440	2533760
42	2533760	2535920
42	2535920	2538080
42	2538080	2542480
42	2542480	2545720
42	2545720	2547720
42	2547720	2551040
42	2551040	2553960
42	2553960	2555200
42	2555200	2556320
42	2556320	2558280
42	2558280	2560920
42	2560920	2567320
42	2567320	2568520
42	2568520	2570600
43	2570600	2572520
43	2572520	2578720
43	2578720	2585960
43	2585960	2590400
43	2590400	2593400
43	2593400	2596320
43	2596320	2605960
43	2605960	2608400
43	2608400	2617000
43	2617000	2620560
43	2620560	2627000
43	2627000	2643800
43	2643800	2648080
43	2648080	2665560
43	2665560	2673680
43	2673680	2679080
43	2679080	2684040
43	2684040	2691000
43	2691000	2694280
43	2694280	2696400
43	2696400	2698440
43	2698440	2703320
43	2703320	2709680
43	2709680	2713640
43	2713640	2724160
43	2724160	2725880
43	2725880	2727760
43	2727760	2735120
43	2735120	2742520
43	2742520	2747760
43	2747760	2754640
43	2754640	2759120
43	2759120	2761160
43	2761160	2765480
43	2765480	2768520
43	2768520	2772240
43	2772240	2776360
43	2776360	2784160
43	2784160	2789160
43	2789160	2791280
43	2791280	2793320
43	2793320	2794560
43	2794560	2797920
43	2797920	2802600
43	2802600	2804800
43	2804800	2806800
43	2806800	2812800
43	2812800	2814960
43	2814960	2818200
43	2818200	2821960
43	2821960	2825040
43	2825040	2826920
43	2826920	2830200
44	2830200	2834040
44	2834040	2836760
44	2836760	2840480
44	2840480	2843800
44	2843800	2847280
44	2847280	2849800
44	2849800	2853640
45	2853640	2864960
45	2864960	2866920
45	2866920	2869440
45	2869440	2871520
45	2871520	2877480
45	2877480	2881080
45	2881080	2896680
45	2896680	2909960
46	2909960	3027040
46	3027040	3044600
