shot	start	end
0	0	5120
0	5120	6840
0	6840	8520
0	8520	9200
0	9200	9680
0	9680	12200
0	12200	14520
0	14520	15920
0	15920	17240
0	17240	18080
0	18080	19760
0	19760	20880
0	20880	22120
0	22120	23440
0	23440	24440
0	24440	26720
0	26720	28280
0	28280	29440
0	29440	30240
0	30240	32520
0	32520	34560
0	34560	35800
0	35800	37200
0	37200	38080
0	38080	38840
0	38840	39960
0	39960	41320
0	41320	44040
0	44040	46560
0	46560	52000
0	52000	54000
0	54000	54400
0	54400	55680
0	55680	59440
1	59440	68000
1	68000	69920
1	69920	71880
1	71880	74160
1	74160	75880
1	75880	77440
1	77440	79640
1	79640	81080
1	81080	83200
1	83200	85120
1	85120	87680
1	87680	90000
1	90000	91880
1	91880	93960
1	93960	96440
1	96440	98520
1	98520	100560
1	100560	103160
1	103160	104120
1	104120	106200
1	106200	107520
1	107520	110280
1	110280	113160
1	113160	115960
1	115960	118000
1	118000	120120
1	120120	122160
1	122160	124000
1	124000	126000
1	126000	129040
1	129040	131480
1	131480	134240
1	134240	136640
1	136640	139040
1	139040	141560
1	141560	145760
1	145760	161320
2	161320	166200
3	166200	168360
4	168360	171480
5	171480	174240
6	174240	176320
7	176320	179680
8	179680	184600
9	184600	191000
10	191000	193600
11	193600	196240
12	196240	198320
13	198320	199840
13	199840	201720
13	201720	205600
13	205600	209800
13	209800	214400
13	214400	221880
14	221880	228440
14	228440	237760
15	237760	243720
15	243720	252000
15	252000	253560
15	253560	255040
15	255040	256360
15	256360	258040
15	258040	259360
15	259360	266320
15	266320	268640
15	268640	269840
15	269840	274880
15	274880	278600
15	278600	280840
15	280840	282400
15	282400	284280
15	284280	285840
15	285840	289280
15	289280	291320
15	291320	292760
15	292760	294360
15	294360	299240
15	299240	300280
15	300280	301240
15	301240	303800
15	303800	306000
15	306000	307440
16	307440	313600
16	313600	315240
16	315240	317600
16	317600	319520
16	319520	321240
16	321240	326280
16	326280	328760
16	328760	333120
17	333120	336520
17	336520	337560
17	337560	338600
17	338600	340080
17	340080	341080
17	341080	342720
17	342720	344160
17	344160	346840
17	346840	348120
17	348120	351040
17	351040	354360
17	354360	356400
17	356400	359480
17	359480	363000
17	363000	367760
17	367760	369040
17	369040	370880
17	370880	371840
17	371840	373560
17	373560	374800
17	374800	375920
17	375920	378440
17	378440	379600
17	379600	382160
17	382160	383680
17	383680	384920
17	384920	387240
17	387240	389440
17	389440	391560
17	391560	392520
17	392520	395880
17	395880	397920
17	397920	399320
17	399320	402120
17	402120	404200
17	404200	405720
17	405720	414440
17	414440	416600
17	416600	418400
17	418400	421240
17	421240	428080
17	428080	429920
17	429920	435680
17	435680	436680
17	436680	437800
17	437800	440160
17	440160	442000
17	442000	445440
17	445440	447120
17	447120	450680
17	450680	454040
17	454040	461240
17	461240	464040
17	464040	478440
17	478440	484120
17	484120	489360
17	489360	491480
17	491480	493360
17	493360	494800
17	494800	500720
17	500720	502160
17	502160	504640
17	504640	509280
17	509280	511920
17	511920	515560
17	515560	518880
17	518880	521640
17	521640	527480
18	527480	537360
18	537360	549160
18	549160	553880
18	553880	555360
18	555360	560000
18	560000	561000
18	561000	564600
18	564600	567840
18	567840	571760
18	571760	572920
18	572920	574160
18	574160	575760
18	575760	577720
19	577720	580240
19	580240	585120
19	585120	589040
19	589040	590320
19	590320	592000
19	592000	594920
19	594920	596560
19	596560	598280
19	598280	603720
19	603720	606600
19	606600	607920
19	607920	611920
19	611920	614880
19	614880	616240
19	616240	620480
20	620480	626920
20	626920	632680
20	632680	634440
20	634440	636440
20	636440	639120
20	639120	643960
20	643960	646000
20	646000	649600
20	649600	653480
20	653480	655760
21	655760	686160
21	686160	688600
21	688600	690400
21	690400	694160
21	694160	697560
21	697560	700720
21	700720	704600
21	704600	706080
21	706080	707200
21	707200	710320
21	710320	714440
21	714440	718160
21	718160	720400
21	720400	722160
21	722160	723320
21	723320	726840
21	726840	728320
21	728320	729400
21	729400	730680
21	730680	735160
21	735160	738560
21	738560	740600
21	740600	742240
21	742240	765320
22	765320	774880
22	774880	776600
22	776600	783040
22	783040	785600
22	785600	790800
22	790800	795440
22	795440	800440
22	800440	802960
22	802960	804760
22	804760	807320
22	807320	809680
22	809680	811880
22	811880	814040
22	814040	815160
22	815160	818240
22	818240	819880
22	819880	821000
22	821000	822840
22	822840	825120
22	825120	826480
22	826480	829680
22	829680	834200
23	834200	839760
23	839760	842800
23	842800	912640
24	912640	917480
24	917480	925560
24	925560	930360
25	930360	940600
25	940600	942160
25	942160	943840
25	943840	946440
25	946440	948000
25	948000	949680
25	949680	951680
25	951680	955440
25	955440	957320
25	957320	963240
25	963240	964680
25	964680	971480
25	971480	973560
25	973560	975440
25	975440	978320
25	978320	991280
25	991280	993440
25	993440	996880
25	996880	998720
25	998720	1003960
25	1003960	1005320
25	1005320	1006720
25	1006720	1009440
25	1009440	1012680
25	1012680	1014640
25	1014640	1016640
25	1016640	1018080
25	1018080	1019720
25	1019720	1020760
25	1020760	1023160
25	1023160	1024960
25	1024960	1027960
25	1027960	1034680
25	1034680	1037240
25	1037240	1043320
26	1043320	1052040
26	1052040	1053680
26	1053680	1055360
26	1055360	1060320
26	1060320	1061880
26	1061880	1063200
26	1063200	1064600
26	1064600	1066040
26	1066040	1071040
26	1071040	1073880
26	1073880	1075440
26	1075440	1082760
26	1082760	1083720
26	1083720	1089400
26	1089400	1090560
26	1090560	1098280
26	1098280	1099720
26	1099720	1102880
26	1102880	1105440
26	1105440	1107920
26	1107920	1109280
26	1109280	1112640
26	1112640	1114640
26	1114640	1116200
26	1116200	1117840
26	1117840	1121880
26	1121880	1122840
26	1122840	1123920
26	1123920	1126440
26	1126440	1129200
26	1129200	1132880
26	1132880	1140480
26	1140480	1142160
26	1142160	1144000
26	1144000	1145040
26	1145040	1148000
26	1148000	1153600
26	1153600	1161240
26	1161240	1164200
26	1164200	1172200
27	1172200	1180560
27	1180560	1183040
27	1183040	1185760
27	1185760	1188320
27	1188320	1191240
27	1191240	1193800
27	1193800	1198240
27	1198240	1201440
27	1201440	1227840
27	1227840	1231040
27	1231040	1243600
28	1243600	1245000
28	1245000	1249360
28	1249360	1274600
28	1274600	1276240
28	1276240	1301320
28	1301320	1302800
28	1302800	1310360
28	1310360	1311560
28	1311560	1317400
28	1317400	1320080
28	1320080	1327880
29	1327880	1329440
29	1329440	1331360
29	1331360	1334520
29	1334520	1336480
29	1336480	1338560
29	1338560	1339760
29	1339760	1346440
29	1346440	1351400
29	1351400	1352440
29	1352440	1353320
29	1353320	1358040
29	1358040	1360560
29	1360560	1363640
29	1363640	1366280
29	1366280	1370160
29	1370160	1373280
29	1373280	1375360
29	1375360	1379040
29	1379040	1380640
29	1380640	1383040
29	1383040	1385480
29	1385480	1387080
29	1387080	1392320
29	1392320	1395240
29	1395240	1396400
29	1396400	1397840
29	1397840	1399520
29	1399520	1400920
29	1400920	1402920
29	1402920	1405720
30	1405720	1411720
30	1411720	1416080
30	1416080	1421240
30	1421240	1425720
30	1425720	1429320
30	1429320	1431520
30	1431520	1435720
30	1435720	1445760
30	1445760	1452960
30	1452960	1456960
30	1456960	1459760
30	1459760	1464240
30	1464240	1473120
30	1473120	1480080
30	1480080	1487400
30	1487400	1489520
30	1489520	1491640
30	1491640	1494400
30	1494400	1495920
30	1495920	1499920
30	1499920	1503640
31	1503640	1506520
31	1506520	1507920
31	1507920	1510480
31	1510480	1513120
31	1513120	1519080
31	1519080	1523840
31	1523840	1525680
31	1525680	1528720
31	1528720	1531600
31	1531600	1539160
31	1539160	1539800
32	1539800	1541480
32	1541480	1544240
32	1544240	1546560
32	1546560	1560400
32	1560400	1565200
32	1565200	1581000
32	1581000	1582760
32	1582760	1584840
32	1584840	1592000
32	1592000	1598040
32	1598040	1600600
32	1600600	1602920
32	1602920	1606000
32	1606000	1611200
32	1611200	1612520
32	1612520	1614720
32	1614720	1618480
33	1618480	1625080
33	1625080	1629360
33	1629360	1636640
33	1636640	1638040
33	1638040	1643280
33	1643280	1644600
33	1644600	1646000
33	1646000	1648040
33	1648040	1651720
33	1651720	1653560
33	1653560	1655080
33	1655080	1657280
33	1657280	1658160
33	1658160	1664000
33	1664000	1667400
33	1667400	1671840
33	1671840	1676520
33	1676520	1679320
33	1679320	1680280
33	1680280	1681680
33	1681680	1683440
33	1683440	1688840
34	1688840	1692320
34	1692320	1701800
34	1701800	1711680
34	1711680	1713960
34	1713960	1720240
34	1720240	1729560
34	1729560	1738280
34	1738280	1740320
34	1740320	1751360
34	1751360	1753240
34	1753240	1754440
34	1754440	1758640
34	1758640	1763120
34	1763120	1764080
34	1764080	1770200
34	1770200	1776000
35	1776000	1783280
35	1783280	1785200
35	1785200	1791040
35	1791040	1793960
35	1793960	1795720
35	1795720	1797920
35	1797920	1800320
35	1800320	1801920
35	1801920	1805120
35	1805120	1806160
35	1806160	1807960
35	1807960	1809680
35	1809680	1811320
35	1811320	1812120
35	1812120	1813720
35	1813720	1815360
35	1815360	1817280
35	1817280	1821360
35	1821360	1825360
35	1825360	1826840
35	1826840	1832920
35	1832920	1833960
35	1833960	1835680
35	1835680	1837160
35	1837160	1841720
35	1841720	1843680
35	1843680	1845440
35	1845440	1846800
35	1846800	1850880
35	1850880	1852600
35	1852600	1855960
35	1855960	1857000
35	1857000	1859160
35	1859160	1861760
35	1861760	1869480
35	1869480	1870960
35	1870960	1874400
35	1874400	1877440
36	1877440	1881040
36	1881040	1890720
36	1890720	1893840
36	1893840	1907920
37	1907920	1915560
37	1915560	1917520
37	1917520	1920120
37	1920120	1930760
37	1930760	1933520
37	1933520	1934720
37	1934720	1936240
37	1936240	1941320
37	1941320	1945000
38	1945000	1954600
38	1954600	1959760
38	1959760	1967720
38	1967720	1969040
38	1969040	1972440
38	1972440	1976240
38	1976240	1979440
38	1979440	1981280
38	1981280	1996960
38	1996960	2000880
38	2000880	2004800
38	2004800	2007360
38	2007360	2009360
38	2009360	2013280
38	2013280	2014760
38	2014760	2016120
38	2016120	2019840
38	2019840	2021400
38	2021400	2024960
38	2024960	2027000
38	2027000	2029120
38	2029120	2030320
38	2030320	2032200
38	2032200	2033360
38	2033360	2034600
38	2034600	2036240
38	2036240	2037640
38	2037640	2043800
38	2043800	2045520
38	2045520	2053720
38	2053720	2055240
38	2055240	2061120
38	2061120	2066000
38	2066000	2067480
38	2067480	2069840
38	2069840	2077640
38	2077640	2079920
38	2079920	2084720
39	2084720	2086960
39	2086960	2092200
39	2092200	2095200
39	2095200	2098280
39	2098280	2102880
40	2102880	2106840
40	2106840	2110080
40	2110080	2112120
40	2112120	2113040
40	2113040	2114120
40	2114120	2115440
40	2115440	2117480
40	2117480	2121480
40	2121480	2123800
40	2123800	2126600
40	2126600	2129520
40	2129520	2131400
40	2131400	2134640
40	2134640	2137400
40	2137400	2138640
40	2138640	2140160
40	2140160	2141200
40	2141200	2143160
40	2143160	2144680
40	2144680	2147320
40	2147320	2149400
40	2149400	2150800
40	2150800	2153640
40	2153640	2155280
40	2155280	2158840
41	2158840	2167320
41	2167320	2169040
41	2169040	2173000
41	2173000	2174200
41	2174200	2177240
41	2177240	2179320
41	2179320	2181160
41	2181160	2185520
41	2185520	2189120
41	2189120	2190280
41	2190280	2191720
41	2191720	2193840
41	2193840	2196080
41	2196080	2202560
41	2202560	2209960
41	2209960	2212440
41	2212440	2229200
41	2229200	2231800
41	2231800	2233520
41	2233520	2235480
41	2235480	2238600
41	2238600	2240760
41	2240760	2245480
41	2245480	2251080
42	2251080	2255800
42	2255800	2258840
42	2258840	2260840
42	2260840	2261800
42	2261800	2263440
42	2263440	2264760
42	2264760	2267920
42	2267920	2271280
42	2271280	2272760
42	2272760	2274520
42	2274520	2275880
42	2275880	2276920
42	2276920	2277760
42	2277760	2280440
42	2280440	2282680
42	2282680	2284080
42	2284080	2289440
42	2289440	2290520
42	2290520	2292360
42	2292360	2295120
42	2295120	2297600
42	2297600	2299880
42	2299880	2301360
42	2301360	2305360
42	2305360	2307560
42	2307560	2310120
42	2310120	2313240
42	2313240	2314840
42	2314840	2316960
42	2316960	2321160
42	2321160	2323680
42	2323680	2325800
42	2325800	2327640
42	2327640	2331320
42	2331320	2333120
42	2333120	2338640
42	2338640	2343040
42	2343040	2344400
42	2344400	2346840
42	2346840	2348760
42	2348760	2363560
43	2363560	2366920
43	2366920	2378480
43	2378480	2380040
43	2380040	2382400
43	2382400	2389280
43	2389280	2390960
43	2390960	2392400
43	2392400	2395400
43	2395400	2398360
43	2398360	2400080
43	2400080	2402360
43	2402360	2404960
43	2404960	2407640
43	2407640	2409520
43	2409520	2419360
43	2419360	2422640
44	2422640	2433920
44	2433920	2447120
44	2447120	2454160
44	2454160	2455760
44	2455760	2458240
44	2458240	2462800
44	2462800	2464000
44	2464000	2465760
44	2465760	2469880
44	2469880	2473840
44	2473840	2476840
44	2476840	2483520
44	2483520	2487160
44	2487160	2490840
44	2490840	2494120
44	2494120	2504240
44	2504240	2507520
44	2507520	2511760
44	2511760	2515280
44	2515280	2518240
44	2518240	2530760
44	2530760	2542120
44	2542120	2544040
44	2544040	2549840
44	2549840	2552280
44	2552280	2555880
44	2555880	2574000
45	2574000	2582200
45	2582200	2584880
45	2584880	2588880
45	2588880	2593120
45	2593120	2595120
45	2595120	2598800
45	2598800	2600440
45	2600440	2603160
45	2603160	2604120
45	2604120	2604720
45	2604720	2605680
45	2605680	2609200
45	2609200	2620040
46	2620040	2626600
46	2626600	2629000
46	2629000	2649920
47	2649920	2663080
47	2663080	2669040
47	2669040	2673280
47	2673280	2675160
47	2675160	2678880
47	2678880	2683280
47	2683280	2684760
47	2684760	2685520
47	2685520	2687240
47	2687240	2688080
47	2688080	2690800
47	2690800	2696200
47	2696200	2699440
47	2699440	2700960
47	2700960	2705120
47	2705120	2708960
47	2708960	2710000
47	2710000	2719440
47	2719440	2721760
47	2721760	2723840
47	2723840	2725520
47	2725520	2727160
47	2727160	2728960
47	2728960	2738200
47	2738200	2743560
47	2743560	2745240
47	2745240	2746200
47	2746200	2751960
47	2751960	2754720
47	2754720	2755720
47	2755720	2766120
47	2766120	2772120
47	2772120	2776720
47	2776720	2778080
47	2778080	2780880
47	2780880	2782440
47	2782440	2783880
47	2783880	2785840
47	2785840	2789240
47	2789240	2796200
47	2796200	2805880
47	2805880	2831560
47	2831560	2833160
47	2833160	2836880
47	2836880	2839000
47	2839000	2854840
47	2854840	2856240
47	2856240	2858720
47	2858720	2860480
47	2860480	2869440
47	2869440	2872720
47	2872720	2876640
47	2876640	2879480
47	2879480	2890680
47	2890680	2892280
47	2892280	2894120
47	2894120	2896280
47	2896280	2899080
47	2899080	2909480
47	2909480	2910840
47	2910840	2911720
47	2911720	2913000
47	2913000	2914680
47	2914680	2916640
47	2916640	2917840
47	2917840	2921040
47	2921040	2922600
47	2922600	2923880
47	2923880	2925320
47	2925320	2932440
47	2932440	2934640
47	2934640	2938960
47	2938960	2940440
47	2940440	2943280
47	2943280	2948600
47	2948600	2950960
47	2950960	2953720
47	2953720	2956360
47	2956360	2960000
47	2960000	2962120
47	2962120	2964400
47	2964400	2968880
47	2968880	2974040
47	2974040	2978080
47	2978080	2981480
47	2981480	2982800
47	2982800	2986360
47	2986360	2989440
47	2989440	2992360
47	2992360	2994400
47	2994400	2995840
47	2995840	2999360
47	2999360	3127440
48	3127440	3144600
