shot	start	end
0	0	4800
0	4800	7400
0	7400	8360
0	8360	13200
0	13200	13920
0	13920	16160
0	16160	17160
0	17160	18800
0	18800	21160
0	21160	23040
0	23040	26040
0	26040	28880
0	28880	30640
0	30640	32280
0	32280	34440
0	34440	35600
1	35600	43040
1	43040	44960
1	44960	46920
1	46920	49200
1	49200	50920
1	50920	52480
1	52480	54680
1	54680	56120
1	56120	58240
1	58240	60160
1	60160	62720
1	62720	65040
1	65040	66920
1	66920	69000
1	69000	71480
1	71480	73560
1	73560	75600
1	75600	78200
1	78200	79160
1	79160	81240
1	81240	82560
1	82560	85320
1	85320	88200
1	88200	91000
1	91000	93040
1	93040	95160
1	95160	97200
1	97200	99040
1	99040	101040
1	101040	104080
1	104080	106520
1	106520	109280
1	109280	111680
1	111680	114080
1	114080	116600
1	116600	120800
1	120800	137080
2	137080	138120
2	138120	139200
2	139200	140960
2	140960	142960
2	142960	145480
2	145480	147760
2	147760	149160
2	149160	152120
2	152120	153160
2	153160	155160
2	155160	157840
2	157840	160120
2	160120	161560
2	161560	166360
3	166360	173800
3	173800	177880
3	177880	180880
3	180880	188120
4	188120	190800
4	190800	193440
4	193440	196600
4	196600	199320
4	199320	203040
4	203040	205360
4	205360	207640
4	207640	209440
4	209440	223520
5	223520	237160
5	237160	238720
5	238720	239920
5	239920	241120
5	241120	242840
5	242840	244040
5	244040	245560
5	245560	249640
5	249640	251840
5	251840	254920
5	254920	257640
5	257640	260920
5	260920	263280
5	263280	264640
5	264640	266320
5	266320	269480
5	269480	271000
5	271000	274440
5	274440	283960
6	283960	287040
6	287040	291200
6	291200	293480
6	293480	295440
6	295440	298080
6	298080	300440
6	300440	302160
6	302160	311640
6	311640	316360
6	316360	322240
6	322240	327920
6	327920	331320
6	331320	334600
6	334600	336680
6	336680	343280
6	343280	345480
6	345480	349520
7	349520	353600
7	353600	355720
7	355720	356960
7	356960	358080
7	358080	361000
7	361000	362480
7	362480	363240
7	363240	365120
7	365120	366520
7	366520	368440
7	368440	370160
7	370160	371720
7	371720	373160
7	373160	375400
7	375400	376960
7	376960	378200
7	378200	379840
7	379840	381280
7	381280	382720
7	382720	389760
7	389760	393720
7	393720	396560
7	396560	398640
7	398640	400840
7	400840	402000
7	402000	403400
7	403400	409480
8	409480	411320
8	411320	419600
8	419600	422480
8	422480	427760
8	427760	428960
8	428960	431920
8	431920	433920
8	433920	435440
8	435440	436720
8	436720	438680
8	438680	440640
8	440640	444920
8	444920	451640
8	451640	455280
8	455280	457400
8	457400	459520
8	459520	461280
8	461280	464520
8	464520	466200
8	466200	468760
9	468760	473480
9	473480	477120
9	477120	483040
9	483040	485800
9	485800	491280
9	491280	492520
9	492520	497080
9	497080	498960
9	498960	500040
9	500040	501600
9	501600	505680
9	505680	507320
9	507320	510400
9	510400	512080
9	512080	514320
10	514320	520920
10	520920	524560
10	524560	527160
10	527160	532240
10	532240	536520
10	536520	539440
10	539440	541560
10	541560	542520
10	542520	544600
10	544600	547360
10	547360	550320
10	550320	555080
10	555080	558840
10	558840	562080
10	562080	564200
10	564200	565840
10	565840	568720
10	568720	571560
10	571560	573640
10	573640	576680
10	576680	577800
10	577800	579880
10	579880	581280
10	581280	582520
10	582520	584160
10	584160	588640
10	588640	590960
10	590960	592240
10	592240	593440
10	593440	594320
10	594320	595920
10	595920	601240
11	601240	603840
11	603840	608080
11	608080	612520
11	612520	614880
11	614880	617040
11	617040	619120
11	619120	621320
11	621320	623760
11	623760	626640
11	626640	632640
11	632640	634200
11	634200	635120
11	635120	640000
11	640000	642640
11	642640	644080
11	644080	646960
11	646960	650000
11	650000	652000
11	652000	654240
11	654240	657560
11	657560	660360
11	660360	665200
12	665200	676720
12	676720	681920
12	681920	689320
12	689320	693760
12	693760	696000
12	696000	700000
12	700000	701640
12	701640	704800
12	704800	710240
12	710240	713640
12	713640	718920
12	718920	721760
12	721760	725200
12	725200	730120
12	730120	732920
12	732920	737680
12	737680	740960
12	740960	742640
12	742640	744720
12	744720	746640
12	746640	748600
12	748600	751000
12	751000	752200
12	752200	753680
12	753680	756320
12	756320	758040
12	758040	772000
12	772000	777120
13	777120	783080
13	783080	788000
13	788000	790360
13	790360	791760
13	791760	794080
13	794080	799920
13	799920	803040
13	803040	822000
13	822000	827960
13	827960	831960
13	831960	835440
13	835440	838040
13	838040	853880
13	853880	871360
14	871360	873680
14	873680	876840
14	876840	886000
14	886000	892840
14	892840	896520
14	896520	899480
14	899480	902760
14	902760	904160
14	904160	908840
14	908840	911680
14	911680	916160
15	916160	924080
15	924080	925880
15	925880	927160
15	927160	928920
15	928920	930880
15	930880	936120
15	936120	939440
15	939440	941280
15	941280	944480
15	944480	946840
15	946840	948040
15	948040	949600
15	949600	950680
15	950680	953520
15	953520	954960
15	954960	958920
15	958920	961360
15	961360	971400
15	971400	978920
15	978920	981040
15	981040	983120
16	983120	986240
16	986240	988480
16	988480	991760
16	991760	993920
16	993920	995840
16	995840	997920
16	997920	999360
16	999360	1000880
16	1000880	1003400
16	1003400	1005320
16	1005320	1007400
16	1007400	1008520
16	1008520	1011560
16	1011560	1014880
16	1014880	1018400
16	1018400	1023640
17	1023640	1033000
17	1033000	1034000
17	1034000	1034960
17	1034960	1038800
17	1038800	1039840
17	1039840	1042480
17	1042480	1044080
17	1044080	1048760
17	1048760	1050120
17	1050120	1051080
17	1051080	1052320
17	1052320	1062800
17	1062800	1065840
17	1065840	1068680
17	1068680	1071600
17	1071600	1076520
17	1076520	1077800
17	1077800	1083080
17	1083080	1088240
17	1088240	1089560
17	1089560	1094720
17	1094720	1097400
17	1097400	1098280
17	1098280	1101360
17	1101360	1102680
17	1102680	1104120
17	1104120	1106160
17	1106160	1107720
17	1107720	1109680
17	1109680	1114920
17	1114920	1118840
17	1118840	1125040
17	1125040	1126160
17	1126160	1131080
17	1131080	1134560
17	1134560	1136000
17	1136000	1143280
17	1143280	1157400
18	1157400	1160440
18	1160440	1165120
18	1165120	1170240
18	1170240	1175440
18	1175440	1185000
18	1185000	1186920
18	1186920	1189080
18	1189080	1190080
18	1190080	1196520
18	1196520	1198840
18	1198840	1200720
18	1200720	1205640
19	1205640	1214800
19	1214800	1216040
19	1216040	1227040
19	1227040	1233600
19	1233600	1236800
20	1236800	1242520
20	1242520	1244720
20	1244720	1248960
20	1248960	1254720
20	1254720	1258560
20	1258560	1260960
20	1260960	1265080
20	1265080	1268680
20	1268680	1270160
20	1270160	1272720
20	1272720	1275320
20	1275320	1279560
20	1279560	1282640
20	1282640	1283840
20	1283840	1285960
20	1285960	1288480
20	1288480	1293600
20	1293600	1298160
20	1298160	1299200
20	1299200	1301040
20	1301040	1306080
20	1306080	1307160
20	1307160	1309040
21	1309040	1311400
21	1311400	1314960
21	1314960	1316800
21	1316800	1323320
21	1323320	1328120
21	1328120	1331160
21	1331160	1333720
21	1333720	1339040
21	1339040	1341760
21	1341760	1345240
21	1345240	1350800
21	1350800	1354000
21	1354000	1356160
21	1356160	1361080
21	1361080	1362520
21	1362520	1366800
21	1366800	1374320
21	1374320	1380040
22	1380040	1385400
22	1385400	1387560
22	1387560	1390360
22	1390360	1391440
22	1391440	1396520
22	1396520	1400080
22	1400080	1403240
23	1403240	1416360
23	1416360	1419920
23	1419920	1424520
23	1424520	1427280
23	1427280	1433400
24	1433400	1436280
24	1436280	1444680
24	1444680	1449400
24	1449400	1452000
24	1452000	1453800
24	1453800	1460160
24	1460160	1461160
24	1461160	1463000
24	1463000	1468440
24	1468440	1469720
24	1469720	1470960
24	1470960	1472240
24	1472240	1476840
24	1476840	1478480
24	1478480	1488320
24	1488320	1490920
24	1490920	1493800
24	1493800	1498120
24	1498120	1535880
24	1535880	1538000
24	1538000	1543920
24	1543920	1551160
24	1551160	1554520
24	1554520	1556120
24	1556120	1559280
24	1559280	1562880
24	1562880	1566880
24	1566880	1572640
24	1572640	1575240
24	1575240	1576760
24	1576760	1579520
24	1579520	1581000
24	1581000	1584520
25	1584520	1589920
25	1589920	1601040
25	1601040	1606160
25	1606160	1608080
25	1608080	1674320
26	1674320	1678120
26	1678120	1684320
26	1684320	1692520
26	1692520	1702880
26	1702880	1705920
26	1705920	1710960
26	1710960	1719160
26	1719160	1725080
26	1725080	1729040
26	1729040	1731000
26	1731000	1738920
26	1738920	1743120
26	1743120	1745240
27	1745240	1746720
27	1746720	1747680
27	1747680	1750040
27	1750040	1751760
27	1751760	1753680
27	1753680	1756920
27	1756920	1759320
27	1759320	1763600
27	1763600	1766680
27	1766680	1771280
27	1771280	1772600
27	1772600	1774920
27	1774920	1776240
27	1776240	1779040
27	1779040	1785440
27	1785440	1788160
27	1788160	1791480
27	1791480	1796360
27	1796360	1798520
28	1798520	1800840
28	1800840	1801880
28	1801880	1804680
28	1804680	1806160
28	1806160	1811640
28	1811640	1815960
28	1815960	1821360
28	1821360	1823640
28	1823640	1825360
28	1825360	1826960
28	1826960	1829520
28	1829520	1832560
28	1832560	1838600
28	1838600	1840520
28	1840520	1844560
28	1844560	1846480
28	1846480	1849160
28	1849160	1850440
28	1850440	1852640
28	1852640	1855640
28	1855640	1857640
28	1857640	1858600
28	1858600	1860520
28	1860520	1861800
28	1861800	1862960
28	1862960	1866800
29	1866800	1871360
29	1871360	1873560
29	1873560	1876360
29	1876360	1878560
29	1878560	1880240
29	1880240	1883120
29	1883120	1886440
29	1886440	1892280
29	1892280	1895520
29	1895520	1900080
29	1900080	1902800
29	1902800	1904960
29	1904960	1908120
29	1908120	1909680
29	1909680	1913800
29	1913800	1915280
29	1915280	1916960
29	1916960	1920840
29	1920840	1924440
29	1924440	1927240
29	1927240	1937760
30	1937760	1950400
30	1950400	1952840
30	1952840	1954920
30	1954920	1958800
30	1958800	1960000
30	1960000	1962040
30	1962040	1964600
30	1964600	1967640
30	1967640	1970920
30	1970920	1973200
30	1973200	1976440
30	1976440	1980960
30	1980960	1982160
30	1982160	1986200
30	1986200	1990520
30	1990520	1992200
30	1992200	1996440
31	1996440	2004160
31	2004160	2012720
31	2012720	2013800
31	2013800	2014800
31	2014800	2018840
31	2018840	2020320
31	2020320	2022040
31	2022040	2023720
31	2023720	2029640
31	2029640	2031720
31	2031720	2039560
31	2039560	2041560
31	2041560	2045600
31	2045600	2047440
31	2047440	2049480
32	2049480	2051640
32	2051640	2053680
32	2053680	2058240
32	2058240	2061520
32	2061520	2065960
32	2065960	2073680
32	2073680	2083480
33	2083480	2085520
33	2085520	2088640
33	2088640	2090000
33	2090000	2091120
33	2091120	2093920
33	2093920	2103400
33	2103400	2108320
33	2108320	2111680
33	2111680	2114680
33	2114680	2119320
33	2119320	2120920
33	2120920	2128960
33	2128960	2136080
33	2136080	2147240
33	2147240	2149240
33	2149240	2152360
33	2152360	2155160
33	2155160	2157720
33	2157720	2161920
33	2161920	2163240
33	2163240	2171560
33	2171560	2173320
33	2173320	2175560
34	2175560	2193640
34	2193640	2195760
34	2195760	2199680
34	2199680	2215560
35	2215560	2234840
35	2234840	2244200
35	2244200	2245880
35	2245880	2247120
35	2247120	2248880
35	2248880	2253600
35	2253600	2256840
35	2256840	2260880
35	2260880	2262680
35	2262680	2264800
35	2264800	2269200
35	2269200	2271640
35	2271640	2274800
35	2274800	2276160
35	2276160	2279880
35	2279880	2281160
35	2281160	2282960
35	2282960	2287880
35	2287880	2289120
35	2289120	2290480
35	2290480	2292240
35	2292240	2293480
35	2293480	2294880
35	2294880	2299560
35	2299560	2302640
36	2302640	2306640
36	2306640	2308160
36	2308160	2309920
36	2309920	2315920
36	2315920	2320040
36	2320040	2323720
36	2323720	2326880
36	2326880	2329440
36	2329440	2332480
36	2332480	2336040
36	2336040	2339120
36	2339120	2342600
36	2342600	2343760
36	2343760	2348640
36	2348640	2351760
36	2351760	2353520
36	2353520	2356160
36	2356160	2359200
36	2359200	2360400
36	2360400	2367120
36	2367120	2369360
37	2369360	2370560
37	2370560	2374240
37	2374240	2375320
37	2375320	2378640
37	2378640	2384440
37	2384440	2389400
37	2389400	2391320
37	2391320	2393240
37	2393240	2394120
37	2394120	2397000
37	2397000	2403400
37	2403400	2407440
37	2407440	2409360
37	2409360	2412160
37	2412160	2413400
37	2413400	2414840
37	2414840	2415960
37	2415960	2419440
37	2419440	2421480
37	2421480	2431680
37	2431680	2433680
37	2433680	2439120
37	2439120	2450840
38	2450840	2454240
38	2454240	2459560
38	2459560	2462040
38	2462040	2467240
38	2467240	2469960
38	2469960	2476000
38	2476000	2479040
38	2479040	2487000
38	2487000	2491080
38	2491080	2494080
38	2494080	2500520
38	2500520	2504520
39	2504520	2518280
39	2518280	2523240
39	2523240	2528960
40	2528960	2537960
40	2537960	2544600
40	2544600	2546320
40	2546320	2549680
40	2549680	2553960
40	2553960	2555680
40	2555680	2557240
40	2557240	2559440
40	2559440	2561840
40	2561840	2564960
40	2564960	2568920
40	2568920	2571480
41	2571480	2575560
41	2575560	2581400
41	2581400	2591160
41	2591160	2601640
42	2601640	2606040
42	2606040	2607520
42	2607520	2612880
42	2612880	2616720
42	2616720	2623600
42	2623600	2625960
42	2625960	2634320
42	2634320	2638000
42	2638000	2640680
42	2640680	2642560
42	2642560	2646120
42	2646120	2648760
42	2648760	2652320
42	2652320	2654360
42	2654360	2656560
42	2656560	2658840
42	2658840	2661240
42	2661240	2664400
42	2664400	2668240
42	2668240	2674800
42	2674800	2677880
42	2677880	2679480
42	2679480	2682240
43	2682240	2800280
43	2800280	2817560
