shot	start	end
0	0	5680
0	5680	6360
0	6360	7120
0	7120	7760
0	7760	9240
0	9240	14080
0	14080	16760
0	16760	17280
0	17280	19600
0	19600	22880
0	22880	23560
0	23560	24200
0	24200	25400
0	25400	26440
0	26440	27800
0	27800	28720
0	28720	30080
0	30080	31400
0	31400	33920
0	33920	35400
0	35400	36560
0	36560	39440
0	39440	41680
0	41680	42440
0	42440	46560
0	46560	47120
0	47120	48080
0	48080	49080
0	49080	50520
0	50520	51840
0	51840	52880
0	52880	54800
0	54800	56320
0	56320	58200
0	58200	59600
0	59600	60480
0	60480	61160
0	61160	62160
0	62160	62640
0	62640	63240
0	63240	64160
0	64160	65080
0	65080	66360
0	66360	67080
0	67080	68720
0	68720	70440
0	70440	75160
1	75160	79400
1	79400	108240
1	108240	130520
2	130520	132440
2	132440	134400
2	134400	136680
2	136680	138400
2	138400	139960
2	139960	142160
2	142160	143600
2	143600	145720
2	145720	147640
2	147640	150200
2	150200	152520
2	152520	154400
2	154400	156480
2	156480	158960
2	158960	161040
2	161040	163080
2	163080	165680
2	165680	166640
2	166640	168720
2	168720	170040
2	170040	172800
2	172800	175680
2	175680	178480
2	178480	180520
2	180520	182640
2	182640	184680
2	184680	186520
2	186520	188520
2	188520	191560
2	191560	194000
2	194000	196760
2	196760	199160
2	199160	201560
2	201560	204080
2	204080	208280
2	208280	217200
3	217200	218440
3	218440	220600
3	220600	226600
3	226600	228560
3	228560	231720
3	231720	235160
3	235160	237000
3	237000	238440
3	238440	243040
3	243040	246800
3	246800	248760
3	248760	251000
3	251000	253920
3	253920	258520
3	258520	260960
3	260960	262720
3	262720	264760
3	264760	266160
3	266160	269080
3	269080	272320
3	272320	275960
3	275960	278280
3	278280	281000
3	281000	282720
3	282720	300720
4	300720	306120
4	306120	313680
4	313680	317560
4	317560	320000
4	320000	323160
4	323160	326600
4	326600	328040
4	328040	330160
4	330160	333320
4	333320	357680
5	357680	360920
5	360920	383520
5	383520	385320
5	385320	387200
5	387200	388920
5	388920	390360
5	390360	395760
5	395760	401960
6	401960	408680
6	408680	411400
6	411400	414520
6	414520	416200
6	416200	420600
6	420600	425920
6	425920	428680
6	428680	431080
6	431080	434360
7	434360	437520
7	437520	441680
8	441680	445160
8	445160	446600
9	446600	451440
9	451440	453120
10	453120	460000
10	460000	465360
10	465360	467600
10	467600	471760
10	471760	473480
10	473480	478080
10	478080	479600
10	479600	481280
10	481280	483600
10	483600	485600
10	485600	488560
10	488560	490680
10	490680	492360
10	492360	494480
10	494480	496600
10	496600	499000
10	499000	501360
10	501360	506200
10	506200	511240
10	511240	514800
10	514800	517800
10	517800	522160
10	522160	529200
10	529200	531880
10	531880	534160
10	534160	538800
10	538800	542440
10	542440	547040
11	547040	550320
11	550320	552240
11	552240	556120
11	556120	559560
11	559560	564920
11	564920	568200
11	568200	569320
11	569320	570920
11	570920	572640
11	572640	574840
11	574840	576280
11	576280	577360
11	577360	582720
11	582720	585000
11	585000	588320
12	588320	597560
12	597560	599560
12	599560	605360
12	605360	609480
12	609480	611320
12	611320	612720
12	612720	615880
12	615880	618200
12	618200	620400
12	620400	623840
12	623840	627600
12	627600	629200
12	629200	631680
12	631680	633280
12	633280	640760
12	640760	642280
12	642280	644080
12	644080	646280
12	646280	656840
12	656840	657960
12	657960	669240
12	669240	674080
12	674080	676320
12	676320	678720
12	678720	680320
12	680320	681600
12	681600	685000
12	685000	686560
12	686560	688360
12	688360	689600
12	689600	691960
12	691960	702720
12	702720	705760
12	705760	707560
12	707560	718600
12	718600	728160
12	728160	751040
13	751040	772640
13	772640	777280
14	777280	781400
14	781400	785680
14	785680	795040
14	795040	808960
14	808960	812960
14	812960	815760
14	815760	818520
14	818520	822520
14	822520	826000
14	826000	830840
14	830840	834040
14	834040	839800
14	839800	843240
14	843240	845080
14	845080	846680
14	846680	848640
14	848640	850440
14	850440	853720
14	853720	857120
14	857120	862440
14	862440	865480
14	865480	874720
14	874720	880400
14	880400	889360
14	889360	893560
15	893560	900360
15	900360	905480
15	905480	915760
15	915760	917680
15	917680	919360
15	919360	921680
15	921680	925760
15	925760	930840
15	930840	932840
15	932840	938760
15	938760	943400
15	943400	945760
15	945760	947200
15	947200	951160
15	951160	953640
15	953640	955320
15	955320	965560
16	965560	967800
16	967800	970920
16	970920	973640
16	973640	975560
16	975560	980800
16	980800	982520
16	982520	988200
16	988200	991160
16	991160	994160
16	994160	995440
16	995440	997200
16	997200	998680
16	998680	1004320
16	1004320	1006440
16	1006440	1008160
16	1008160	1009240
16	1009240	1011120
17	1011120	1013360
17	1013360	1015480
17	1015480	1017200
17	1017200	1024560
17	1024560	1028320
17	1028320	1035240
17	1035240	1048280
17	1048280	1055800
17	1055800	1065000
17	1065000	1070480
17	1070480	1076440
17	1076440	1079800
17	1079800	1082160
17	1082160	1087880
17	1087880	1090360
17	1090360	1093760
17	1093760	1100520
17	1100520	1103800
17	1103800	1108400
17	1108400	1112440
17	1112440	1115680
17	1115680	1119080
17	1119080	1121200
17	1121200	1125960
17	1125960	1131360
17	1131360	1133840
17	1133840	1144680
17	1144680	1147040
17	1147040	1152200
17	1152200	1159480
18	1159480	1174080
18	1174080	1176200
18	1176200	1180040
18	1180040	1182240
18	1182240	1183920
18	1183920	1186800
18	1186800	1191360
18	1191360	1195320
18	1195320	1197720
18	1197720	1200240
18	1200240	1201960
18	1201960	1205040
18	1205040	1210840
18	1210840	1218160
18	1218160	1222640
18	1222640	1227520
18	1227520	1230280
18	1230280	1232280
18	1232280	1238160
18	1238160	1242640
18	1242640	1246680
18	1246680	1248440
18	1248440	1250040
18	1250040	1251480
18	1251480	1252840
18	1252840	1254480
18	1254480	1259080
18	1259080	1261960
18	1261960	1263200
18	1263200	1266360
19	1266360	1269280
19	1269280	1288040
19	1288040	1290200
19	1290200	1292240
19	1292240	1294440
19	1294440	1300960
19	1300960	1303920
19	1303920	1308400
19	1308400	1311520
19	1311520	1314680
19	1314680	1317320
19	1317320	1333960
20	1333960	1339240
20	1339240	1348080
20	1348080	1349000
20	1349000	1350240
20	1350240	1351240
20	1351240	1353840
20	1353840	1355200
20	1355200	1356760
20	1356760	1360680
20	1360680	1362400
20	1362400	1363920
20	1363920	1366040
20	1366040	1366840
20	1366840	1368160
20	1368160	1369200
20	1369200	1373400
21	1373400	1377920
21	1377920	1379760
21	1379760	1382520
21	1382520	1384600
21	1384600	1389480
21	1389480	1390800
22	1390800	1396680
22	1396680	1406400
22	1406400	1415880
23	1415880	1419240
23	1419240	1422240
24	1422240	1428120
24	1428120	1433000
25	1433000	1450240
25	1450240	1456560
25	1456560	1469800
25	1469800	1477120
25	1477120	1480600
25	1480600	1483120
25	1483120	1484520
25	1484520	1502200
25	1502200	1504880
25	1504880	1509520
25	1509520	1511960
25	1511960	1513560
25	1513560	1517440
25	1517440	1518920
25	1518920	1520600
25	1520600	1525440
25	1525440	1526640
25	1526640	1529000
25	1529000	1534200
25	1534200	1539760
25	1539760	1542400
25	1542400	1545920
25	1545920	1547480
25	1547480	1549440
25	1549440	1553080
26	1553080	1576520
26	1576520	1578840
26	1578840	1579760
26	1579760	1581280
26	1581280	1582880
26	1582880	1589120
26	1589120	1591120
26	1591120	1598000
26	1598000	1599320
26	1599320	1602920
26	1602920	1605280
26	1605280	1608840
26	1608840	1614920
26	1614920	1628120
26	1628120	1629520
26	1629520	1632800
26	1632800	1637040
26	1637040	1638320
26	1638320	1639160
26	1639160	1642360
26	1642360	1644080
26	1644080	1646160
26	1646160	1648120
26	1648120	1651720
27	1651720	1661680
27	1661680	1667760
27	1667760	1674480
27	1674480	1678520
27	1678520	1681120
27	1681120	1685640
27	1685640	1693640
27	1693640	1699800
27	1699800	1705520
27	1705520	1716840
27	1716840	1720080
28	1720080	1724120
28	1724120	1726840
28	1726840	1729200
28	1729200	1739320
28	1739320	1741880
28	1741880	1743800
28	1743800	1745080
28	1745080	1747680
28	1747680	1749240
28	1749240	1751640
28	1751640	1753720
28	1753720	1756880
28	1756880	1760160
28	1760160	1763920
28	1763920	1767840
28	1767840	1770600
28	1770600	1772520
28	1772520	1774760
28	1774760	1777760
28	1777760	1784240
28	1784240	1788000
28	1788000	1789920
28	1789920	1793760
28	1793760	1797200
28	1797200	1799120
28	1799120	1800480
28	1800480	1803040
28	1803040	1806120
28	1806120	1809680
28	1809680	1813320
28	1813320	1815040
28	1815040	1816480
28	1816480	1819520
28	1819520	1822240
28	1822240	1825640
28	1825640	1828040
28	1828040	1830520
28	1830520	1834640
28	1834640	1836840
28	1836840	1839240
28	1839240	1841840
28	1841840	1844080
28	1844080	1848280
28	1848280	1859920
28	1859920	1861200
29	1861200	1863560
29	1863560	1866120
29	1866120	1870680
29	1870680	1878880
29	1878880	1883680
29	1883680	1887360
29	1887360	1889800
29	1889800	1898040
29	1898040	1900000
29	1900000	1902720
29	1902720	1905920
29	1905920	1911840
29	1911840	1913320
29	1913320	1915600
29	1915600	1919920
29	1919920	1921720
29	1921720	1923320
29	1923320	1927440
29	1927440	1958000
29	1958000	1962440
30	1962440	1973360
30	1973360	1980600
30	1980600	1982760
30	1982760	1985120
30	1985120	1987680
30	1987680	1989400
30	1989400	1994760
30	1994760	1996320
30	1996320	1998520
30	1998520	2000000
30	2000000	2005680
30	2005680	2008000
30	2008000	2009400
30	2009400	2013960
30	2013960	2015520
30	2015520	2017400
31	2017400	2024600
31	2024600	2027200
31	2027200	2030640
31	2030640	2033320
31	2033320	2035120
31	2035120	2036880
31	2036880	2038320
31	2038320	2040800
31	2040800	2044240
31	2044240	2046440
31	2046440	2048600
31	2048600	2050360
31	2050360	2052440
31	2052440	2056440
31	2056440	2058600
31	2058600	2059880
31	2059880	2064320
31	2064320	2067640
31	2067640	2070240
32	2070240	2074080
32	2074080	2080960
32	2080960	2085800
32	2085800	2092760
32	2092760	2096480
32	2096480	2100600
32	2100600	2103120
32	2103120	2105040
32	2105040	2113720
32	2113720	2116720
32	2116720	2120280
32	2120280	2123880
33	2123880	2138480
33	2138480	2145440
34	2145440	2150280
34	2150280	2157840
35	2157840	2159600
35	2159600	2161040
35	2161040	2162920
35	2162920	2164560
35	2164560	2170280
35	2170280	2172120
36	2172120	2189600
36	2189600	2194480
36	2194480	2197600
36	2197600	2208000
36	2208000	2211520
36	2211520	2213440
36	2213440	2218520
36	2218520	2224080
36	2224080	2228560
36	2228560	2236600
36	2236600	2248440
36	2248440	2251120
37	2251120	2260320
37	2260320	2268080
37	2268080	2273360
37	2273360	2279040
37	2279040	2282360
37	2282360	2285680
37	2285680	2289600
37	2289600	2298320
38	2298320	2323280
38	2323280	2324720
38	2324720	2326200
38	2326200	2328320
38	2328320	2331640
38	2331640	2334800
39	2334800	2338240
39	2338240	2343120
39	2343120	2345640
39	2345640	2347640
39	2347640	2353720
39	2353720	2355560
39	2355560	2369040
39	2369040	2371080
39	2371080	2383600
39	2383600	2386040
39	2386040	2387840
39	2387840	2392960
39	2392960	2395880
39	2395880	2399440
39	2399440	2403360
39	2403360	2404840
39	2404840	2406800
39	2406800	2413360
39	2413360	2414600
40	2414600	2417680
40	2417680	2422880
40	2422880	2426200
40	2426200	2431160
40	2431160	2433080
40	2433080	2436320
40	2436320	2440080
40	2440080	2444160
40	2444160	2450320
41	2450320	2458240
41	2458240	2460680
41	2460680	2464600
41	2464600	2466560
41	2466560	2468720
41	2468720	2470560
41	2470560	2471960
41	2471960	2473240
41	2473240	2481000
41	2481000	2483360
41	2483360	2485800
41	2485800	2487800
41	2487800	2488560
41	2488560	2491200
41	2491200	2493560
41	2493560	2499040
41	2499040	2502680
41	2502680	2507840
41	2507840	2510120
41	2510120	2513960
42	2513960	2520800
42	2520800	2528000
42	2528000	2531600
42	2531600	2537160
42	2537160	2540440
42	2540440	2544400
42	2544400	2551480
42	2551480	2555560
42	2555560	2559720
42	2559720	2563280
42	2563280	2568440
42	2568440	2570640
42	2570640	2574520
42	2574520	2583520
43	2583520	2589560
43	2589560	2598200
43	2598200	2601360
43	2601360	2606000
43	2606000	2610560
43	2610560	2613280
43	2613280	2615160
43	2615160	2617880
44	2617880	2630520
44	2630520	2634400
44	2634400	2636880
44	2636880	2639080
44	2639080	2642720
44	2642720	2647080
44	2647080	2654960
44	2654960	2658400
44	2658400	2662560
44	2662560	2669760
44	2669760	2678800
45	2678800	2685600
45	2685600	2701120
45	2701120	2717120
45	2717120	2724400
45	2724400	2731200
45	2731200	2734200
45	2734200	2739440
45	2739440	2750320
45	2750320	2753840
46	2753840	2869040
46	2869040	2886600
