shot	start	end
0	0	6000
0	6000	20200
0	20200	30840
0	30840	71040
0	71040	72520
0	72520	77320
0	77320	93480
1	93480	96960
1	96960	100480
1	100480	106640
1	106640	112720
2	112720	116120
2	116120	123600
2	123600	127760
2	127760	144080
2	144080	147960
2	147960	168360
2	168360	174200
2	174200	191520
2	191520	193360
2	193360	202720
3	202720	204640
3	204640	206600
3	206600	208880
3	208880	210600
3	210600	212160
3	212160	214360
3	214360	215800
3	215800	217920
3	217920	219840
3	219840	222400
3	222400	224720
3	224720	226600
3	226600	228680
3	228680	231160
3	231160	233240
3	233240	235280
3	235280	237880
3	237880	238840
3	238840	240920
3	240920	242240
3	242240	245000
3	245000	247880
3	247880	250680
3	250680	252720
3	252720	254840
3	254840	256880
3	256880	258720
3	258720	260720
3	260720	263760
3	263760	266200
3	266200	268960
3	268960	271360
3	271360	273760
3	273760	276280
3	276280	280480
4	280480	301480
4	301480	304320
4	304320	307320
4	307320	311520
4	311520	314120
4	314120	329120
5	329120	332520
5	332520	346040
5	346040	352760
5	352760	354200
5	354200	355480
5	355480	356400
5	356400	360200
5	360200	361480
5	361480	368680
5	368680	369680
5	369680	377800
5	377800	379320
5	379320	383560
5	383560	385560
5	385560	387120
5	387120	388800
5	388800	390040
5	390040	391320
5	391320	392840
5	392840	396880
5	396880	401120
5	401120	403280
5	403280	406000
5	406000	409240
5	409240	412560
5	412560	414320
5	414320	418960
5	418960	420440
5	420440	422960
6	422960	424720
6	424720	427720
6	427720	428720
6	428720	430200
6	430200	431040
6	431040	432680
6	432680	434640
6	434640	437400
6	437400	443840
6	443840	447960
6	447960	456440
6	456440	460320
6	460320	463440
6	463440	470720
6	470720	471960
6	471960	474840
6	474840	476920
6	476920	493640
6	493640	495920
6	495920	500720
6	500720	505520
6	505520	507320
6	507320	511320
6	511320	513560
6	513560	514800
6	514800	516280
7	516280	521240
7	521240	523320
7	523320	527320
7	527320	532280
7	532280	538440
7	538440	540960
7	540960	544480
7	544480	549120
7	549120	557360
7	557360	562320
7	562320	567280
7	567280	569800
7	569800	572520
7	572520	574280
7	574280	577280
7	577280	578120
7	578120	579520
7	579520	581240
7	581240	583120
7	583120	587240
7	587240	592520
7	592520	595000
7	595000	600160
7	600160	603640
7	603640	609840
7	609840	612040
7	612040	616760
7	616760	618840
7	618840	620680
7	620680	621680
7	621680	625040
7	625040	627320
7	627320	632160
7	632160	634400
7	634400	638680
7	638680	640800
7	640800	646800
7	646800	650200
7	650200	658200
7	658200	659960
8	659960	665680
8	665680	673240
8	673240	680200
8	680200	690200
8	690200	692760
8	692760	694480
8	694480	696520
8	696520	708880
8	708880	714560
9	714560	717080
9	717080	725360
9	725360	727040
9	727040	739640
9	739640	743480
9	743480	748760
9	748760	751760
9	751760	756720
9	756720	759880
9	759880	764240
10	764240	777400
10	777400	781960
11	781960	785440
11	785440	796880
11	796880	801160
11	801160	807280
11	807280	809520
11	809520	811400
11	811400	815200
11	815200	820480
11	820480	824640
11	824640	828480
11	828480	830960
11	830960	832360
11	832360	835960
11	835960	837200
11	837200	840440
11	840440	843480
11	843480	845000
11	845000	846960
11	846960	850640
11	850640	854520
11	854520	858440
11	858440	859640
11	859640	861360
11	861360	863360
11	863360	865080
11	865080	868240
11	868240	870920
11	870920	876000
11	876000	881280
11	881280	886880
11	886880	899200
12	899200	903720
12	903720	908400
12	908400	914640
12	914640	942560
12	942560	959200
12	959200	962960
12	962960	967120
12	967120	976280
12	976280	982680
12	982680	990360
12	990360	992760
12	992760	998160
12	998160	1003840
12	1003840	1010960
12	1010960	1014840
12	1014840	1021000
12	1021000	1024040
12	1024040	1028280
12	1028280	1031640
13	1031640	1034800
13	1034800	1037720
13	1037720	1040480
13	1040480	1042280
13	1042280	1043920
13	1043920	1045040
13	1045040	1047480
13	1047480	1048200
13	1048200	1058640
14	1058640	1062240
14	1062240	1065840
14	1065840	1070360
14	1070360	1073360
14	1073360	1074400
14	1074400	1082160
14	1082160	1086160
14	1086160	1095200
14	1095200	1097880
14	1097880	1100240
14	1100240	1103120
14	1103120	1107280
15	1107280	1110880
15	1110880	1112000
15	1112000	1114000
15	1114000	1115240
15	1115240	1118200
15	1118200	1121160
15	1121160	1125800
15	1125800	1139840
15	1139840	1141520
16	1141520	1151800
16	1151800	1165000
16	1165000	1168880
16	1168880	1175400
16	1175400	1186720
16	1186720	1190480
16	1190480	1194840
17	1194840	1215840
17	1215840	1233520
18	1233520	1248680
18	1248680	1275480
18	1275480	1280840
18	1280840	1283880
18	1283880	1287840
18	1287840	1289480
18	1289480	1291440
18	1291440	1293800
18	1293800	1295720
18	1295720	1297600
18	1297600	1299400
18	1299400	1300800
18	1300800	1311840
18	1311840	1314840
18	1314840	1318320
18	1318320	1324000
18	1324000	1328920
18	1328920	1330800
18	1330800	1333680
18	1333680	1348640
18	1348640	1351080
19	1351080	1368000
19	1368000	1369880
19	1369880	1371280
19	1371280	1372480
19	1372480	1374240
19	1374240	1376800
19	1376800	1380080
19	1380080	1384160
19	1384160	1389760
19	1389760	1393920
19	1393920	1397720
19	1397720	1400240
20	1400240	1410600
20	1410600	1412640
20	1412640	1419480
21	1419480	1425600
21	1425600	1427920
21	1427920	1434760
21	1434760	1438240
21	1438240	1442440
22	1442440	1447680
22	1447680	1469000
22	1469000	1472600
23	1472600	1483360
23	1483360	1485400
23	1485400	1491640
23	1491640	1493600
23	1493600	1495320
23	1495320	1501320
23	1501320	1504880
23	1504880	1510240
23	1510240	1512360
23	1512360	1519240
23	1519240	1521280
23	1521280	1523880
23	1523880	1525600
23	1525600	1529840
23	1529840	1531840
23	1531840	1534320
23	1534320	1538600
23	1538600	1542520
23	1542520	1543720
23	1543720	1548160
23	1548160	1552480
24	1552480	1553960
24	1553960	1572320
24	1572320	1575680
24	1575680	1579120
24	1579120	1583080
24	1583080	1585280
24	1585280	1586720
24	1586720	1590280
24	1590280	1594480
24	1594480	1596600
24	1596600	1597400
24	1597400	1598320
24	1598320	1602240
24	1602240	1605760
24	1605760	1609760
24	1609760	1611600
24	1611600	1615200
24	1615200	1619600
24	1619600	1628240
24	1628240	1630560
24	1630560	1634520
24	1634520	1635920
24	1635920	1637920
24	1637920	1653400
24	1653400	1661200
25	1661200	1671720
25	1671720	1673320
25	1673320	1675360
25	1675360	1677800
25	1677800	1679640
25	1679640	1684440
25	1684440	1686000
25	1686000	1690480
25	1690480	1691920
26	1691920	1697680
26	1697680	1698720
26	1698720	1700440
26	1700440	1702960
26	1702960	1708000
26	1708000	1711480
26	1711480	1713760
26	1713760	1716120
26	1716120	1717240
26	1717240	1720400
26	1720400	1725000
26	1725000	1729040
26	1729040	1733760
26	1733760	1738840
26	1738840	1741800
26	1741800	1744160
26	1744160	1746920
26	1746920	1749520
26	1749520	1756240
26	1756240	1758680
26	1758680	1762280
26	1762280	1763880
26	1763880	1765760
26	1765760	1769280
26	1769280	1771480
26	1771480	1776760
27	1776760	1780040
27	1780040	1781920
27	1781920	1783320
27	1783320	1786000
27	1786000	1787080
27	1787080	1788280
27	1788280	1788800
27	1788800	1792400
27	1792400	1794920
27	1794920	1795800
27	1795800	1796960
27	1796960	1798840
27	1798840	1800200
27	1800200	1801520
27	1801520	1804280
27	1804280	1809000
27	1809000	1812040
27	1812040	1815080
27	1815080	1818240
28	1818240	1820880
28	1820880	1830080
28	1830080	1835480
28	1835480	1839040
28	1839040	1840560
28	1840560	1841800
28	1841800	1849960
28	1849960	1853040
28	1853040	1855080
28	1855080	1858440
28	1858440	1861240
28	1861240	1863560
28	1863560	1866600
28	1866600	1869080
28	1869080	1872120
28	1872120	1875640
28	1875640	1881400
28	1881400	1883600
28	1883600	1895080
28	1895080	1897240
28	1897240	1899880
28	1899880	1901640
28	1901640	1905640
28	1905640	1908600
28	1908600	1914360
28	1914360	1919560
28	1919560	1922520
28	1922520	1924440
28	1924440	1926000
28	1926000	1928640
28	1928640	1930040
28	1930040	1932360
28	1932360	1939160
28	1939160	1943160
28	1943160	1945840
28	1945840	1947560
28	1947560	1949120
28	1949120	1952800
28	1952800	1955920
28	1955920	1960400
28	1960400	1962560
28	1962560	1964760
28	1964760	1967400
28	1967400	1968480
28	1968480	1972920
28	1972920	1977160
28	1977160	1979360
28	1979360	1982000
28	1982000	1983960
28	1983960	1985920
28	1985920	1987760
28	1987760	1989160
28	1989160	1990800
28	1990800	1991760
28	1991760	1992720
28	1992720	1996160
28	1996160	1999120
28	1999120	2000800
28	2000800	2005040
28	2005040	2010400
28	2010400	2021360
29	2021360	2026520
29	2026520	2030560
29	2030560	2033760
29	2033760	2043080
29	2043080	2045840
29	2045840	2048840
29	2048840	2050120
29	2050120	2052240
29	2052240	2054400
29	2054400	2057560
29	2057560	2059680
29	2059680	2066360
29	2066360	2067640
29	2067640	2068600
29	2068600	2075000
29	2075000	2076680
29	2076680	2080360
29	2080360	2085080
30	2085080	2091120
30	2091120	2103320
31	2103320	2108000
31	2108000	2117120
31	2117120	2122160
31	2122160	2136480
31	2136480	2138280
31	2138280	2141880
31	2141880	2146200
31	2146200	2148560
31	2148560	2150920
31	2150920	2152720
31	2152720	2160080
31	2160080	2161800
31	2161800	2165040
32	2165040	2168600
32	2168600	2172200
32	2172200	2182320
33	2182320	2189240
33	2189240	2190160
33	2190160	2191240
33	2191240	2193640
33	2193640	2195480
33	2195480	2197840
33	2197840	2201680
33	2201680	2204560
34	2204560	2205640
34	2205640	2211200
34	2211200	2212520
34	2212520	2214560
34	2214560	2217800
34	2217800	2219440
34	2219440	2221120
34	2221120	2224880
34	2224880	2227400
35	2227400	2239720
35	2239720	2243600
35	2243600	2247040
35	2247040	2248120
35	2248120	2249640
35	2249640	2250400
35	2250400	2251040
35	2251040	2255040
35	2255040	2258680
35	2258680	2264640
35	2264640	2267240
35	2267240	2269360
35	2269360	2272360
35	2272360	2274960
35	2274960	2280440
35	2280440	2284200
35	2284200	2294400
35	2294400	2296720
35	2296720	2299320
35	2299320	2311520
36	2311520	2314560
36	2314560	2316680
36	2316680	2318760
36	2318760	2320880
36	2320880	2323080
36	2323080	2325280
36	2325280	2329400
36	2329400	2331120
36	2331120	2335200
36	2335200	2339360
36	2339360	2342520
36	2342520	2344680
36	2344680	2346440
36	2346440	2347480
36	2347480	2350720
36	2350720	2354880
37	2354880	2357360
37	2357360	2364400
37	2364400	2367880
37	2367880	2373760
37	2373760	2376400
37	2376400	2383760
37	2383760	2386680
37	2386680	2392600
38	2392600	2395600
38	2395600	2414520
38	2414520	2424200
39	2424200	2428080
39	2428080	2431920
39	2431920	2436360
39	2436360	2442200
39	2442200	2443520
39	2443520	2445520
39	2445520	2449560
39	2449560	2452080
39	2452080	2460800
39	2460800	2464640
39	2464640	2466280
39	2466280	2468600
39	2468600	2469560
39	2469560	2470840
39	2470840	2471840
39	2471840	2473800
39	2473800	2475480
39	2475480	2480440
39	2480440	2482760
39	2482760	2484280
39	2484280	2486600
39	2486600	2490840
39	2490840	2493000
40	2493000	2495280
40	2495280	2496440
40	2496440	2497360
40	2497360	2504960
40	2504960	2505880
40	2505880	2512920
40	2512920	2515200
40	2515200	2517760
41	2517760	2519040
41	2519040	2521360
41	2521360	2522560
41	2522560	2524120
41	2524120	2527400
41	2527400	2530440
41	2530440	2534480
41	2534480	2536520
41	2536520	2539320
41	2539320	2544240
41	2544240	2546480
41	2546480	2550680
42	2550680	2553600
42	2553600	2563480
42	2563480	2564920
42	2564920	2567640
42	2567640	2569720
42	2569720	2576720
42	2576720	2578000
42	2578000	2586560
42	2586560	2589000
42	2589000	2593080
42	2593080	2596840
42	2596840	2598760
42	2598760	2600320
42	2600320	2602840
42	2602840	2605400
42	2605400	2608280
42	2608280	2613800
42	2613800	2616360
42	2616360	2619200
42	2619200	2626320
42	2626320	2634680
42	2634680	2639880
42	2639880	2643400
42	2643400	2647120
42	2647120	2649800
42	2649800	2652280
42	2652280	2654680
42	2654680	2656720
42	2656720	2658560
42	2658560	2660840
42	2660840	2666120
42	2666120	2669160
42	2669160	2671480
42	2671480	2674360
42	2674360	2676200
42	2676200	2677720
42	2677720	2679760
42	2679760	2681600
42	2681600	2687880
43	2687880	2693560
43	2693560	2696200
43	2696200	2698560
43	2698560	2701080
43	2701080	2704080
43	2704080	2705720
43	2705720	2707560
43	2707560	2709200
43	2709200	2710680
43	2710680	2711600
43	2711600	2716720
43	2716720	2719960
43	2719960	2723920
43	2723920	2726120
43	2726120	2731000
43	2731000	2732720
43	2732720	2733840
43	2733840	2735400
43	2735400	2738400
43	2738400	2739600
43	2739600	2742560
43	2742560	2747000
43	2747000	2750800
43	2750800	2752240
43	2752240	2752920
43	2752920	2754400
43	2754400	2755480
43	2755480	2757040
43	2757040	2764080
43	2764080	2764880
43	2764880	2768120
43	2768120	2769160
43	2769160	2770920
43	2770920	2773160
43	2773160	2774360
43	2774360	2776080
43	2776080	2782520
44	2782520	2784280
44	2784280	2786160
44	2786160	2799160
44	2799160	2806480
44	2806480	2814720
44	2814720	2819240
44	2819240	2822560
44	2822560	2824760
44	2824760	2829960
44	2829960	2836280
44	2836280	2843280
44	2843280	2847360
44	2847360	2854560
44	2854560	2857520
44	2857520	2859360
44	2859360	2862880
44	2862880	2865960
44	2865960	2872840
45	2872840	2877640
45	2877640	2883600
45	2883600	2893600
45	2893600	2896160
45	2896160	2898200
45	2898200	2901880
45	2901880	2903600
45	2903600	2920480
45	2920480	2924920
45	2924920	2927000
45	2927000	2930080
45	2930080	2936520
45	2936520	2939120
45	2939120	2945960
45	2945960	2964800
46	2964800	2968680
46	2968680	2971800
46	2971800	2973560
46	2973560	2982960
46	2982960	2993080
46	2993080	2999480
46	2999480	3003600
46	3003600	3005320
46	3005320	3008440
46	3008440	3009880
46	3009880	3014840
46	3014840	3019240
46	3019240	3022200
46	3022200	3026440
46	3026440	3031600
46	3031600	3035840
46	3035840	3041760
46	3041760	3044080
46	3044080	3048000
46	3048000	3056960
46	3056960	3067040
46	3067040	3069880
46	3069880	3088760
47	3088760	3203960
47	3203960	3221600
