shot	start	end
0	0	5920
0	5920	8240
0	8240	9280
0	9280	10000
0	10000	11280
0	11280	11880
0	11880	12640
0	12640	16160
0	16160	17640
0	17640	20360
0	20360	22200
0	22200	23960
0	23960	26480
0	26480	27520
0	27520	28520
0	28520	29560
0	29560	33480
0	33480	35120
0	35120	38200
0	38200	39240
0	39240	41080
0	41080	42080
0	42080	43360
0	43360	45760
0	45760	48680
0	48680	59960
1	59960	61800
1	61800	70360
1	70360	77240
1	77240	78760
1	78760	83640
2	83640	85480
2	85480	87520
2	87520	91480
2	91480	96920
2	96920	101920
2	101920	108520
2	108520	113720
2	113720	117480
2	117480	120640
2	120640	124800
2	124800	127800
2	127800	131120
2	131120	131960
2	131960	133160
2	133160	134800
2	134800	135560
2	135560	148760
2	148760	151800
2	151800	155880
2	155880	158920
2	158920	161640
3	161640	165960
3	165960	167880
3	167880	169840
3	169840	172120
3	172120	175400
3	175400	177600
3	177600	179040
3	179040	181160
3	181160	183080
3	183080	185640
3	185640	187960
3	187960	189840
3	189840	191920
3	191920	194400
3	194400	196480
3	196480	198520
3	198520	201120
3	201120	202080
3	202080	204160
3	204160	205480
3	205480	208240
3	208240	211120
3	211120	213920
3	213920	215960
3	215960	218080
3	218080	220120
3	220120	221960
3	221960	223960
3	223960	227000
3	227000	229440
3	229440	232200
3	232200	234600
3	234600	237000
3	237000	239520
3	239520	243720
3	243720	253400
4	253400	255120
4	255120	256800
4	256800	259400
4	259400	267000
4	267000	267880
4	267880	270360
4	270360	272240
4	272240	278080
4	278080	280240
4	280240	281720
4	281720	283240
4	283240	292080
4	292080	296600
4	296600	300360
4	300360	302000
4	302000	304200
4	304200	308120
4	308120	310640
4	310640	318800
4	318800	322360
4	322360	328680
4	328680	331440
4	331440	333280
4	333280	334040
4	334040	338200
4	338200	339400
4	339400	343080
4	343080	345080
4	345080	346080
4	346080	346960
4	346960	350320
5	350320	357840
5	357840	390160
5	390160	392880
6	392880	394360
6	394360	396880
6	396880	400360
6	400360	403160
6	403160	404840
6	404840	406560
6	406560	407840
6	407840	409680
6	409680	414400
6	414400	415760
6	415760	417160
6	417160	421440
6	421440	424080
6	424080	430480
6	430480	435400
6	435400	446080
7	446080	449680
7	449680	452160
7	452160	453080
7	453080	455320
7	455320	457120
7	457120	461560
7	461560	465040
7	465040	471240
7	471240	473160
7	473160	476520
7	476520	479480
7	479480	493400
7	493400	495280
7	495280	503080
7	503080	505760
7	505760	509000
8	509000	512560
8	512560	514360
8	514360	517200
8	517200	519880
8	519880	524520
8	524520	527960
8	527960	535080
8	535080	537240
8	537240	539160
8	539160	541320
8	541320	544120
8	544120	545840
8	545840	548560
8	548560	550680
8	550680	556800
8	556800	559320
8	559320	567200
8	567200	571840
8	571840	573960
8	573960	579800
8	579800	589840
8	589840	595320
8	595320	605800
8	605800	609720
8	609720	611880
8	611880	614720
8	614720	619600
8	619600	621960
8	621960	623800
9	623800	627040
9	627040	630360
9	630360	631680
9	631680	635160
9	635160	638120
9	638120	641360
9	641360	646800
9	646800	653360
9	653360	656720
9	656720	659640
9	659640	662120
9	662120	664760
9	664760	669080
9	669080	672880
9	672880	674360
9	674360	679720
9	679720	683560
9	683560	700760
10	700760	709760
10	709760	713600
10	713600	718680
10	718680	720840
10	720840	725840
10	725840	727800
10	727800	741880
10	741880	743960
10	743960	749720
11	749720	751520
11	751520	752760
11	752760	756360
11	756360	757960
11	757960	760080
11	760080	763080
11	763080	764560
11	764560	769680
11	769680	771840
11	771840	778840
11	778840	781080
11	781080	783640
11	783640	786960
11	786960	788640
11	788640	789760
11	789760	792440
11	792440	799880
11	799880	804720
11	804720	808360
11	808360	811280
11	811280	812520
11	812520	814280
11	814280	822680
11	822680	823480
11	823480	826800
11	826800	829800
11	829800	841040
11	841040	842720
11	842720	845840
11	845840	848120
11	848120	849040
12	849040	851520
12	851520	870040
12	870040	874880
12	874880	876240
12	876240	882320
12	882320	885160
12	885160	886480
12	886480	889200
13	889200	891440
13	891440	905560
13	905560	907560
13	907560	927000
13	927000	935040
13	935040	949240
13	949240	950760
14	950760	953920
14	953920	955760
14	955760	962160
14	962160	964200
14	964200	968320
14	968320	972840
14	972840	980240
14	980240	984400
14	984400	985560
14	985560	987960
14	987960	990320
14	990320	994880
14	994880	998480
14	998480	1002680
14	1002680	1005960
15	1005960	1011480
15	1011480	1013680
15	1013680	1016440
15	1016440	1021080
15	1021080	1022680
15	1022680	1024760
15	1024760	1028520
16	1028520	1042520
16	1042520	1045480
16	1045480	1054800
16	1054800	1062600
16	1062600	1064080
16	1064080	1065800
16	1065800	1068760
16	1068760	1070640
16	1070640	1073360
16	1073360	1075160
16	1075160	1079880
16	1079880	1088320
16	1088320	1092880
16	1092880	1093960
16	1093960	1095400
16	1095400	1102120
16	1102120	1103160
16	1103160	1105840
16	1105840	1107560
16	1107560	1109200
16	1109200	1111320
16	1111320	1122200
16	1122200	1125440
16	1125440	1131760
16	1131760	1134280
16	1134280	1138400
16	1138400	1161480
16	1161480	1163400
16	1163400	1175840
16	1175840	1177720
17	1177720	1180320
17	1180320	1185360
17	1185360	1197760
17	1197760	1209160
17	1209160	1210600
17	1210600	1218600
17	1218600	1225240
17	1225240	1227920
17	1227920	1229040
17	1229040	1232360
17	1232360	1234440
17	1234440	1239160
17	1239160	1243200
17	1243200	1246160
17	1246160	1253200
17	1253200	1258800
17	1258800	1264680
18	1264680	1268960
18	1268960	1270440
18	1270440	1272400
18	1272400	1275000
18	1275000	1276440
18	1276440	1281280
18	1281280	1283200
18	1283200	1285120
18	1285120	1286080
18	1286080	1287120
18	1287120	1288960
18	1288960	1291120
18	1291120	1292880
18	1292880	1293600
18	1293600	1295000
18	1295000	1296080
18	1296080	1297440
18	1297440	1299720
19	1299720	1306200
19	1306200	1309880
19	1309880	1311480
19	1311480	1316200
19	1316200	1321200
19	1321200	1326440
19	1326440	1332040
19	1332040	1340600
19	1340600	1345080
20	1345080	1348000
20	1348000	1354000
20	1354000	1356520
20	1356520	1358360
20	1358360	1360840
20	1360840	1372360
20	1372360	1375160
20	1375160	1381600
20	1381600	1384560
20	1384560	1395120
20	1395120	1399600
21	1399600	1414520
21	1414520	1423200
21	1423200	1432680
21	1432680	1437080
21	1437080	1440280
21	1440280	1443080
21	1443080	1445320
21	1445320	1448520
21	1448520	1451720
21	1451720	1452600
21	1452600	1458560
21	1458560	1460360
21	1460360	1462520
21	1462520	1466920
21	1466920	1469280
21	1469280	1472040
21	1472040	1477600
21	1477600	1479320
21	1479320	1482160
21	1482160	1485120
21	1485120	1488400
21	1488400	1492720
21	1492720	1493960
21	1493960	1496920
21	1496920	1500240
21	1500240	1510960
21	1510960	1516320
21	1516320	1518120
21	1518120	1520360
21	1520360	1524840
21	1524840	1528640
21	1528640	1530680
21	1530680	1532720
21	1532720	1536320
21	1536320	1538320
21	1538320	1545800
21	1545800	1557680
22	1557680	1560480
22	1560480	1569280
22	1569280	1570960
22	1570960	1575920
22	1575920	1581200
22	1581200	1584560
22	1584560	1589800
22	1589800	1592800
22	1592800	1597720
22	1597720	1600560
22	1600560	1604240
22	1604240	1607280
22	1607280	1609800
23	1609800	1623160
23	1623160	1627760
23	1627760	1629760
23	1629760	1635360
23	1635360	1645640
23	1645640	1646760
23	1646760	1651080
23	1651080	1655360
23	1655360	1666000
23	1666000	1672000
23	1672000	1676840
23	1676840	1679600
23	1679600	1684200
23	1684200	1686200
23	1686200	1689920
23	1689920	1695760
23	1695760	1717160
23	1717160	1719840
23	1719840	1722280
23	1722280	1723560
23	1723560	1727560
23	1727560	1741600
24	1741600	1745240
24	1745240	1749440
24	1749440	1752280
24	1752280	1754240
24	1754240	1757680
25	1757680	1759520
25	1759520	1763000
25	1763000	1767120
25	1767120	1768880
25	1768880	1771000
25	1771000	1773800
25	1773800	1775320
25	1775320	1776920
25	1776920	1778560
25	1778560	1779920
25	1779920	1782760
25	1782760	1785240
25	1785240	1789720
25	1789720	1797600
25	1797600	1799160
25	1799160	1801400
25	1801400	1804720
25	1804720	1806000
25	1806000	1807280
25	1807280	1808840
25	1808840	1811160
25	1811160	1812560
25	1812560	1813760
25	1813760	1815240
25	1815240	1817800
25	1817800	1819760
25	1819760	1821120
25	1821120	1822080
25	1822080	1823280
25	1823280	1823960
25	1823960	1824960
25	1824960	1826080
25	1826080	1829920
25	1829920	1833400
25	1833400	1834280
25	1834280	1836560
25	1836560	1841560
25	1841560	1843520
25	1843520	1847680
25	1847680	1849240
25	1849240	1851400
25	1851400	1853680
25	1853680	1855800
25	1855800	1857760
25	1857760	1860360
26	1860360	1862360
26	1862360	1867080
26	1867080	1871960
26	1871960	1873760
26	1873760	1875520
26	1875520	1876680
26	1876680	1878680
26	1878680	1881880
26	1881880	1883280
26	1883280	1884800
26	1884800	1887080
26	1887080	1889000
26	1889000	1890920
26	1890920	1892120
26	1892120	1893800
26	1893800	1896360
26	1896360	1897720
26	1897720	1899480
26	1899480	1901560
26	1901560	1904320
26	1904320	1905960
26	1905960	1908680
27	1908680	1910120
27	1910120	1911480
27	1911480	1914200
27	1914200	1916920
27	1916920	1918360
27	1918360	1920400
27	1920400	1921520
27	1921520	1923120
27	1923120	1925120
27	1925120	1928040
27	1928040	1929720
27	1929720	1937360
27	1937360	1942200
27	1942200	1943640
27	1943640	1947560
27	1947560	1950400
27	1950400	1952000
27	1952000	1954400
27	1954400	1956920
27	1956920	1958920
27	1958920	1973000
27	1973000	1977760
27	1977760	1979160
27	1979160	1980960
27	1980960	1982360
27	1982360	1988280
27	1988280	1989120
27	1989120	1991000
27	1991000	1992000
27	1992000	1999560
27	1999560	2001800
28	2001800	2011200
28	2011200	2019560
28	2019560	2023880
28	2023880	2029680
28	2029680	2047320
28	2047320	2062920
29	2062920	2078400
29	2078400	2080040
29	2080040	2082400
29	2082400	2084520
29	2084520	2088080
29	2088080	2091960
29	2091960	2095160
29	2095160	2102080
29	2102080	2107480
29	2107480	2112160
29	2112160	2113360
29	2113360	2119000
29	2119000	2123640
29	2123640	2127640
29	2127640	2129480
29	2129480	2131560
29	2131560	2139360
29	2139360	2141960
29	2141960	2143720
29	2143720	2145840
29	2145840	2150200
29	2150200	2156640
29	2156640	2159000
29	2159000	2165440
29	2165440	2166960
29	2166960	2169280
29	2169280	2172920
29	2172920	2178040
29	2178040	2185440
29	2185440	2188840
29	2188840	2195120
29	2195120	2197000
30	2197000	2198800
30	2198800	2205200
30	2205200	2209640
30	2209640	2213560
30	2213560	2216120
30	2216120	2222080
30	2222080	2226240
30	2226240	2228760
30	2228760	2231960
30	2231960	2239640
30	2239640	2242320
30	2242320	2248480
30	2248480	2250680
31	2250680	2260400
31	2260400	2269560
31	2269560	2272080
31	2272080	2273600
31	2273600	2276280
31	2276280	2278920
31	2278920	2280080
31	2280080	2283960
31	2283960	2286160
31	2286160	2292520
32	2292520	2295800
32	2295800	2297480
32	2297480	2301680
32	2301680	2305440
32	2305440	2307800
32	2307800	2310040
32	2310040	2317920
32	2317920	2320000
32	2320000	2322480
32	2322480	2330200
32	2330200	2338200
32	2338200	2339840
32	2339840	2347080
32	2347080	2349520
32	2349520	2351120
32	2351120	2354120
32	2354120	2355520
32	2355520	2358280
32	2358280	2359800
32	2359800	2361320
32	2361320	2364080
32	2364080	2365480
32	2365480	2366600
32	2366600	2375680
32	2375680	2377960
32	2377960	2379760
32	2379760	2391200
32	2391200	2392720
32	2392720	2394600
32	2394600	2402360
32	2402360	2406520
32	2406520	2410160
32	2410160	2415720
32	2415720	2418080
33	2418080	2419560
33	2419560	2420640
33	2420640	2422680
33	2422680	2424040
33	2424040	2426920
33	2426920	2432600
33	2432600	2434720
33	2434720	2436680
33	2436680	2438560
33	2438560	2441280
33	2441280	2445440
33	2445440	2448240
33	2448240	2451560
33	2451560	2452960
33	2452960	2459000
33	2459000	2462400
33	2462400	2466720
33	2466720	2473200
33	2473200	2474440
33	2474440	2475480
33	2475480	2477840
33	2477840	2480720
33	2480720	2489800
33	2489800	2492200
33	2492200	2495960
34	2495960	2500480
34	2500480	2507840
35	2507840	2511000
35	2511000	2514280
35	2514280	2521160
35	2521160	2527520
35	2527520	2533200
35	2533200	2538440
35	2538440	2545800
36	2545800	2568440
36	2568440	2573160
36	2573160	2574480
36	2574480	2577560
36	2577560	2582240
36	2582240	2584080
36	2584080	2590360
36	2590360	2593960
36	2593960	2598840
36	2598840	2604600
36	2604600	2608840
36	2608840	2614720
36	2614720	2616360
36	2616360	2618520
36	2618520	2629680
36	2629680	2634040
36	2634040	2641040
36	2641040	2643920
36	2643920	2648000
36	2648000	2650680
36	2650680	2652240
36	2652240	2654840
36	2654840	2662840
36	2662840	2665360
36	2665360	2670280
36	2670280	2675640
36	2675640	2678320
36	2678320	2682280
36	2682280	2685680
36	2685680	2691840
36	2691840	2694400
36	2694400	2697720
36	2697720	2703840
36	2703840	2710800
36	2710800	2717800
36	2717800	2721520
36	2721520	2726160
36	2726160	2740440
37	2740440	2744640
37	2744640	2758600
37	2758600	2761760
37	2761760	2764640
37	2764640	2769240
37	2769240	2772240
37	2772240	2774360
37	2774360	2785400
37	2785400	2790320
37	2790320	2803520
37	2803520	2806720
37	2806720	2809160
37	2809160	2812480
37	2812480	2816320
37	2816320	2818120
37	2818120	2819640
37	2819640	2821720
37	2821720	2824600
37	2824600	2827560
37	2827560	2830720
37	2830720	2833280
37	2833280	2836360
37	2836360	2838240
37	2838240	2840320
37	2840320	2843720
37	2843720	2846400
37	2846400	2850080
37	2850080	2851280
37	2851280	2860200
38	2860200	2977760
38	2977760	2995600
