shot	start	end
0	0	7960
0	7960	9960
0	9960	12200
0	12200	13640
0	13640	15960
0	15960	17840
0	17840	21120
0	21120	22800
0	22800	23880
0	23880	24920
0	24920	26720
0	26720	27960
0	27960	29840
0	29840	31680
0	31680	32280
0	32280	33440
0	33440	35400
0	35400	38200
0	38200	39680
0	39680	41080
0	41080	42360
0	42360	44560
0	44560	46080
0	46080	48520
0	48520	49640
0	49640	52400
1	52400	67520
1	67520	69120
1	69120	70640
1	70640	72280
1	72280	75760
1	75760	82040
1	82040	86480
1	86480	88160
1	88160	91560
1	91560	94320
1	94320	97920
1	97920	102480
1	102480	104360
1	104360	106920
1	106920	109480
1	109480	111480
1	111480	115040
1	115040	120320
1	120320	123320
1	123320	125600
2	125600	164160
3	164160	166080
3	166080	168040
3	168040	170320
3	170320	172040
3	172040	173600
3	173600	175800
3	175800	177240
3	177240	179360
3	179360	181280
3	181280	183840
3	183840	186160
3	186160	188040
3	188040	190120
3	190120	192600
3	192600	194680
3	194680	196720
3	196720	199320
3	199320	200280
3	200280	202360
3	202360	203680
3	203680	206440
3	206440	209320
3	209320	212120
3	212120	214160
3	214160	216280
3	216280	218320
3	218320	220160
3	220160	222160
3	222160	225200
3	225200	227640
3	227640	230400
3	230400	232800
3	232800	235200
3	235200	237720
3	237720	241920
3	241920	256520
4	256520	263040
4	263040	265280
4	265280	272600
4	272600	274160
4	274160	275800
4	275800	277640
4	277640	280960
4	280960	282360
4	282360	285920
4	285920	288480
4	288480	291080
4	291080	293520
4	293520	294840
4	294840	298320
4	298320	303680
5	303680	308720
5	308720	319440
5	319440	322360
5	322360	323120
5	323120	329400
5	329400	336240
5	336240	342200
6	342200	347000
6	347000	348600
6	348600	354760
6	354760	357560
6	357560	360000
6	360000	361520
6	361520	362840
6	362840	363800
6	363800	364720
6	364720	367160
7	367160	373120
7	373120	380880
7	380880	383800
7	383800	396760
7	396760	402320
7	402320	409240
7	409240	411120
7	411120	413400
7	413400	416400
7	416400	420680
7	420680	424560
7	424560	430880
7	430880	433600
7	433600	437200
7	437200	441160
7	441160	443920
7	443920	447560
7	447560	451280
7	451280	452920
7	452920	456600
7	456600	461640
7	461640	463240
7	463240	464800
7	464800	468760
7	468760	472120
7	472120	476600
7	476600	483480
7	483480	487240
7	487240	490000
7	490000	493520
7	493520	497040
7	497040	500600
7	500600	503000
7	503000	508840
7	508840	511960
7	511960	536000
8	536000	542160
8	542160	547600
8	547600	552760
8	552760	554920
8	554920	559160
8	559160	566040
8	566040	568920
8	568920	571160
8	571160	577640
8	577640	580240
8	580240	582880
8	582880	584720
8	584720	586280
8	586280	589400
8	589400	595720
9	595720	598520
9	598520	602040
9	602040	605280
9	605280	607000
9	607000	609840
9	609840	613880
9	613880	620360
9	620360	625320
9	625320	629240
10	629240	640680
10	640680	665760
10	665760	669520
10	669520	671520
10	671520	683520
10	683520	685720
10	685720	692240
10	692240	696400
10	696400	699680
10	699680	706520
10	706520	716200
10	716200	719400
10	719400	727160
10	727160	730080
10	730080	733400
10	733400	737040
10	737040	768000
10	768000	778200
10	778200	781040
10	781040	806920
11	806920	813400
12	813400	815960
12	815960	828760
12	828760	840840
13	840840	866400
13	866400	871120
13	871120	878200
13	878200	881160
13	881160	889000
13	889000	891840
13	891840	894600
13	894600	898080
13	898080	902720
13	902720	906880
13	906880	912680
13	912680	915360
14	915360	930280
15	930280	968320
16	968320	976680
16	976680	979240
16	979240	981720
16	981720	983480
16	983480	987800
16	987800	990960
16	990960	993160
16	993160	998000
16	998000	1003960
16	1003960	1010520
16	1010520	1018360
16	1018360	1022320
16	1022320	1024600
16	1024600	1026040
16	1026040	1035360
16	1035360	1038400
16	1038400	1040240
16	1040240	1042680
16	1042680	1045120
16	1045120	1048160
17	1048160	1059360
17	1059360	1064400
17	1064400	1068800
17	1068800	1071800
17	1071800	1075680
18	1075680	1079840
18	1079840	1084680
18	1084680	1091200
18	1091200	1096920
18	1096920	1101680
18	1101680	1104920
18	1104920	1111560
18	1111560	1113720
18	1113720	1116640
18	1116640	1122680
18	1122680	1128600
18	1128600	1131560
18	1131560	1135640
18	1135640	1137720
18	1137720	1141680
18	1141680	1146760
18	1146760	1153000
18	1153000	1156080
18	1156080	1161840
18	1161840	1167720
18	1167720	1169400
19	1169400	1178280
19	1178280	1186520
19	1186520	1219280
20	1219280	1221400
20	1221400	1223040
20	1223040	1227520
20	1227520	1230080
20	1230080	1234720
20	1234720	1239640
20	1239640	1242600
20	1242600	1244640
20	1244640	1246960
20	1246960	1249800
20	1249800	1253680
20	1253680	1259680
20	1259680	1263640
20	1263640	1266600
20	1266600	1270880
20	1270880	1274880
20	1274880	1277120
20	1277120	1282320
20	1282320	1287480
20	1287480	1296480
20	1296480	1299640
20	1299640	1305640
20	1305640	1310960
20	1310960	1317120
20	1317120	1320200
20	1320200	1328840
20	1328840	1338600
20	1338600	1345120
20	1345120	1350080
20	1350080	1354920
21	1354920	1365840
21	1365840	1373160
21	1373160	1385240
21	1385240	1391120
21	1391120	1413560
21	1413560	1416800
21	1416800	1419760
21	1419760	1421600
21	1421600	1427640
22	1427640	1452040
22	1452040	1461800
22	1461800	1465040
22	1465040	1468720
22	1468720	1472400
22	1472400	1474640
22	1474640	1477360
22	1477360	1478840
22	1478840	1481480
22	1481480	1482960
22	1482960	1485120
22	1485120	1494960
22	1494960	1499800
22	1499800	1501400
22	1501400	1504160
22	1504160	1524480
22	1524480	1530960
22	1530960	1533560
22	1533560	1538960
22	1538960	1542320
22	1542320	1544960
22	1544960	1550200
22	1550200	1551600
22	1551600	1554200
22	1554200	1555760
22	1555760	1557360
22	1557360	1558440
22	1558440	1560440
22	1560440	1562920
22	1562920	1567440
22	1567440	1571160
22	1571160	1572840
22	1572840	1576480
22	1576480	1579800
22	1579800	1582800
22	1582800	1589360
22	1589360	1593520
22	1593520	1601720
22	1601720	1607560
22	1607560	1613480
22	1613480	1617040
22	1617040	1621520
22	1621520	1624960
22	1624960	1628520
22	1628520	1632960
22	1632960	1635640
22	1635640	1638440
22	1638440	1647800
22	1647800	1655280
22	1655280	1659800
22	1659800	1670280
23	1670280	1703760
23	1703760	1709560
23	1709560	1714400
23	1714400	1717000
23	1717000	1725160
24	1725160	1731840
24	1731840	1793360
25	1793360	1844040
25	1844040	1846680
25	1846680	1848920
25	1848920	1851040
25	1851040	1855960
25	1855960	1858960
25	1858960	1873440
26	1873440	1892520
26	1892520	1902360
26	1902360	1906920
26	1906920	1921520
26	1921520	1937720
26	1937720	1947440
26	1947440	1955480
26	1955480	1962440
26	1962440	1966800
26	1966800	1981400
26	1981400	1993120
26	1993120	2008160
26	2008160	2012600
26	2012600	2025800
26	2025800	2033320
27	2033320	2045840
27	2045840	2065760
27	2065760	2071440
27	2071440	2073160
27	2073160	2080240
28	2080240	2084520
28	2084520	2087720
28	2087720	2089560
28	2089560	2094080
28	2094080	2098800
28	2098800	2103800
28	2103800	2106480
28	2106480	2108680
28	2108680	2112240
28	2112240	2116240
28	2116240	2120400
28	2120400	2149720
29	2149720	2153000
29	2153000	2155400
29	2155400	2157000
29	2157000	2159800
29	2159800	2162200
29	2162200	2164160
29	2164160	2166320
29	2166320	2171960
29	2171960	2173160
29	2173160	2174080
29	2174080	2178200
29	2178200	2182960
29	2182960	2185680
29	2185680	2191520
29	2191520	2195400
29	2195400	2199280
30	2199280	2230320
30	2230320	2239440
30	2239440	2253040
30	2253040	2257600
30	2257600	2261000
30	2261000	2263800
30	2263800	2266200
30	2266200	2272080
30	2272080	2277280
30	2277280	2280240
30	2280240	2284600
30	2284600	2287920
30	2287920	2291840
30	2291840	2295400
30	2295400	2299400
30	2299400	2303400
30	2303400	2324200
31	2324200	2358160
31	2358160	2364000
31	2364000	2370400
31	2370400	2372200
31	2372200	2378000
31	2378000	2380040
31	2380040	2382160
31	2382160	2385880
31	2385880	2387520
31	2387520	2388960
31	2388960	2391920
31	2391920	2394280
31	2394280	2397200
31	2397200	2400880
31	2400880	2405520
31	2405520	2409200
31	2409200	2439080
31	2439080	2457600
31	2457600	2464600
31	2464600	2479720
32	2479720	2490440
32	2490440	2529280
33	2529280	2553040
33	2553040	2557000
33	2557000	2561920
34	2561920	2571680
34	2571680	2574840
34	2574840	2584680
34	2584680	2592600
34	2592600	2595400
34	2595400	2609680
35	2609680	2616000
35	2616000	2622760
35	2622760	2625560
35	2625560	2629120
35	2629120	2631440
35	2631440	2638400
35	2638400	2640160
35	2640160	2641040
35	2641040	2642520
35	2642520	2645680
35	2645680	2650240
35	2650240	2651520
36	2651520	2653240
36	2653240	2661280
36	2661280	2669200
36	2669200	2672520
36	2672520	2703720
36	2703720	2707800
36	2707800	2713000
36	2713000	2716400
36	2716400	2741040
36	2741040	2749680
36	2749680	2753000
36	2753000	2756160
36	2756160	2760160
36	2760160	2765400
36	2765400	2773960
36	2773960	2807680
36	2807680	2812680
37	2812680	2825040
37	2825040	2826520
37	2826520	2831720
37	2831720	2835800
37	2835800	2839800
37	2839800	2843440
38	2843440	2848040
38	2848040	2852760
38	2852760	2855000
38	2855000	2858400
38	2858400	2865000
38	2865000	2870400
38	2870400	2886760
39	2886760	2914200
40	2914200	3032280
40	3032280	3049600
