shot	start	end
0	0	5640
0	5640	6560
0	6560	8440
0	8440	9720
0	9720	13720
0	13720	15760
0	15760	16840
0	16840	17960
0	17960	19760
0	19760	22480
0	22480	23600
0	23600	24840
0	24840	25600
0	25600	26600
0	26600	29360
0	29360	32040
0	32040	32840
0	32840	37960
0	37960	39320
0	39320	40640
0	40640	43120
0	43120	43440
0	43440	44120
0	44120	45800
0	45800	46680
0	46680	47320
0	47320	48080
0	48080	50080
0	50080	53920
1	53920	57120
1	57120	61600
1	61600	64120
1	64120	68040
1	68040	72040
1	72040	75560
1	75560	79120
1	79120	80120
1	80120	81080
1	81080	87200
1	87200	95960
1	95960	102520
1	102520	107480
1	107480	113360
1	113360	115560
1	115560	119920
1	119920	123880
1	123880	127280
1	127280	133760
1	133760	138560
1	138560	143520
1	143520	146840
1	146840	151880
1	151880	153840
1	153840	180120
2	180120	182040
2	182040	184000
2	184000	186280
2	186280	188000
2	188000	189560
2	189560	191760
2	191760	193200
2	193200	195320
2	195320	197240
2	197240	199800
2	199800	202120
2	202120	204000
2	204000	206080
2	206080	208560
2	208560	210640
2	210640	212680
2	212680	215280
2	215280	216240
2	216240	218320
2	218320	219640
2	219640	222400
2	222400	225280
2	225280	228080
2	228080	230120
2	230120	232240
2	232240	234280
2	234280	236120
2	236120	238120
2	238120	241160
2	241160	243600
2	243600	246360
2	246360	248760
2	248760	251160
2	251160	253680
2	253680	257880
2	257880	267480
3	267480	269680
3	269680	272240
3	272240	277880
3	277880	280800
3	280800	283640
3	283640	287760
4	287760	290680
4	290680	295920
4	295920	297800
4	297800	299920
4	299920	303920
4	303920	307280
4	307280	311400
4	311400	316600
4	316600	322000
4	322000	324760
4	324760	327560
5	327560	328960
5	328960	330280
5	330280	335960
5	335960	337520
5	337520	343440
6	343440	345600
6	345600	349920
6	349920	357600
6	357600	370040
6	370040	372680
6	372680	375160
6	375160	378520
6	378520	384680
6	384680	389880
6	389880	396480
6	396480	397640
6	397640	398760
6	398760	402520
6	402520	404200
6	404200	408280
6	408280	411200
6	411200	413920
6	413920	416880
6	416880	419160
6	419160	421080
6	421080	425680
7	425680	428160
7	428160	431800
7	431800	436840
7	436840	441920
7	441920	448520
7	448520	450240
7	450240	453520
7	453520	457680
7	457680	468920
7	468920	472520
8	472520	476160
8	476160	479040
8	479040	483240
8	483240	488480
8	488480	490160
9	490160	493280
9	493280	503080
9	503080	507920
9	507920	515480
9	515480	517720
9	517720	524200
9	524200	526400
9	526400	527720
9	527720	529200
10	529200	537440
10	537440	544880
10	544880	550000
10	550000	558040
10	558040	561360
10	561360	562960
10	562960	568240
10	568240	571240
10	571240	575360
10	575360	576360
10	576360	579040
10	579040	580680
10	580680	582240
10	582240	584560
10	584560	588080
10	588080	590240
10	590240	593720
10	593720	596760
10	596760	598920
10	598920	602080
10	602080	603440
10	603440	605080
10	605080	607400
11	607400	620000
11	620000	622080
11	622080	625240
12	625240	629840
12	629840	638400
12	638400	641520
12	641520	651800
12	651800	661200
12	661200	664240
12	664240	668760
12	668760	679040
12	679040	684120
12	684120	687760
12	687760	689280
12	689280	694000
12	694000	695560
12	695560	701040
12	701040	707040
12	707040	713520
12	713520	717720
12	717720	723120
12	723120	726560
12	726560	739800
13	739800	746320
13	746320	749800
13	749800	754360
13	754360	758920
13	758920	760720
13	760720	766040
13	766040	771480
13	771480	774200
13	774200	777040
13	777040	778640
13	778640	782080
13	782080	784360
13	784360	786640
13	786640	788880
13	788880	795920
13	795920	802520
14	802520	815760
14	815760	817720
14	817720	820120
14	820120	823560
14	823560	831400
14	831400	840840
14	840840	846440
14	846440	851160
14	851160	856560
14	856560	862520
14	862520	866880
14	866880	870680
14	870680	883120
14	883120	889120
14	889120	900680
14	900680	903640
14	903640	906120
14	906120	907280
14	907280	909280
14	909280	913400
14	913400	915040
14	915040	916720
14	916720	918760
14	918760	922560
14	922560	929680
15	929680	931440
15	931440	938480
15	938480	941600
15	941600	944920
16	944920	949920
16	949920	952280
16	952280	955800
16	955800	957960
16	957960	961760
16	961760	963680
16	963680	964800
16	964800	966720
16	966720	968400
16	968400	969160
16	969160	970880
17	970880	975040
17	975040	989840
17	989840	995880
17	995880	998400
17	998400	1002320
17	1002320	1004240
17	1004240	1008080
18	1008080	1019160
18	1019160	1030680
18	1030680	1034960
18	1034960	1039680
18	1039680	1040960
18	1040960	1053280
18	1053280	1057800
18	1057800	1060120
18	1060120	1063200
18	1063200	1067360
18	1067360	1069840
18	1069840	1076720
18	1076720	1079920
18	1079920	1082960
18	1082960	1086320
18	1086320	1089480
19	1089480	1094040
19	1094040	1096320
19	1096320	1098440
19	1098440	1101320
19	1101320	1105000
19	1105000	1110920
19	1110920	1114600
19	1114600	1117560
19	1117560	1121440
19	1121440	1125760
19	1125760	1132440
19	1132440	1134920
19	1134920	1139440
19	1139440	1142480
19	1142480	1147800
19	1147800	1152600
19	1152600	1157280
19	1157280	1161760
19	1161760	1166320
19	1166320	1168040
19	1168040	1172080
19	1172080	1175680
19	1175680	1178320
19	1178320	1179800
19	1179800	1182160
19	1182160	1186200
19	1186200	1194560
19	1194560	1206280
19	1206280	1217800
19	1217800	1224000
19	1224000	1226000
19	1226000	1228760
19	1228760	1239200
19	1239200	1240840
19	1240840	1242920
19	1242920	1245640
19	1245640	1249960
19	1249960	1254800
19	1254800	1255600
19	1255600	1261640
19	1261640	1268680
19	1268680	1273000
19	1273000	1276400
19	1276400	1278480
19	1278480	1280840
19	1280840	1283680
19	1283680	1287960
19	1287960	1292400
19	1292400	1303840
19	1303840	1306840
19	1306840	1308680
20	1308680	1323280
20	1323280	1332880
20	1332880	1340280
20	1340280	1352960
21	1352960	1371440
21	1371440	1377720
21	1377720	1383680
22	1383680	1389680
22	1389680	1394320
22	1394320	1408120
23	1408120	1426320
23	1426320	1428520
23	1428520	1430800
23	1430800	1437800
23	1437800	1441800
23	1441800	1445840
23	1445840	1449880
23	1449880	1452600
23	1452600	1454720
24	1454720	1462080
24	1462080	1463560
24	1463560	1467720
24	1467720	1472440
24	1472440	1474720
24	1474720	1476400
24	1476400	1478760
24	1478760	1481160
24	1481160	1487200
24	1487200	1490000
24	1490000	1495280
24	1495280	1500120
24	1500120	1504160
24	1504160	1523160
25	1523160	1534680
25	1534680	1540000
25	1540000	1546680
25	1546680	1558920
25	1558920	1572680
26	1572680	1582680
26	1582680	1591640
26	1591640	1595120
27	1595120	1599040
27	1599040	1604680
27	1604680	1609040
27	1609040	1616640
27	1616640	1619800
27	1619800	1625120
27	1625120	1633200
27	1633200	1636040
27	1636040	1640280
27	1640280	1641640
27	1641640	1643280
27	1643280	1650040
27	1650040	1652440
27	1652440	1655560
27	1655560	1657120
27	1657120	1659160
27	1659160	1665400
27	1665400	1669240
27	1669240	1677280
27	1677280	1679720
27	1679720	1683600
27	1683600	1685440
27	1685440	1687320
27	1687320	1688640
27	1688640	1691480
27	1691480	1695920
27	1695920	1697880
27	1697880	1701120
27	1701120	1704640
27	1704640	1712240
28	1712240	1717880
28	1717880	1722520
28	1722520	1725520
28	1725520	1729720
28	1729720	1732240
28	1732240	1734000
28	1734000	1735080
28	1735080	1738000
28	1738000	1740880
28	1740880	1745200
28	1745200	1746240
28	1746240	1751760
28	1751760	1753160
28	1753160	1758080
29	1758080	1760680
29	1760680	1770880
29	1770880	1772200
29	1772200	1775320
29	1775320	1778200
29	1778200	1780880
29	1780880	1785480
29	1785480	1788960
29	1788960	1794440
29	1794440	1800240
29	1800240	1801120
29	1801120	1806720
29	1806720	1810800
29	1810800	1814400
29	1814400	1822680
29	1822680	1824200
29	1824200	1828160
29	1828160	1830800
29	1830800	1835040
30	1835040	1842560
30	1842560	1847880
30	1847880	1853520
30	1853520	1861680
30	1861680	1873320
30	1873320	1879360
31	1879360	1883520
31	1883520	1889480
31	1889480	1893520
31	1893520	1900400
31	1900400	1902640
31	1902640	1912480
31	1912480	1914000
31	1914000	1915160
31	1915160	1925520
31	1925520	1934920
31	1934920	1938760
31	1938760	1947720
32	1947720	1952120
32	1952120	1970160
32	1970160	1982280
32	1982280	1985920
32	1985920	1999080
32	1999080	2002640
32	2002640	2005040
32	2005040	2010080
32	2010080	2013040
32	2013040	2015640
32	2015640	2017400
32	2017400	2026920
33	2026920	2047280
33	2047280	2053360
33	2053360	2057120
33	2057120	2060280
34	2060280	2063480
34	2063480	2065560
34	2065560	2068240
34	2068240	2071760
34	2071760	2078040
34	2078040	2080320
34	2080320	2083880
34	2083880	2089880
35	2089880	2101960
35	2101960	2105000
35	2105000	2113760
35	2113760	2125680
35	2125680	2132040
35	2132040	2136720
35	2136720	2146400
35	2146400	2154640
35	2154640	2166800
35	2166800	2173920
35	2173920	2185400
35	2185400	2192120
35	2192120	2217920
35	2217920	2224720
35	2224720	2237960
35	2237960	2241560
35	2241560	2246760
35	2246760	2250000
35	2250000	2254240
35	2254240	2256760
35	2256760	2260280
35	2260280	2263320
35	2263320	2270440
35	2270440	2273440
35	2273440	2275800
35	2275800	2277920
35	2277920	2280680
36	2280680	2284240
36	2284240	2288000
36	2288000	2298280
36	2298280	2335960
36	2335960	2341680
37	2341680	2350160
37	2350160	2351720
37	2351720	2356920
37	2356920	2363240
37	2363240	2366000
37	2366000	2371160
37	2371160	2372120
37	2372120	2375680
37	2375680	2381680
37	2381680	2386440
37	2386440	2393080
37	2393080	2397080
37	2397080	2398800
37	2398800	2401640
38	2401640	2416440
38	2416440	2422840
38	2422840	2431440
38	2431440	2441840
39	2441840	2454800
39	2454800	2461240
39	2461240	2470280
39	2470280	2477040
39	2477040	2482800
39	2482800	2489800
39	2489800	2503520
39	2503520	2510840
39	2510840	2517640
39	2517640	2521240
39	2521240	2524360
39	2524360	2526840
39	2526840	2530160
39	2530160	2542440
39	2542440	2553120
39	2553120	2562560
39	2562560	2568880
39	2568880	2573800
39	2573800	2575520
39	2575520	2576720
39	2576720	2584560
39	2584560	2587560
39	2587560	2591920
39	2591920	2594120
39	2594120	2596600
39	2596600	2598920
39	2598920	2601200
39	2601200	2607600
39	2607600	2613440
39	2613440	2619040
39	2619040	2623120
39	2623120	2624800
39	2624800	2628320
39	2628320	2634520
39	2634520	2643200
39	2643200	2646120
39	2646120	2653600
39	2653600	2655840
39	2655840	2656320
39	2656320	2658360
39	2658360	2663760
39	2663760	2668000
39	2668000	2675120
39	2675120	2680480
39	2680480	2684920
39	2684920	2687920
39	2687920	2695000
39	2695000	2698720
39	2698720	2704000
39	2704000	2708000
40	2708000	2714000
40	2714000	2717720
40	2717720	2720560
40	2720560	2729040
40	2729040	2732640
40	2732640	2738240
40	2738240	2740880
40	2740880	2743680
40	2743680	2770440
40	2770440	2772560
40	2772560	2775480
40	2775480	2783680
41	2783680	2904640
41	2904640	2921600
