shot	start	end
0	0	6760
0	6760	9800
0	9800	12640
0	12640	15320
0	15320	18000
0	18000	19240
0	19240	21520
0	21520	22640
0	22640	24120
0	24120	24640
0	24640	29480
0	29480	30680
0	30680	32840
0	32840	34560
0	34560	36320
0	36320	39960
0	39960	40520
0	40520	41480
0	41480	42080
0	42080	43400
0	43400	43880
0	43880	45680
0	45680	46640
0	46640	49560
1	49560	72760
1	72760	87280
1	87280	109680
1	109680	115160
1	115160	117200
1	117200	120320
1	120320	121680
1	121680	123040
1	123040	126320
1	126320	129360
1	129360	130560
1	130560	131720
1	131720	138360
1	138360	140920
1	140920	147000
1	147000	148560
1	148560	156640
1	156640	159440
1	159440	162120
1	162120	167320
2	167320	173840
2	173840	175760
2	175760	177720
2	177720	180000
2	180000	181720
2	181720	183280
2	183280	185480
2	185480	186920
2	186920	189040
2	189040	190960
2	190960	193520
2	193520	195840
2	195840	197720
2	197720	199800
2	199800	202280
2	202280	204360
2	204360	206400
2	206400	209000
2	209000	209960
2	209960	212040
2	212040	213360
2	213360	216120
2	216120	219000
2	219000	221800
2	221800	223840
2	223840	225960
2	225960	228000
2	228000	229840
2	229840	231840
2	231840	234880
2	234880	237320
2	237320	240080
2	240080	242480
2	242480	244880
2	244880	247400
2	247400	251600
3	251600	266200
3	266200	269080
3	269080	272200
3	272200	280160
3	280160	284200
3	284200	288840
3	288840	294800
3	294800	298760
3	298760	300000
3	300000	301680
3	301680	304280
3	304280	306480
3	306480	309080
3	309080	311840
3	311840	313960
3	313960	315160
3	315160	316360
3	316360	317760
3	317760	320680
3	320680	323880
3	323880	326760
3	326760	330680
3	330680	333680
3	333680	335960
3	335960	338240
3	338240	339600
3	339600	342600
3	342600	348280
3	348280	350640
3	350640	353200
3	353200	354800
3	354800	356200
3	356200	357760
3	357760	359440
3	359440	362960
3	362960	364640
3	364640	366160
3	366160	367160
3	367160	368160
3	368160	373000
3	373000	375600
3	375600	377320
3	377320	378640
3	378640	382400
3	382400	384040
4	384040	400520
5	400520	420960
5	420960	431680
5	431680	444360
5	444360	454440
5	454440	455720
5	455720	456760
5	456760	460120
5	460120	467520
6	467520	470920
6	470920	474560
6	474560	479440
6	479440	488600
6	488600	495960
6	495960	497560
6	497560	498640
6	498640	502000
6	502000	518160
7	518160	537840
7	537840	539600
7	539600	545440
7	545440	548440
7	548440	555600
7	555600	558320
7	558320	561000
7	561000	563200
7	563200	564680
7	564680	569320
7	569320	574240
8	574240	579560
8	579560	584520
8	584520	601120
8	601120	607680
8	607680	609840
8	609840	615280
8	615280	618880
8	618880	620440
8	620440	625400
8	625400	632520
8	632520	641440
8	641440	647640
8	647640	654240
8	654240	668920
8	668920	674400
9	674400	685520
10	685520	690600
10	690600	694560
10	694560	696440
10	696440	698840
10	698840	703360
10	703360	705360
10	705360	706920
10	706920	708840
10	708840	710600
10	710600	712240
10	712240	725960
11	725960	735680
11	735680	738840
11	738840	743280
11	743280	746600
11	746600	749320
11	749320	750880
11	750880	753000
11	753000	759040
11	759040	764040
11	764040	772080
11	772080	776320
11	776320	778480
11	778480	781840
12	781840	837920
13	837920	863400
13	863400	870240
13	870240	874320
13	874320	876760
13	876760	879440
13	879440	883280
13	883280	886640
13	886640	888160
13	888160	889680
13	889680	892440
13	892440	894560
13	894560	897040
14	897040	923200
14	923200	926040
14	926040	930920
14	930920	938680
14	938680	942760
14	942760	952400
14	952400	955520
14	955520	956440
14	956440	957480
14	957480	958280
14	958280	959840
14	959840	962800
14	962800	964040
14	964040	967720
15	967720	1005040
15	1005040	1009240
15	1009240	1013200
15	1013200	1028400
15	1028400	1047280
16	1047280	1062720
16	1062720	1065880
16	1065880	1068760
16	1068760	1075920
16	1075920	1081680
16	1081680	1085320
16	1085320	1091840
16	1091840	1093720
16	1093720	1095920
16	1095920	1097320
16	1097320	1123320
16	1123320	1126240
16	1126240	1127760
16	1127760	1130640
16	1130640	1132840
16	1132840	1135120
16	1135120	1137400
16	1137400	1139800
16	1139800	1141800
16	1141800	1144520
16	1144520	1149800
16	1149800	1164360
16	1164360	1167600
16	1167600	1172920
16	1172920	1175480
16	1175480	1177000
16	1177000	1179800
16	1179800	1183080
16	1183080	1189120
16	1189120	1191640
16	1191640	1197440
16	1197440	1200600
16	1200600	1205640
16	1205640	1208880
16	1208880	1211480
16	1211480	1215840
16	1215840	1217280
16	1217280	1220600
16	1220600	1223520
17	1223520	1238360
17	1238360	1262440
17	1262440	1264840
17	1264840	1267440
17	1267440	1268320
17	1268320	1272320
17	1272320	1274440
17	1274440	1277440
17	1277440	1280320
17	1280320	1282240
17	1282240	1284840
17	1284840	1294120
17	1294120	1296560
17	1296560	1299240
17	1299240	1300400
17	1300400	1302800
17	1302800	1304280
17	1304280	1305920
17	1305920	1307120
17	1307120	1307800
17	1307800	1310720
17	1310720	1311960
17	1311960	1314240
17	1314240	1316440
17	1316440	1317600
17	1317600	1318920
17	1318920	1323760
17	1323760	1326680
17	1326680	1328360
17	1328360	1329760
17	1329760	1334400
17	1334400	1337760
17	1337760	1339880
17	1339880	1343920
17	1343920	1346360
17	1346360	1348280
17	1348280	1350960
17	1350960	1353240
17	1353240	1366760
18	1366760	1371320
18	1371320	1375840
18	1375840	1380280
18	1380280	1387120
18	1387120	1391640
18	1391640	1396320
18	1396320	1400680
18	1400680	1402840
18	1402840	1407000
18	1407000	1411800
18	1411800	1413320
18	1413320	1417480
18	1417480	1419040
18	1419040	1421440
18	1421440	1424400
18	1424400	1430080
18	1430080	1435840
18	1435840	1437560
18	1437560	1441400
18	1441400	1445720
18	1445720	1450480
18	1450480	1454160
18	1454160	1455840
18	1455840	1465160
18	1465160	1470880
18	1470880	1474280
18	1474280	1475800
18	1475800	1480760
18	1480760	1484680
18	1484680	1487080
18	1487080	1488960
18	1488960	1490440
18	1490440	1499560
18	1499560	1501280
18	1501280	1502760
18	1502760	1517760
19	1517760	1594240
19	1594240	1605240
20	1605240	1657160
20	1657160	1668800
20	1668800	1679320
20	1679320	1688160
20	1688160	1698360
20	1698360	1703240
20	1703240	1707200
20	1707200	1710200
20	1710200	1716120
20	1716120	1723480
20	1723480	1726520
20	1726520	1728000
20	1728000	1732120
20	1732120	1743560
20	1743560	1745400
20	1745400	1747480
20	1747480	1753600
20	1753600	1776040
21	1776040	1781880
21	1781880	1783120
21	1783120	1784600
21	1784600	1787360
21	1787360	1792240
21	1792240	1796440
21	1796440	1797640
21	1797640	1799480
21	1799480	1822280
21	1822280	1831240
22	1831240	1845080
22	1845080	1873080
22	1873080	1884080
22	1884080	1885400
22	1885400	1890480
23	1890480	1897440
23	1897440	1900480
23	1900480	1902160
23	1902160	1905760
23	1905760	1907160
23	1907160	1910320
23	1910320	1914400
23	1914400	1917000
23	1917000	1918880
23	1918880	1924840
23	1924840	1926040
23	1926040	1927080
23	1927080	1928360
23	1928360	1930960
23	1930960	1932880
23	1932880	1933920
23	1933920	1935360
23	1935360	1938320
23	1938320	1941080
23	1941080	1942360
23	1942360	1944440
23	1944440	1946320
23	1946320	1948360
23	1948360	1949680
23	1949680	1951720
23	1951720	1953680
23	1953680	1955560
23	1955560	1957600
23	1957600	1959640
23	1959640	1963320
24	1963320	1976160
24	1976160	1980920
24	1980920	1987920
24	1987920	1990880
24	1990880	1998680
24	1998680	2004120
24	2004120	2006880
24	2006880	2008840
24	2008840	2013000
24	2013000	2014680
24	2014680	2020240
24	2020240	2025040
24	2025040	2027480
24	2027480	2031360
24	2031360	2036760
24	2036760	2038920
24	2038920	2044720
24	2044720	2047920
24	2047920	2049240
24	2049240	2050640
24	2050640	2051600
24	2051600	2054800
24	2054800	2056480
24	2056480	2061680
24	2061680	2063320
24	2063320	2064280
24	2064280	2070520
24	2070520	2077560
25	2077560	2099000
25	2099000	2101720
25	2101720	2105840
25	2105840	2109520
25	2109520	2111680
25	2111680	2118720
25	2118720	2120760
25	2120760	2124600
25	2124600	2132080
25	2132080	2133080
25	2133080	2139760
25	2139760	2142240
25	2142240	2146680
25	2146680	2149200
25	2149200	2150120
25	2150120	2154560
25	2154560	2158480
25	2158480	2159440
25	2159440	2163120
25	2163120	2165240
25	2165240	2167960
25	2167960	2169200
25	2169200	2173200
26	2173200	2189000
26	2189000	2199120
27	2199120	2200240
27	2200240	2206800
27	2206800	2209720
27	2209720	2217320
27	2217320	2219240
27	2219240	2224240
27	2224240	2226120
27	2226120	2228520
27	2228520	2229680
27	2229680	2239840
27	2239840	2248920
27	2248920	2251280
27	2251280	2262160
27	2262160	2266040
27	2266040	2268560
27	2268560	2271200
27	2271200	2272840
27	2272840	2274480
27	2274480	2276320
27	2276320	2279560
27	2279560	2280680
27	2280680	2284880
27	2284880	2289600
28	2289600	2305160
28	2305160	2308240
28	2308240	2312080
28	2312080	2314520
28	2314520	2316120
28	2316120	2318920
28	2318920	2320360
28	2320360	2322000
28	2322000	2324760
28	2324760	2325760
28	2325760	2329440
28	2329440	2330880
28	2330880	2333880
28	2333880	2336400
28	2336400	2338000
28	2338000	2342000
28	2342000	2348000
28	2348000	2350800
28	2350800	2356480
28	2356480	2358680
28	2358680	2369560
29	2369560	2374840
29	2374840	2379640
29	2379640	2381160
29	2381160	2385000
29	2385000	2386800
29	2386800	2389080
29	2389080	2394120
29	2394120	2397360
29	2397360	2425880
29	2425880	2430840
29	2430840	2434480
29	2434480	2440440
29	2440440	2442000
29	2442000	2444040
29	2444040	2445400
29	2445400	2448040
29	2448040	2449480
29	2449480	2451240
29	2451240	2452640
29	2452640	2456640
29	2456640	2458480
29	2458480	2461760
29	2461760	2468560
29	2468560	2471560
29	2471560	2475120
29	2475120	2479720
29	2479720	2483200
29	2483200	2489200
29	2489200	2494480
29	2494480	2502600
29	2502600	2505200
29	2505200	2508200
29	2508200	2514120
29	2514120	2516720
29	2516720	2526800
29	2526800	2535520
29	2535520	2539640
29	2539640	2541440
29	2541440	2548640
29	2548640	2550840
29	2550840	2553200
29	2553200	2556520
29	2556520	2557960
29	2557960	2561320
29	2561320	2565720
29	2565720	2567200
29	2567200	2568960
29	2568960	2572520
29	2572520	2575000
29	2575000	2581040
29	2581040	2582640
29	2582640	2587480
29	2587480	2600800
30	2600800	2603720
30	2603720	2607600
30	2607600	2612080
30	2612080	2615240
30	2615240	2622920
30	2622920	2625240
30	2625240	2626760
30	2626760	2629520
30	2629520	2630840
30	2630840	2641840
30	2641840	2647360
30	2647360	2651680
30	2651680	2653240
30	2653240	2659000
30	2659000	2666640
30	2666640	2669160
30	2669160	2670720
30	2670720	2672600
30	2672600	2675400
30	2675400	2677400
30	2677400	2680080
30	2680080	2681520
30	2681520	2685440
30	2685440	2690840
30	2690840	2693920
30	2693920	2696200
30	2696200	2701920
31	2701920	2714320
31	2714320	2720080
31	2720080	2721480
31	2721480	2722680
31	2722680	2728400
31	2728400	2733400
31	2733400	2735800
31	2735800	2741120
31	2741120	2744440
31	2744440	2749000
31	2749000	2757520
31	2757520	2761000
31	2761000	2761960
31	2761960	2764080
32	2764080	2767560
32	2767560	2774280
32	2774280	2785560
32	2785560	2788840
32	2788840	2795160
32	2795160	2798040
32	2798040	2807280
32	2807280	2808560
32	2808560	2810480
32	2810480	2812200
32	2812200	2816840
32	2816840	2818760
32	2818760	2823880
32	2823880	2826200
32	2826200	2829120
32	2829120	2834600
32	2834600	2837280
32	2837280	2838760
32	2838760	2841680
32	2841680	2845240
32	2845240	2856600
32	2856600	2862040
33	2862040	2873520
33	2873520	2874680
33	2874680	2875800
33	2875800	2877200
33	2877200	2878760
33	2878760	2881840
33	2881840	2885720
33	2885720	2887400
33	2887400	2889400
33	2889400	2891120
33	2891120	2897360
33	2897360	2899120
33	2899120	2901520
33	2901520	2902880
33	2902880	2907560
33	2907560	2911080
33	2911080	2916240
33	2916240	2920360
33	2920360	2923560
33	2923560	2924960
33	2924960	2942880
34	2942880	3060080
34	3060080	3077600
