shot	start	end
0	0	3960
0	3960	5520
0	5520	7600
0	7600	9600
0	9600	11400
0	11400	13680
0	13680	15080
0	15080	16760
0	16760	18640
0	18640	19200
0	19200	20440
0	20440	21600
0	21600	25360
0	25360	27680
0	27680	28880
0	28880	30760
0	30760	32280
0	32280	33920
0	33920	34920
0	34920	36480
0	36480	37400
0	37400	38160
0	38160	42400
0	42400	44760
0	44760	46720
0	46720	49080
0	49080	50080
0	50080	53360
0	53360	54280
1	54280	60040
1	60040	61440
1	61440	62600
1	62600	64960
1	64960	68240
1	68240	70920
1	70920	71920
1	71920	75360
1	75360	77360
1	77360	79000
1	79000	81040
1	81040	81960
1	81960	83160
1	83160	86640
1	86640	89880
1	89880	93120
1	93120	95840
1	95840	97920
1	97920	103640
1	103640	105880
1	105880	107120
2	107120	114920
2	114920	117040
2	117040	124720
2	124720	132400
2	132400	136560
2	136560	137400
2	137400	139880
2	139880	141720
2	141720	143560
2	143560	147280
2	147280	151560
2	151560	152640
2	152640	153680
2	153680	155040
2	155040	156120
2	156120	158400
2	158400	162280
2	162280	163040
2	163040	165000
2	165000	166120
2	166120	169040
2	169040	170280
2	170280	173560
2	173560	175000
2	175000	177160
2	177160	179160
2	179160	181080
2	181080	183960
2	183960	186600
2	186600	188240
2	188240	189840
2	189840	191600
2	191600	194360
2	194360	196960
2	196960	199120
2	199120	200160
2	200160	202320
2	202320	204280
2	204280	207560
2	207560	221240
3	221240	227000
3	227000	228920
3	228920	230880
3	230880	233160
3	233160	234880
3	234880	236440
3	236440	238640
3	238640	240080
3	240080	242200
3	242200	244120
3	244120	246680
3	246680	249000
3	249000	250880
3	250880	252960
3	252960	255440
3	255440	257520
3	257520	259560
3	259560	262160
3	262160	263120
3	263120	265200
3	265200	266520
3	266520	269280
3	269280	272160
3	272160	274960
3	274960	277000
3	277000	279120
3	279120	281160
3	281160	283000
3	283000	285000
3	285000	288040
3	288040	290480
3	290480	293240
3	293240	295640
3	295640	298040
3	298040	300560
3	300560	304760
3	304760	316080
4	316080	319120
4	319120	321240
4	321240	324280
4	324280	326200
4	326200	332080
4	332080	335840
4	335840	337640
4	337640	342960
4	342960	347440
5	347440	349600
5	349600	351480
5	351480	352680
5	352680	354560
5	354560	358440
5	358440	361960
5	361960	365080
5	365080	366280
5	366280	367840
5	367840	370200
5	370200	371160
5	371160	373200
5	373200	375640
5	375640	378040
6	378040	397200
6	397200	399640
6	399640	402880
6	402880	408880
6	408880	410640
6	410640	412800
6	412800	414200
6	414200	415960
6	415960	418200
6	418200	420400
6	420400	421280
6	421280	422400
6	422400	425960
6	425960	433520
6	433520	435560
6	435560	437920
6	437920	441000
6	441000	443520
6	443520	444440
6	444440	446280
7	446280	450280
7	450280	455680
7	455680	457600
7	457600	459320
7	459320	460800
7	460800	462080
7	462080	464720
8	464720	469440
8	469440	472840
8	472840	475840
8	475840	477520
8	477520	479400
8	479400	482920
8	482920	484520
8	484520	486880
8	486880	489080
8	489080	490760
8	490760	493600
8	493600	495080
8	495080	496600
8	496600	498480
8	498480	499720
8	499720	502040
8	502040	503720
8	503720	505920
8	505920	509960
8	509960	511160
8	511160	512400
8	512400	516800
8	516800	518080
8	518080	519960
8	519960	521400
8	521400	523560
8	523560	524520
8	524520	525720
8	525720	526960
8	526960	528080
8	528080	531240
9	531240	533880
9	533880	538520
9	538520	541280
9	541280	542480
9	542480	545280
9	545280	547040
9	547040	548400
9	548400	551200
9	551200	553080
9	553080	554520
9	554520	556560
9	556560	559240
9	559240	567360
9	567360	572400
9	572400	575200
9	575200	579120
9	579120	581960
9	581960	584720
9	584720	585880
9	585880	588480
9	588480	590040
9	590040	596360
9	596360	600960
9	600960	607000
10	607000	615640
10	615640	622200
10	622200	635680
10	635680	639000
11	639000	648440
11	648440	652040
11	652040	656760
11	656760	662920
12	662920	664800
12	664800	666600
12	666600	669480
12	669480	671520
12	671520	676640
12	676640	678320
12	678320	680320
12	680320	683160
12	683160	685080
12	685080	686880
12	686880	688440
12	688440	690720
12	690720	692440
12	692440	694240
12	694240	699240
12	699240	702240
12	702240	703920
12	703920	706080
12	706080	709200
12	709200	712600
12	712600	713840
12	713840	717280
12	717280	720520
12	720520	723520
13	723520	732040
13	732040	735600
13	735600	741120
13	741120	746120
13	746120	752000
13	752000	754800
13	754800	757240
13	757240	760320
13	760320	762240
13	762240	763600
13	763600	765280
13	765280	767320
13	767320	772200
13	772200	773320
13	773320	775400
13	775400	780720
13	780720	786480
13	786480	789440
14	789440	791800
14	791800	793840
14	793840	803000
14	803000	817800
14	817800	820560
14	820560	823160
14	823160	825360
14	825360	829960
15	829960	836520
15	836520	839400
15	839400	843120
15	843120	844560
15	844560	846480
15	846480	851000
15	851000	856080
15	856080	859560
15	859560	860960
15	860960	862360
15	862360	863720
15	863720	865320
15	865320	869040
15	869040	873280
15	873280	877520
15	877520	880000
15	880000	882760
15	882760	884520
15	884520	887520
15	887520	891200
15	891200	892920
15	892920	898200
15	898200	900040
15	900040	901240
15	901240	909120
15	909120	911680
15	911680	913960
15	913960	914920
15	914920	917440
15	917440	919400
15	919400	921760
15	921760	923320
15	923320	924560
15	924560	926200
15	926200	929000
15	929000	929960
15	929960	932520
15	932520	936400
15	936400	938960
15	938960	942520
15	942520	943520
15	943520	947960
15	947960	949640
15	949640	955520
15	955520	957560
15	957560	959440
15	959440	960840
15	960840	962080
15	962080	965720
15	965720	969040
15	969040	970720
15	970720	972400
15	972400	975120
15	975120	977200
16	977200	980000
16	980000	982440
16	982440	985560
16	985560	987440
16	987440	989640
16	989640	991640
16	991640	995880
16	995880	999720
16	999720	1003040
16	1003040	1005120
16	1005120	1007640
16	1007640	1010880
16	1010880	1012040
16	1012040	1016160
16	1016160	1020000
16	1020000	1021680
16	1021680	1023160
16	1023160	1025280
16	1025280	1028080
16	1028080	1029600
16	1029600	1032520
16	1032520	1033920
16	1033920	1035320
16	1035320	1039160
16	1039160	1040720
16	1040720	1044160
16	1044160	1046360
16	1046360	1049200
16	1049200	1053040
16	1053040	1056560
16	1056560	1059320
16	1059320	1061760
16	1061760	1066240
16	1066240	1070160
16	1070160	1073400
16	1073400	1074360
17	1074360	1083760
17	1083760	1086080
17	1086080	1091000
17	1091000	1101160
17	1101160	1102240
17	1102240	1106280
17	1106280	1107400
17	1107400	1108600
17	1108600	1110520
17	1110520	1118440
17	1118440	1121640
17	1121640	1124040
17	1124040	1127040
18	1127040	1131680
18	1131680	1140440
18	1140440	1142040
18	1142040	1144440
18	1144440	1146080
18	1146080	1149600
18	1149600	1153000
18	1153000	1155840
18	1155840	1157360
18	1157360	1158520
18	1158520	1159880
18	1159880	1164880
18	1164880	1169840
18	1169840	1171920
18	1171920	1174680
18	1174680	1176720
18	1176720	1179000
19	1179000	1182720
19	1182720	1188480
19	1188480	1190800
19	1190800	1194080
19	1194080	1196600
19	1196600	1201440
19	1201440	1209360
19	1209360	1212000
19	1212000	1214440
20	1214440	1219560
20	1219560	1224880
20	1224880	1231160
20	1231160	1235560
20	1235560	1239280
21	1239280	1241360
21	1241360	1248240
21	1248240	1252440
21	1252440	1257000
21	1257000	1259040
21	1259040	1260960
21	1260960	1264840
21	1264840	1270560
21	1270560	1271680
21	1271680	1275000
21	1275000	1277080
21	1277080	1287520
21	1287520	1292080
21	1292080	1292960
21	1292960	1295320
21	1295320	1296800
22	1296800	1299840
22	1299840	1309080
22	1309080	1310920
22	1310920	1312880
22	1312880	1315680
22	1315680	1317280
22	1317280	1320120
22	1320120	1325440
23	1325440	1330040
23	1330040	1332080
23	1332080	1338040
23	1338040	1341280
23	1341280	1345840
23	1345840	1347800
23	1347800	1353520
23	1353520	1358280
23	1358280	1361720
23	1361720	1364880
23	1364880	1367800
23	1367800	1373200
24	1373200	1377160
24	1377160	1378600
24	1378600	1381880
24	1381880	1388400
24	1388400	1390680
24	1390680	1398280
24	1398280	1400880
24	1400880	1404400
24	1404400	1407240
24	1407240	1410480
24	1410480	1418840
24	1418840	1422360
24	1422360	1424800
24	1424800	1426920
24	1426920	1429520
24	1429520	1441200
24	1441200	1442680
24	1442680	1445160
24	1445160	1447480
24	1447480	1454000
24	1454000	1457160
24	1457160	1459720
24	1459720	1463200
24	1463200	1467000
24	1467000	1469600
24	1469600	1473040
24	1473040	1474680
24	1474680	1481080
25	1481080	1485160
25	1485160	1487400
25	1487400	1489640
25	1489640	1491280
25	1491280	1497200
25	1497200	1498880
25	1498880	1499880
25	1499880	1502640
25	1502640	1504240
25	1504240	1508520
25	1508520	1512720
25	1512720	1517120
25	1517120	1519600
25	1519600	1520560
25	1520560	1531360
25	1531360	1534720
25	1534720	1537400
25	1537400	1543040
25	1543040	1545080
25	1545080	1546480
25	1546480	1548360
25	1548360	1552960
25	1552960	1558080
26	1558080	1560040
26	1560040	1563320
26	1563320	1568240
26	1568240	1583680
26	1583680	1588080
26	1588080	1596760
26	1596760	1599680
26	1599680	1601160
26	1601160	1604920
26	1604920	1607920
26	1607920	1609600
26	1609600	1612360
26	1612360	1614240
26	1614240	1615320
26	1615320	1617320
26	1617320	1621200
26	1621200	1624080
26	1624080	1626760
26	1626760	1628760
26	1628760	1632560
26	1632560	1634440
26	1634440	1635720
26	1635720	1637720
26	1637720	1640440
26	1640440	1645320
26	1645320	1649000
26	1649000	1651440
26	1651440	1653640
26	1653640	1656120
27	1656120	1659280
27	1659280	1662920
27	1662920	1668160
28	1668160	1701480
28	1701480	1703920
28	1703920	1706080
28	1706080	1710720
28	1710720	1715400
28	1715400	1718880
28	1718880	1721080
28	1721080	1725680
28	1725680	1727240
28	1727240	1729000
28	1729000	1731520
28	1731520	1744520
28	1744520	1746400
28	1746400	1749960
28	1749960	1753080
28	1753080	1757520
28	1757520	1759760
28	1759760	1765560
28	1765560	1767920
28	1767920	1769000
28	1769000	1771680
28	1771680	1773200
28	1773200	1777840
28	1777840	1787400
28	1787400	1791040
28	1791040	1796960
28	1796960	1801560
28	1801560	1807720
28	1807720	1810880
28	1810880	1818600
28	1818600	1822320
28	1822320	1827280
28	1827280	1829560
28	1829560	1839640
28	1839640	1856880
28	1856880	1860240
28	1860240	1869960
28	1869960	1876600
28	1876600	1906880
28	1906880	1909240
28	1909240	1914480
28	1914480	1919520
28	1919520	1924240
28	1924240	1931080
28	1931080	1941120
28	1941120	1946000
28	1946000	1963240
29	1963240	1967120
29	1967120	1969800
29	1969800	1974160
29	1974160	1976080
29	1976080	1979080
29	1979080	1981040
29	1981040	1984200
29	1984200	1987480
29	1987480	1988880
29	1988880	1993000
29	1993000	1996920
29	1996920	1999280
29	1999280	2005120
29	2005120	2009280
29	2009280	2011200
29	2011200	2013800
29	2013800	2015480
29	2015480	2016920
29	2016920	2018640
29	2018640	2019840
29	2019840	2021200
29	2021200	2022320
29	2022320	2025680
29	2025680	2028760
29	2028760	2032640
30	2032640	2055600
30	2055600	2061520
30	2061520	2073200
30	2073200	2075360
30	2075360	2077560
30	2077560	2083120
30	2083120	2084680
30	2084680	2087560
30	2087560	2089760
30	2089760	2093680
31	2093680	2095920
31	2095920	2096880
31	2096880	2098640
31	2098640	2105280
31	2105280	2108040
31	2108040	2110640
31	2110640	2112600
31	2112600	2116640
31	2116640	2119040
31	2119040	2120440
31	2120440	2126400
31	2126400	2128960
31	2128960	2133200
31	2133200	2146200
31	2146200	2148120
31	2148120	2150480
31	2150480	2153760
31	2153760	2155800
31	2155800	2160400
31	2160400	2162560
31	2162560	2165000
31	2165000	2166120
31	2166120	2168440
32	2168440	2181760
33	2181760	2186080
33	2186080	2192320
33	2192320	2193840
33	2193840	2198200
33	2198200	2200600
33	2200600	2207760
33	2207760	2209920
33	2209920	2216720
33	2216720	2218720
33	2218720	2223120
33	2223120	2225360
33	2225360	2227600
33	2227600	2229000
33	2229000	2231200
33	2231200	2238120
33	2238120	2239240
33	2239240	2243520
33	2243520	2245120
33	2245120	2248800
33	2248800	2252640
33	2252640	2257720
33	2257720	2260000
33	2260000	2262000
33	2262000	2263080
33	2263080	2265000
33	2265000	2267840
33	2267840	2269360
33	2269360	2272240
33	2272240	2273800
33	2273800	2276920
33	2276920	2278680
34	2278680	2280280
34	2280280	2282000
34	2282000	2283960
34	2283960	2287000
34	2287000	2289160
34	2289160	2290920
34	2290920	2292560
34	2292560	2296840
34	2296840	2303440
34	2303440	2305840
34	2305840	2309920
34	2309920	2311880
34	2311880	2314280
34	2314280	2315280
34	2315280	2317920
34	2317920	2321240
34	2321240	2322840
34	2322840	2324000
34	2324000	2326240
34	2326240	2327640
34	2327640	2328560
34	2328560	2330520
34	2330520	2332040
34	2332040	2333800
34	2333800	2339240
34	2339240	2343120
34	2343120	2349440
34	2349440	2354400
34	2354400	2359800
34	2359800	2364000
34	2364000	2366960
34	2366960	2371360
34	2371360	2375240
34	2375240	2376360
34	2376360	2377840
34	2377840	2379520
34	2379520	2381760
34	2381760	2383400
34	2383400	2385320
34	2385320	2389200
34	2389200	2392440
34	2392440	2393600
34	2393600	2397920
34	2397920	2399320
34	2399320	2401680
34	2401680	2404600
34	2404600	2412640
34	2412640	2415920
34	2415920	2418120
34	2418120	2421560
34	2421560	2423360
34	2423360	2441680
34	2441680	2445960
35	2445960	2449520
35	2449520	2467360
35	2467360	2469640
35	2469640	2471120
35	2471120	2474440
35	2474440	2475600
35	2475600	2478960
35	2478960	2485200
35	2485200	2489920
35	2489920	2495560
35	2495560	2497360
35	2497360	2499480
35	2499480	2500840
35	2500840	2505040
35	2505040	2511120
35	2511120	2515800
35	2515800	2518200
35	2518200	2521000
35	2521000	2534040
36	2534040	2538840
36	2538840	2548120
36	2548120	2554320
36	2554320	2557760
36	2557760	2561400
36	2561400	2563120
36	2563120	2568000
36	2568000	2569080
36	2569080	2579840
36	2579840	2583880
36	2583880	2591960
36	2591960	2594200
36	2594200	2600000
36	2600000	2604200
36	2604200	2612040
36	2612040	2613320
36	2613320	2622080
36	2622080	2624840
36	2624840	2626840
36	2626840	2634680
36	2634680	2636160
36	2636160	2639400
36	2639400	2642200
36	2642200	2645280
36	2645280	2646280
37	2646280	2651240
37	2651240	2665120
38	2665120	2671200
38	2671200	2672440
38	2672440	2677640
38	2677640	2682880
38	2682880	2705520
38	2705520	2708040
38	2708040	2711880
38	2711880	2717000
38	2717000	2719120
38	2719120	2721960
38	2721960	2723120
38	2723120	2726240
38	2726240	2729800
39	2729800	2734240
39	2734240	2737200
39	2737200	2743320
39	2743320	2747120
39	2747120	2751160
39	2751160	2753200
39	2753200	2754200
39	2754200	2756720
40	2756720	2758240
40	2758240	2762280
41	2762280	2769480
41	2769480	2786920
42	2786920	2799240
42	2799240	2804320
42	2804320	2807800
42	2807800	2810360
42	2810360	2814320
42	2814320	2820480
43	2820480	2823800
43	2823800	2825920
43	2825920	2828200
43	2828200	2832480
43	2832480	2839000
44	2839000	2959280
44	2959280	2976560
