shot	start	end
0	0	5200
0	5200	6360
0	6360	13400
0	13400	15240
0	15240	17720
0	17720	20320
0	20320	23240
0	23240	26120
0	26120	27440
0	27440	29320
0	29320	30360
0	30360	31760
0	31760	32920
0	32920	34240
0	34240	35640
0	35640	36880
0	36880	44440
0	44440	44960
0	44960	45640
0	45640	47600
0	47600	48760
0	48760	49560
0	49560	50520
0	50520	51680
0	51680	52680
0	52680	54160
0	54160	55200
0	55200	68080
1	68080	70000
1	70000	71960
1	71960	74240
1	74240	75960
1	75960	77520
1	77520	79720
1	79720	81160
1	81160	83280
1	83280	85200
1	85200	87760
1	87760	90080
1	90080	91960
1	91960	94040
1	94040	96520
1	96520	98600
1	98600	100640
1	100640	103240
1	103240	104200
1	104200	106280
1	106280	107600
1	107600	110360
1	110360	113240
1	113240	116040
1	116040	118080
1	118080	120200
1	120200	122240
1	122240	124080
1	124080	126080
1	126080	129120
1	129120	131560
1	131560	134320
1	134320	136720
1	136720	139120
1	139120	141640
1	141640	145840
2	145840	213160
2	213160	216840
2	216840	219800
2	219800	221880
2	221880	228400
2	228400	232320
2	232320	240360
2	240360	243640
2	243640	250960
2	250960	252520
2	252520	259120
2	259120	263600
2	263600	266560
2	266560	272040
2	272040	281240
2	281240	283640
2	283640	289200
2	289200	294080
2	294080	298520
2	298520	302320
2	302320	312000
2	312000	318920
2	318920	320800
2	320800	324280
2	324280	329280
2	329280	330640
2	330640	335160
3	335160	336640
3	336640	338720
3	338720	344120
3	344120	355320
3	355320	360560
3	360560	364560
3	364560	366280
3	366280	367240
3	367240	369160
3	369160	371320
3	371320	373600
3	373600	375520
3	375520	377680
3	377680	379440
3	379440	381280
3	381280	384680
3	384680	389040
3	389040	391560
3	391560	393560
3	393560	397320
3	397320	401200
3	401200	405360
3	405360	408000
3	408000	415600
3	415600	417160
3	417160	418360
3	418360	423000
3	423000	429120
3	429120	430520
3	430520	436600
3	436600	445120
3	445120	454160
4	454160	469960
4	469960	490320
4	490320	522880
4	522880	526240
4	526240	535640
4	535640	546080
4	546080	548360
4	548360	551080
4	551080	553040
4	553040	560480
4	560480	561880
4	561880	562720
4	562720	563800
4	563800	563920
4	563920	565240
5	565240	566600
5	566600	570560
5	570560	573320
5	573320	581920
5	581920	584160
5	584160	586160
5	586160	588000
5	588000	589640
5	589640	595080
5	595080	598560
5	598560	601520
5	601520	603640
5	603640	605200
5	605200	609040
5	609040	611360
5	611360	613960
5	613960	617760
5	617760	620400
5	620400	622680
5	622680	625640
5	625640	632880
5	632880	636080
5	636080	641000
5	641000	644360
5	644360	645680
5	645680	650840
5	650840	653880
5	653880	656040
5	656040	659520
5	659520	661080
5	661080	664200
5	664200	666720
5	666720	669120
5	669120	673600
6	673600	678800
6	678800	680760
6	680760	685320
6	685320	692440
6	692440	694000
6	694000	695000
6	695000	696720
6	696720	697960
6	697960	700880
6	700880	704600
6	704600	716160
6	716160	717960
6	717960	720760
6	720760	723480
6	723480	731560
6	731560	733920
6	733920	738120
6	738120	739640
6	739640	745960
7	745960	777520
7	777520	790160
7	790160	809840
8	809840	816560
8	816560	819240
8	819240	825200
8	825200	828600
8	828600	837320
8	837320	840720
9	840720	844000
9	844000	851800
9	851800	853960
9	853960	857200
9	857200	860920
9	860920	863040
9	863040	864840
9	864840	866520
9	866520	870680
9	870680	877280
10	877280	941800
10	941800	945760
10	945760	949680
10	949680	955360
10	955360	959000
11	959000	966720
11	966720	971240
11	971240	980520
11	980520	983520
11	983520	991440
11	991440	1018440
11	1018440	1021000
11	1021000	1024760
11	1024760	1028280
11	1028280	1036000
11	1036000	1047720
12	1047720	1050680
12	1050680	1057960
12	1057960	1069680
12	1069680	1073560
12	1073560	1079400
12	1079400	1082560
12	1082560	1085080
12	1085080	1087720
12	1087720	1090120
12	1090120	1092080
12	1092080	1096000
12	1096000	1100000
12	1100000	1104120
12	1104120	1107400
12	1107400	1117160
12	1117160	1120120
12	1120120	1130640
12	1130640	1135560
13	1135560	1150240
13	1150240	1161760
14	1161760	1173640
14	1173640	1186520
14	1186520	1191440
14	1191440	1195320
14	1195320	1199760
14	1199760	1201640
14	1201640	1206760
14	1206760	1222240
14	1222240	1242520
15	1242520	1252040
15	1252040	1258000
15	1258000	1262400
15	1262400	1265240
15	1265240	1272400
15	1272400	1278760
15	1278760	1283080
15	1283080	1286360
15	1286360	1289360
15	1289360	1296960
15	1296960	1302960
15	1302960	1305720
15	1305720	1309520
15	1309520	1310760
15	1310760	1311640
15	1311640	1314120
15	1314120	1316760
15	1316760	1318960
15	1318960	1323720
15	1323720	1327800
15	1327800	1333000
15	1333000	1335040
15	1335040	1337880
15	1337880	1341200
15	1341200	1344400
15	1344400	1348280
15	1348280	1376040
15	1376040	1379880
15	1379880	1387320
15	1387320	1392200
15	1392200	1399760
15	1399760	1408360
15	1408360	1411000
15	1411000	1414400
15	1414400	1419160
16	1419160	1447040
17	1447040	1456720
17	1456720	1468760
17	1468760	1471760
17	1471760	1475440
18	1475440	1478000
18	1478000	1482320
18	1482320	1519280
18	1519280	1525040
18	1525040	1527560
18	1527560	1530320
18	1530320	1532160
18	1532160	1534160
18	1534160	1538120
18	1538120	1544720
18	1544720	1552080
18	1552080	1553920
18	1553920	1555920
18	1555920	1559680
18	1559680	1563360
18	1563360	1571320
18	1571320	1576640
18	1576640	1580080
18	1580080	1582600
18	1582600	1590880
18	1590880	1600360
18	1600360	1603400
18	1603400	1608160
18	1608160	1619200
19	1619200	1669000
19	1669000	1692440
19	1692440	1707760
19	1707760	1715520
19	1715520	1756880
19	1756880	1761360
19	1761360	1770600
19	1770600	1777640
19	1777640	1825240
19	1825240	1837480
20	1837480	1850280
20	1850280	1869200
20	1869200	1873400
20	1873400	1877920
20	1877920	1883480
20	1883480	1889280
20	1889280	1898080
20	1898080	1904320
20	1904320	1906720
20	1906720	1914840
21	1914840	1930400
21	1930400	1950000
21	1950000	1957520
22	1957520	1960560
22	1960560	1962800
22	1962800	1964640
22	1964640	1967960
22	1967960	1974920
22	1974920	1981200
22	1981200	1985560
23	1985560	1987520
23	1987520	1990400
23	1990400	1995320
23	1995320	1997200
23	1997200	2002000
23	2002000	2006760
23	2006760	2016720
23	2016720	2020400
23	2020400	2030760
23	2030760	2035920
23	2035920	2038600
23	2038600	2040680
23	2040680	2043280
23	2043280	2045160
23	2045160	2049160
24	2049160	2055320
24	2055320	2058840
24	2058840	2063000
24	2063000	2070360
25	2070360	2081960
25	2081960	2089720
26	2089720	2102400
26	2102400	2128800
27	2128800	2143160
27	2143160	2147640
27	2147640	2157800
27	2157800	2160440
27	2160440	2165680
27	2165680	2169760
27	2169760	2185920
27	2185920	2202560
27	2202560	2209480
27	2209480	2213080
28	2213080	2220480
28	2220480	2225040
28	2225040	2231560
28	2231560	2235840
28	2235840	2243840
28	2243840	2246800
28	2246800	2249520
28	2249520	2263960
28	2263960	2274600
28	2274600	2303560
28	2303560	2316240
28	2316240	2330680
28	2330680	2336200
28	2336200	2347560
28	2347560	2364960
28	2364960	2370960
28	2370960	2388200
28	2388200	2397080
28	2397080	2405320
28	2405320	2410680
28	2410680	2418240
28	2418240	2434720
28	2434720	2441440
28	2441440	2453040
28	2453040	2456200
28	2456200	2458680
28	2458680	2462880
28	2462880	2465360
28	2465360	2468000
28	2468000	2476240
28	2476240	2478560
28	2478560	2480520
28	2480520	2484280
28	2484280	2491520
28	2491520	2503720
28	2503720	2506760
28	2506760	2545680
29	2545680	2568440
29	2568440	2571320
29	2571320	2574000
29	2574000	2580640
29	2580640	2584480
29	2584480	2596160
29	2596160	2607800
29	2607800	2614360
29	2614360	2617800
29	2617800	2647360
30	2647360	2655080
30	2655080	2666840
30	2666840	2674240
30	2674240	2676120
30	2676120	2677720
30	2677720	2680800
30	2680800	2684120
30	2684120	2685880
30	2685880	2688080
30	2688080	2691280
30	2691280	2695760
30	2695760	2697560
30	2697560	2699640
30	2699640	2703160
30	2703160	2706920
30	2706920	2708080
30	2708080	2709440
30	2709440	2712560
30	2712560	2718000
30	2718000	2722800
30	2722800	2726600
30	2726600	2731320
30	2731320	2735160
30	2735160	2736960
30	2736960	2739800
30	2739800	2743200
30	2743200	2746840
30	2746840	2754560
30	2754560	2770080
30	2770080	2807240
31	2807240	2817480
31	2817480	2822480
31	2822480	2825400
31	2825400	2834120
31	2834120	2836800
31	2836800	2844360
31	2844360	2856200
31	2856200	2874160
31	2874160	2888480
31	2888480	2892920
31	2892920	2897480
31	2897480	2913840
31	2913840	2934760
31	2934760	2950040
32	2950040	2997200
33	2997200	3012240
33	3012240	3131680
34	3131680	3149600
