shot	start	end
0	0	11000
0	11000	13760
0	13760	15080
0	15080	18680
0	18680	20680
0	20680	23920
0	23920	25280
0	25280	26280
0	26280	28480
0	28480	30640
0	30640	32040
0	32040	33480
0	33480	35000
0	35000	36200
0	36200	40560
0	40560	41480
0	41480	42280
0	42280	42760
0	42760	43880
0	43880	44680
0	44680	45880
0	45880	46640
0	46640	47440
0	47440	48760
0	48760	49840
0	49840	51280
0	51280	52040
1	52040	61000
1	61000	62920
1	62920	64880
1	64880	67160
1	67160	68880
1	68880	70440
1	70440	72640
1	72640	74080
1	74080	76200
1	76200	78120
1	78120	80680
1	80680	83000
1	83000	84880
1	84880	86960
1	86960	89440
1	89440	91520
1	91520	93560
1	93560	96160
1	96160	97120
1	97120	99200
1	99200	100520
1	100520	103280
1	103280	106160
1	106160	108960
1	108960	111000
1	111000	113120
1	113120	115160
1	115160	117000
1	117000	119000
1	119000	122040
1	122040	124480
1	124480	127240
1	127240	129640
1	129640	132040
1	132040	134560
1	134560	138760
1	138760	168480
2	168480	174920
2	174920	190400
2	190400	194320
3	194320	198640
3	198640	201200
3	201200	216400
3	216400	220800
3	220800	223960
3	223960	226440
3	226440	229280
3	229280	230920
3	230920	232760
3	232760	234920
3	234920	236000
3	236000	238720
3	238720	243480
3	243480	244880
3	244880	248120
3	248120	249880
3	249880	253040
3	253040	254240
3	254240	257800
3	257800	262720
3	262720	265680
3	265680	267320
3	267320	272880
3	272880	274040
3	274040	280520
3	280520	285840
4	285840	293360
4	293360	296800
4	296800	298800
4	298800	302120
4	302120	313240
4	313240	314520
4	314520	316800
4	316800	320840
4	320840	324120
4	324120	325760
4	325760	330440
4	330440	337520
5	337520	339120
5	339120	341720
5	341720	346600
5	346600	351160
5	351160	356480
5	356480	359000
5	359000	362400
5	362400	370320
5	370320	372600
5	372600	375600
5	375600	377840
5	377840	379160
5	379160	386600
6	386600	390160
6	390160	397880
6	397880	403960
6	403960	405920
6	405920	408600
6	408600	413600
6	413600	416160
6	416160	418200
6	418200	420920
6	420920	422840
6	422840	426640
6	426640	428000
6	428000	430600
6	430600	433120
6	433120	435600
6	435600	440000
6	440000	442480
6	442480	446680
6	446680	450840
6	450840	453000
6	453000	456360
6	456360	458320
6	458320	460520
6	460520	463240
7	463240	481800
7	481800	486240
7	486240	490200
7	490200	495120
7	495120	496080
7	496080	501920
7	501920	507520
7	507520	511040
7	511040	514400
7	514400	516640
7	516640	518840
7	518840	521840
7	521840	524720
7	524720	527160
7	527160	531520
7	531520	532680
8	532680	547080
8	547080	549320
8	549320	551440
8	551440	552720
8	552720	564560
8	564560	565720
8	565720	590920
8	590920	612200
9	612200	614680
9	614680	616880
9	616880	621880
9	621880	632920
9	632920	640280
9	640280	648920
9	648920	650160
9	650160	652000
9	652000	653800
10	653800	660040
10	660040	664120
10	664120	672920
10	672920	675000
10	675000	676560
10	676560	681200
10	681200	682760
10	682760	685080
10	685080	687920
10	687920	690320
11	690320	703480
11	703480	708320
11	708320	710240
11	710240	712560
11	712560	717280
11	717280	720080
11	720080	723200
11	723200	725800
11	725800	727400
11	727400	729320
11	729320	731160
11	731160	732600
11	732600	733560
11	733560	739440
11	739440	749240
11	749240	752840
11	752840	754240
11	754240	756520
11	756520	759640
11	759640	761480
11	761480	762560
11	762560	763760
11	763760	764920
11	764920	769080
11	769080	776960
11	776960	779320
11	779320	782800
12	782800	799840
12	799840	804720
12	804720	810960
12	810960	819880
13	819880	855240
13	855240	904320
14	904320	910920
14	910920	940960
14	940960	945400
14	945400	949520
14	949520	951280
14	951280	955080
14	955080	956920
14	956920	960480
14	960480	963360
14	963360	965960
14	965960	970120
14	970120	976000
14	976000	978360
14	978360	980360
14	980360	985880
14	985880	990200
14	990200	996000
14	996000	998080
14	998080	999960
14	999960	1004000
14	1004000	1007680
14	1007680	1017360
14	1017360	1019960
14	1019960	1022760
14	1022760	1024800
14	1024800	1033640
15	1033640	1035000
15	1035000	1037680
15	1037680	1039120
15	1039120	1044680
15	1044680	1047520
15	1047520	1052040
15	1052040	1054040
15	1054040	1056760
15	1056760	1059120
15	1059120	1061440
16	1061440	1078440
16	1078440	1079760
16	1079760	1088840
16	1088840	1090320
16	1090320	1092440
16	1092440	1095120
16	1095120	1098400
16	1098400	1104840
16	1104840	1121960
16	1121960	1124200
16	1124200	1127400
16	1127400	1130240
16	1130240	1138080
16	1138080	1140160
17	1140160	1146640
17	1146640	1149240
17	1149240	1150440
17	1150440	1153920
17	1153920	1154880
17	1154880	1156880
17	1156880	1158360
17	1158360	1160000
17	1160000	1161600
17	1161600	1162640
17	1162640	1163840
17	1163840	1166400
17	1166400	1168840
17	1168840	1171840
17	1171840	1173800
17	1173800	1178400
17	1178400	1179560
18	1179560	1182800
18	1182800	1185960
18	1185960	1191080
18	1191080	1196200
19	1196200	1204880
19	1204880	1206920
19	1206920	1208880
19	1208880	1215200
19	1215200	1217400
19	1217400	1223200
19	1223200	1225080
19	1225080	1227560
19	1227560	1229520
20	1229520	1238720
20	1238720	1241680
20	1241680	1245400
21	1245400	1269480
22	1269480	1275800
22	1275800	1280760
22	1280760	1285440
23	1285440	1293440
23	1293440	1302160
23	1302160	1304680
23	1304680	1315040
23	1315040	1319680
23	1319680	1320480
23	1320480	1321880
23	1321880	1328560
23	1328560	1332680
23	1332680	1336400
23	1336400	1337480
23	1337480	1339000
23	1339000	1342000
23	1342000	1344760
23	1344760	1359280
23	1359280	1376600
23	1376600	1389720
23	1389720	1407240
24	1407240	1416160
24	1416160	1423200
24	1423200	1425840
24	1425840	1427800
24	1427800	1431480
24	1431480	1434880
24	1434880	1436360
24	1436360	1438680
24	1438680	1440040
24	1440040	1442240
24	1442240	1444400
24	1444400	1451320
24	1451320	1453360
24	1453360	1454480
24	1454480	1457520
24	1457520	1459240
24	1459240	1461400
24	1461400	1469400
24	1469400	1471200
24	1471200	1472720
24	1472720	1475640
24	1475640	1477960
24	1477960	1481360
24	1481360	1484480
24	1484480	1485760
24	1485760	1487200
24	1487200	1489920
24	1489920	1491760
24	1491760	1495640
24	1495640	1498760
24	1498760	1502960
25	1502960	1522160
25	1522160	1530440
25	1530440	1534800
26	1534800	1542640
26	1542640	1544160
26	1544160	1546800
26	1546800	1548400
26	1548400	1550280
26	1550280	1555120
26	1555120	1562240
26	1562240	1563880
26	1563880	1567240
26	1567240	1569640
26	1569640	1575720
26	1575720	1580080
26	1580080	1584440
26	1584440	1589000
26	1589000	1591960
26	1591960	1593520
26	1593520	1595520
26	1595520	1597520
26	1597520	1600800
26	1600800	1604200
26	1604200	1607680
27	1607680	1614360
27	1614360	1616280
27	1616280	1618440
27	1618440	1627360
27	1627360	1628520
27	1628520	1632800
27	1632800	1635600
27	1635600	1647520
27	1647520	1648360
27	1648360	1650880
27	1650880	1652200
27	1652200	1654440
27	1654440	1658720
27	1658720	1672400
27	1672400	1689560
27	1689560	1695280
27	1695280	1699440
28	1699440	1701880
28	1701880	1708440
28	1708440	1710240
28	1710240	1716160
28	1716160	1719520
28	1719520	1722480
28	1722480	1725240
28	1725240	1726800
28	1726800	1729720
28	1729720	1734200
28	1734200	1740000
28	1740000	1744320
29	1744320	1750160
29	1750160	1769560
30	1769560	1774880
30	1774880	1782120
30	1782120	1785480
30	1785480	1790840
30	1790840	1794200
31	1794200	1810840
31	1810840	1813160
31	1813160	1821240
31	1821240	1823000
31	1823000	1825600
31	1825600	1842720
31	1842720	1848480
31	1848480	1862240
31	1862240	1865360
31	1865360	1869440
31	1869440	1874880
31	1874880	1876480
31	1876480	1880080
31	1880080	1885120
31	1885120	1886280
31	1886280	1887880
31	1887880	1889560
31	1889560	1892120
31	1892120	1895920
31	1895920	1901120
31	1901120	1903880
31	1903880	1907960
31	1907960	1909480
31	1909480	1913760
31	1913760	1915520
31	1915520	1920160
31	1920160	1925560
31	1925560	1928480
31	1928480	1929560
31	1929560	1931160
31	1931160	1933880
31	1933880	1937560
31	1937560	1940080
31	1940080	1945360
32	1945360	1954120
32	1954120	1956920
32	1956920	1963320
32	1963320	1964720
32	1964720	1967400
32	1967400	1969040
32	1969040	1974880
32	1974880	1975840
32	1975840	1978640
32	1978640	1980680
32	1980680	1982440
32	1982440	1984520
32	1984520	1985920
32	1985920	1987080
32	1987080	1991520
32	1991520	1993520
32	1993520	1994880
32	1994880	1996200
32	1996200	2001440
32	2001440	2002760
32	2002760	2005520
32	2005520	2006880
32	2006880	2008520
32	2008520	2012160
32	2012160	2017400
32	2017400	2019040
32	2019040	2025840
32	2025840	2029240
32	2029240	2031000
32	2031000	2032200
32	2032200	2034520
32	2034520	2035800
32	2035800	2037320
32	2037320	2038680
32	2038680	2041800
32	2041800	2049000
32	2049000	2052560
32	2052560	2056400
33	2056400	2064840
33	2064840	2083960
33	2083960	2087160
33	2087160	2089720
33	2089720	2091000
33	2091000	2095720
33	2095720	2099040
33	2099040	2102120
33	2102120	2106120
33	2106120	2110480
34	2110480	2113680
34	2113680	2115600
34	2115600	2116800
34	2116800	2119160
34	2119160	2121040
34	2121040	2122320
34	2122320	2124520
34	2124520	2127160
34	2127160	2130680
34	2130680	2136120
34	2136120	2143560
34	2143560	2144600
34	2144600	2145560
34	2145560	2146800
34	2146800	2152240
34	2152240	2153800
34	2153800	2156240
35	2156240	2160880
35	2160880	2181720
35	2181720	2187600
35	2187600	2189840
35	2189840	2191840
35	2191840	2194720
35	2194720	2196920
35	2196920	2200080
35	2200080	2205680
35	2205680	2220560
35	2220560	2223120
35	2223120	2234920
35	2234920	2240000
35	2240000	2243360
35	2243360	2246880
35	2246880	2250840
35	2250840	2253080
35	2253080	2264040
35	2264040	2266800
35	2266800	2268560
35	2268560	2275000
35	2275000	2280160
35	2280160	2284840
35	2284840	2286360
35	2286360	2292000
35	2292000	2296120
35	2296120	2298920
35	2298920	2303160
35	2303160	2308280
35	2308280	2310960
35	2310960	2315640
35	2315640	2318640
35	2318640	2325880
35	2325880	2329320
35	2329320	2335440
35	2335440	2338520
35	2338520	2340160
35	2340160	2342600
35	2342600	2346040
35	2346040	2361760
35	2361760	2365760
35	2365760	2370800
35	2370800	2373880
35	2373880	2378480
35	2378480	2381440
35	2381440	2383720
35	2383720	2386800
35	2386800	2391200
35	2391200	2394920
35	2394920	2397280
35	2397280	2399320
36	2399320	2405280
36	2405280	2407240
36	2407240	2410480
36	2410480	2417120
36	2417120	2419880
36	2419880	2427520
36	2427520	2433960
36	2433960	2439000
36	2439000	2440080
36	2440080	2441920
36	2441920	2443600
36	2443600	2446280
36	2446280	2451800
36	2451800	2453320
36	2453320	2455280
36	2455280	2456400
36	2456400	2457800
36	2457800	2458880
36	2458880	2461320
36	2461320	2463760
36	2463760	2467280
36	2467280	2470760
37	2470760	2475080
37	2475080	2478000
37	2478000	2480160
37	2480160	2485120
37	2485120	2487520
37	2487520	2488840
37	2488840	2491160
37	2491160	2494720
37	2494720	2496240
37	2496240	2498440
37	2498440	2501920
37	2501920	2503200
37	2503200	2505080
37	2505080	2506880
37	2506880	2518200
37	2518200	2520120
37	2520120	2523760
37	2523760	2525160
37	2525160	2526840
37	2526840	2532400
37	2532400	2533960
37	2533960	2537320
37	2537320	2540040
37	2540040	2544560
38	2544560	2566480
38	2566480	2569760
38	2569760	2572800
38	2572800	2576600
38	2576600	2582160
38	2582160	2583960
38	2583960	2585760
38	2585760	2591280
38	2591280	2593640
38	2593640	2598520
39	2598520	2603080
39	2603080	2607000
39	2607000	2613440
39	2613440	2615200
39	2615200	2617040
40	2617040	2633480
40	2633480	2635240
40	2635240	2639360
40	2639360	2642320
40	2642320	2644960
40	2644960	2646960
41	2646960	2650440
41	2650440	2666440
41	2666440	2668920
42	2668920	2670840
42	2670840	2672320
42	2672320	2674280
42	2674280	2677280
42	2677280	2678680
42	2678680	2682360
42	2682360	2685000
42	2685000	2688120
42	2688120	2691440
43	2691440	2713680
44	2713680	2724400
44	2724400	2733040
44	2733040	2739600
45	2739600	2752920
46	2752920	2870560
46	2870560	2887600
