shot	start	end
0	0	9840
0	9840	13200
0	13200	13920
0	13920	15880
0	15880	16680
0	16680	18440
0	18440	23400
0	23400	25720
0	25720	26680
0	26680	27800
0	27800	29880
0	29880	31600
0	31600	32560
0	32560	34960
0	34960	36000
0	36000	37360
0	37360	38520
0	38520	39720
0	39720	41160
0	41160	43080
0	43080	51680
0	51680	53600
0	53600	55560
0	55560	57840
0	57840	59560
0	59560	61120
0	61120	63320
0	63320	64760
0	64760	66880
0	66880	68800
0	68800	71360
0	71360	73680
0	73680	75560
0	75560	77640
0	77640	80120
0	80120	82200
0	82200	84240
0	84240	86840
0	86840	87800
0	87800	89880
0	89880	91200
0	91200	93960
0	93960	96840
0	96840	99640
0	99640	101680
0	101680	103800
0	103800	105840
0	105840	107680
0	107680	109680
0	109680	112720
0	112720	115160
0	115160	117920
0	117920	120320
0	120320	122720
0	122720	125240
0	125240	129440
0	129440	154560
1	154560	157440
1	157440	158920
1	158920	162000
1	162000	163520
1	163520	166160
1	166160	168080
1	168080	169680
1	169680	173480
1	173480	174240
1	174240	197960
1	197960	199520
1	199520	201160
1	201160	211000
1	211000	213880
1	213880	215440
1	215440	218280
1	218280	219800
1	219800	223040
1	223040	225000
1	225000	227480
2	227480	237680
2	237680	244640
2	244640	250000
3	250000	268440
3	268440	271560
3	271560	275080
3	275080	277200
3	277200	280400
3	280400	283280
3	283280	288840
3	288840	290920
3	290920	301480
3	301480	303160
3	303160	305480
3	305480	306640
3	306640	307600
3	307600	308800
3	308800	311640
3	311640	312960
3	312960	314120
3	314120	314880
3	314880	315560
3	315560	322240
3	322240	324600
3	324600	328400
3	328400	329840
3	329840	334560
3	334560	337240
3	337240	341600
3	341600	344680
3	344680	348040
3	348040	349600
3	349600	351560
3	351560	354360
3	354360	356160
3	356160	357640
3	357640	361320
3	361320	365680
3	365680	367040
3	367040	368320
3	368320	369560
3	369560	370920
3	370920	372720
3	372720	377720
3	377720	379560
3	379560	381920
3	381920	385240
3	385240	390840
3	390840	394920
3	394920	396600
3	396600	397600
3	397600	399600
3	399600	401800
3	401800	403680
3	403680	404960
3	404960	406240
3	406240	408800
3	408800	410040
3	410040	411480
3	411480	413160
3	413160	414960
3	414960	416440
3	416440	418120
3	418120	421600
3	421600	424280
3	424280	430080
3	430080	433160
4	433160	438480
4	438480	440400
4	440400	442440
4	442440	444200
4	444200	448880
4	448880	449840
4	449840	452720
4	452720	454160
4	454160	457880
4	457880	463000
4	463000	467480
4	467480	469760
4	469760	471480
4	471480	472880
4	472880	473960
4	473960	477800
4	477800	478920
4	478920	481280
4	481280	482280
4	482280	484360
4	484360	489560
4	489560	492280
4	492280	494200
4	494200	496240
4	496240	501880
4	501880	508160
4	508160	512040
4	512040	514480
4	514480	517880
4	517880	519440
4	519440	535760
4	535760	537320
4	537320	539320
5	539320	553560
5	553560	558920
5	558920	561240
5	561240	563360
5	563360	566160
5	566160	568600
5	568600	571240
5	571240	572200
5	572200	576960
5	576960	578000
5	578000	580200
5	580200	581960
5	581960	585320
5	585320	591320
5	591320	596960
5	596960	598920
5	598920	599920
5	599920	601440
5	601440	603600
5	603600	605720
5	605720	606920
5	606920	609680
5	609680	611200
5	611200	613640
5	613640	618080
5	618080	619880
5	619880	621160
5	621160	623160
5	623160	624840
5	624840	627200
5	627200	628480
5	628480	629400
5	629400	630880
6	630880	642640
6	642640	653200
6	653200	655880
6	655880	657720
6	657720	659600
6	659600	660720
6	660720	663520
6	663520	671120
6	671120	674560
6	674560	682960
6	682960	686640
6	686640	687720
6	687720	689120
6	689120	690520
6	690520	692960
6	692960	698680
6	698680	700800
6	700800	707200
6	707200	709320
7	709320	715800
7	715800	720480
7	720480	723400
7	723400	728640
7	728640	733120
7	733120	738400
7	738400	744160
8	744160	754640
8	754640	767360
8	767360	774600
8	774600	779600
9	779600	784120
9	784120	789720
9	789720	792000
9	792000	798160
9	798160	799440
9	799440	801400
9	801400	802440
9	802440	803440
9	803440	804480
9	804480	805440
9	805440	809320
9	809320	811440
9	811440	812560
9	812560	814200
9	814200	816280
9	816280	823640
9	823640	828400
9	828400	833200
9	833200	835800
9	835800	838160
9	838160	838960
9	838960	846920
9	846920	851040
9	851040	855600
10	855600	858360
10	858360	863640
10	863640	866120
10	866120	867800
10	867800	871000
10	871000	873800
10	873800	879360
10	879360	880600
10	880600	883400
10	883400	885680
10	885680	887280
10	887280	889400
10	889400	893960
10	893960	898000
10	898000	899640
10	899640	903000
10	903000	905720
10	905720	907520
10	907520	909880
10	909880	911120
10	911120	912440
10	912440	914400
10	914400	919160
10	919160	921720
10	921720	923960
10	923960	930840
11	930840	941160
11	941160	950160
11	950160	956120
11	956120	957760
11	957760	959800
11	959800	963160
11	963160	971320
11	971320	975880
11	975880	978280
11	978280	980600
11	980600	984160
11	984160	985920
11	985920	989600
11	989600	991680
11	991680	994440
11	994440	996280
11	996280	998800
11	998800	1003360
11	1003360	1006360
11	1006360	1009440
11	1009440	1012560
11	1012560	1029680
12	1029680	1041280
12	1041280	1056040
12	1056040	1059080
12	1059080	1065440
13	1065440	1083520
13	1083520	1085120
13	1085120	1088360
13	1088360	1089800
13	1089800	1091720
13	1091720	1094160
13	1094160	1096680
13	1096680	1098880
13	1098880	1100720
13	1100720	1107120
13	1107120	1126880
13	1126880	1128920
13	1128920	1131120
13	1131120	1134560
13	1134560	1141520
13	1141520	1143120
13	1143120	1144520
13	1144520	1149640
13	1149640	1152200
13	1152200	1153160
13	1153160	1154920
13	1154920	1157760
13	1157760	1160000
13	1160000	1166680
13	1166680	1169240
13	1169240	1171200
13	1171200	1175760
13	1175760	1179160
13	1179160	1187680
13	1187680	1196160
13	1196160	1209560
13	1209560	1214320
13	1214320	1223760
14	1223760	1241040
14	1241040	1246080
15	1246080	1251160
15	1251160	1256960
15	1256960	1259760
15	1259760	1261400
15	1261400	1268120
15	1268120	1275560
15	1275560	1283720
15	1283720	1285640
15	1285640	1286880
15	1286880	1288440
15	1288440	1292800
15	1292800	1296680
15	1296680	1301560
15	1301560	1307600
15	1307600	1308600
15	1308600	1310760
15	1310760	1311840
15	1311840	1312800
15	1312800	1313760
15	1313760	1320480
15	1320480	1329320
16	1329320	1330720
16	1330720	1332160
16	1332160	1333800
16	1333800	1335200
16	1335200	1336720
16	1336720	1338920
16	1338920	1340640
16	1340640	1341520
16	1341520	1344520
17	1344520	1349200
17	1349200	1353040
17	1353040	1357840
17	1357840	1370160
17	1370160	1374280
17	1374280	1376280
17	1376280	1382200
17	1382200	1385000
17	1385000	1387760
17	1387760	1392560
17	1392560	1396120
17	1396120	1418280
17	1418280	1420920
17	1420920	1428160
17	1428160	1439200
17	1439200	1441880
17	1441880	1443440
17	1443440	1445280
17	1445280	1446920
17	1446920	1448560
17	1448560	1451000
17	1451000	1452360
17	1452360	1458160
17	1458160	1463520
17	1463520	1465800
17	1465800	1471080
17	1471080	1475640
17	1475640	1481280
17	1481280	1485520
17	1485520	1492120
17	1492120	1493720
17	1493720	1496480
17	1496480	1499240
17	1499240	1501720
17	1501720	1503720
17	1503720	1507360
17	1507360	1511680
17	1511680	1512920
17	1512920	1519320
17	1519320	1521440
17	1521440	1524400
17	1524400	1527080
17	1527080	1528640
17	1528640	1530440
17	1530440	1537840
17	1537840	1539000
17	1539000	1540320
17	1540320	1545240
17	1545240	1547560
17	1547560	1550920
17	1550920	1552760
17	1552760	1556880
17	1556880	1558440
17	1558440	1560640
17	1560640	1565720
17	1565720	1567160
17	1567160	1573040
17	1573040	1574680
17	1574680	1610520
17	1610520	1627600
18	1627600	1634440
18	1634440	1637360
18	1637360	1639040
18	1639040	1653040
18	1653040	1666520
18	1666520	1668560
19	1668560	1671440
19	1671440	1672760
19	1672760	1677400
19	1677400	1682240
20	1682240	1702800
20	1702800	1704560
20	1704560	1706360
20	1706360	1709800
20	1709800	1712200
20	1712200	1714920
21	1714920	1731080
21	1731080	1733680
21	1733680	1735160
21	1735160	1736360
21	1736360	1738280
21	1738280	1740040
21	1740040	1741480
21	1741480	1744040
21	1744040	1746720
21	1746720	1749320
21	1749320	1750080
21	1750080	1751480
22	1751480	1758200
22	1758200	1761520
22	1761520	1763360
22	1763360	1764400
22	1764400	1772920
23	1772920	1780160
23	1780160	1781560
23	1781560	1789840
23	1789840	1791480
23	1791480	1793440
23	1793440	1795880
24	1795880	1796840
24	1796840	1799200
24	1799200	1800360
24	1800360	1801280
24	1801280	1802440
24	1802440	1804120
24	1804120	1806480
24	1806480	1809080
24	1809080	1810280
24	1810280	1813200
24	1813200	1814560
24	1814560	1816560
24	1816560	1818880
24	1818880	1820280
24	1820280	1821880
24	1821880	1825600
24	1825600	1826600
24	1826600	1827600
24	1827600	1830840
24	1830840	1834960
24	1834960	1836720
24	1836720	1839000
24	1839000	1841280
24	1841280	1842200
24	1842200	1843480
24	1843480	1847200
24	1847200	1850960
24	1850960	1852960
24	1852960	1855920
24	1855920	1857400
24	1857400	1862360
24	1862360	1863480
24	1863480	1864200
24	1864200	1865520
24	1865520	1868320
24	1868320	1869280
24	1869280	1871920
24	1871920	1873120
24	1873120	1874600
24	1874600	1876640
24	1876640	1880040
24	1880040	1889760
24	1889760	1894440
24	1894440	1897440
24	1897440	1899800
24	1899800	1901200
24	1901200	1904320
24	1904320	1909840
24	1909840	1913520
24	1913520	1916040
25	1916040	1928800
25	1928800	1932400
25	1932400	1934520
25	1934520	1936240
25	1936240	1937320
25	1937320	1938720
25	1938720	1940040
25	1940040	1941240
25	1941240	1942240
25	1942240	1944120
25	1944120	1948520
25	1948520	1950640
25	1950640	1954440
25	1954440	1957320
25	1957320	1959640
25	1959640	1960600
25	1960600	1961760
25	1961760	1963120
25	1963120	1964280
25	1964280	1966760
25	1966760	1968720
25	1968720	1971760
25	1971760	1972800
25	1972800	1973400
25	1973400	1973840
25	1973840	1974920
25	1974920	1977560
25	1977560	1979400
25	1979400	1981680
25	1981680	1983360
25	1983360	1984000
25	1984000	1985520
25	1985520	1988000
25	1988000	1989280
25	1989280	1990440
25	1990440	1991840
25	1991840	1993120
25	1993120	1995880
25	1995880	1998320
25	1998320	2008320
25	2008320	2010520
25	2010520	2012280
25	2012280	2014280
25	2014280	2016040
25	2016040	2017560
25	2017560	2026720
25	2026720	2028960
25	2028960	2030640
25	2030640	2036760
26	2036760	2043320
26	2043320	2045880
26	2045880	2047600
26	2047600	2048800
26	2048800	2050280
26	2050280	2052600
26	2052600	2055240
26	2055240	2056400
26	2056400	2064840
26	2064840	2066200
26	2066200	2069720
26	2069720	2078600
26	2078600	2087000
26	2087000	2088480
26	2088480	2093080
26	2093080	2095240
26	2095240	2098760
26	2098760	2101480
26	2101480	2102920
26	2102920	2105600
26	2105600	2108280
26	2108280	2110280
26	2110280	2115000
27	2115000	2123880
27	2123880	2127280
27	2127280	2129960
27	2129960	2132360
27	2132360	2135800
27	2135800	2137920
27	2137920	2142160
27	2142160	2148560
27	2148560	2151640
27	2151640	2153240
27	2153240	2162560
27	2162560	2166400
27	2166400	2173920
27	2173920	2177800
27	2177800	2179360
27	2179360	2181280
27	2181280	2183840
27	2183840	2184760
27	2184760	2186040
27	2186040	2187200
27	2187200	2189920
27	2189920	2191080
27	2191080	2192280
27	2192280	2193760
27	2193760	2195800
27	2195800	2197760
27	2197760	2199960
27	2199960	2206840
27	2206840	2208320
27	2208320	2210080
27	2210080	2213200
27	2213200	2214600
27	2214600	2221760
27	2221760	2225000
27	2225000	2227760
27	2227760	2234560
27	2234560	2238040
27	2238040	2246480
27	2246480	2249320
27	2249320	2261320
27	2261320	2265240
27	2265240	2273480
27	2273480	2276840
27	2276840	2283640
27	2283640	2286680
27	2286680	2289760
27	2289760	2295880
27	2295880	2318960
27	2318960	2320640
27	2320640	2324600
27	2324600	2326200
27	2326200	2332320
27	2332320	2335040
27	2335040	2340320
27	2340320	2342520
27	2342520	2349080
27	2349080	2351600
27	2351600	2357360
27	2357360	2363480
27	2363480	2365400
27	2365400	2367560
27	2367560	2371680
28	2371680	2377240
28	2377240	2379200
28	2379200	2382000
28	2382000	2384360
28	2384360	2391160
28	2391160	2392320
28	2392320	2397080
28	2397080	2399440
28	2399440	2401560
28	2401560	2402720
28	2402720	2404520
28	2404520	2407920
28	2407920	2411800
28	2411800	2412720
28	2412720	2413760
28	2413760	2415280
28	2415280	2416560
28	2416560	2419200
28	2419200	2421000
28	2421000	2426240
28	2426240	2428840
28	2428840	2430600
28	2430600	2445920
28	2445920	2461640
28	2461640	2468000
29	2468000	2472160
29	2472160	2484720
29	2484720	2491040
29	2491040	2493320
29	2493320	2496080
29	2496080	2499320
29	2499320	2500480
29	2500480	2502040
29	2502040	2504560
29	2504560	2505800
29	2505800	2507680
29	2507680	2509720
29	2509720	2511480
29	2511480	2513400
29	2513400	2514720
29	2514720	2516280
29	2516280	2520440
29	2520440	2524360
29	2524360	2527720
29	2527720	2530880
29	2530880	2533880
29	2533880	2536560
29	2536560	2538120
29	2538120	2539520
29	2539520	2542360
29	2542360	2543840
29	2543840	2547400
29	2547400	2550360
29	2550360	2555720
29	2555720	2557280
29	2557280	2561360
29	2561360	2563440
29	2563440	2564360
29	2564360	2567720
29	2567720	2704800
30	2704800	2722600
