Scene	start	end
0	0	116360
1	116360	204800
2	204800	281160
3	281160	374640
4	374640	502000
5	502000	642040
6	642040	740120
7	740120	871720
8	871720	981000
9	981000	1081640
10	1081640	1125000
11	1125000	1224200
12	1224200	1415360
13	1415360	1474680
14	1474680	1651440
15	1651440	1770440
16	1770440	1835200
17	1835200	1943240
18	1943240	1974280
19	1974280	2049400
20	2049400	2154640
21	2154640	2303760
22	2303760	2428080
23	2428080	2535160
24	2535160	2691120
25	2691120	2740400
26	2740400	3015400
27	3015400	3045120
28	3045120	3181600
