Scene	start	end
0	0	114000
1	114000	116520
2	116520	129880
3	129880	137000
4	137000	152000
5	152000	191960
6	191960	339760
7	339760	359680
8	359680	380160
9	380160	415640
10	415640	589360
11	589360	662720
12	662720	747800
13	747800	875160
14	875160	957360
15	957360	1066680
16	1066680	1146200
17	1146200	1310000
18	1310000	1375280
19	1375280	1510560
20	1510560	1631440
21	1631440	1756200
22	1756200	1794200
23	1794200	1873600
24	1873600	1973200
25	1973200	2090600
26	2090600	2221440
27	2221440	2288560
28	2288560	2311760
29	2311760	2495440
30	2495440	2568520
31	2568520	2755480
32	2755480	2915840
33	2915840	2926440
34	2926440	3345400
