Scene	start	end
0	0	108080
1	108080	151200
2	151200	202600
3	202600	301160
4	301160	384960
5	384960	586760
6	586760	707760
7	707760	988080
8	988080	1087120
9	1087120	1162360
10	1162360	1225720
11	1225720	1364600
12	1364600	1467640
13	1467640	1595280
14	1595280	1698240
15	1698240	1729880
16	1729880	1749600
17	1749600	1870840
18	1870840	1983760
19	1983760	2041600
20	2041600	2066960
21	2066960	2141400
22	2141400	2218800
23	2218800	2563680
24	2563680	2625800
25	2625800	2865120
26	2865120	2961080
27	2961080	3137320
28	3137320	3201160
