Scene	start	end
0	0	103760
1	103760	156040
2	156040	304560
3	304560	471200
4	471200	624120
5	624120	701800
6	701800	910280
7	910280	1084000
8	1084000	1124680
9	1124680	1249560
10	1249560	1341600
11	1341600	1388280
12	1388280	1421520
13	1421520	1537200
14	1537200	1572600
15	1572600	1638280
16	1638280	1733240
17	1733240	1994240
18	1994240	2203520
19	2203520	2318120
20	2318120	2410000
21	2410000	2633960
22	2633960	2670280
23	2670280	2799320
24	2799320	2827560
25	2827560	2917600
26	2917600	2963840
27	2963840	3023400
28	3023400	3226760
29	3226760	3293560
