Scene	start	end
0	0	58280
1	58280	114360
2	114360	186360
3	186360	258520
4	258520	337400
5	337400	363960
6	363960	391400
7	391400	418800
8	418800	544440
9	544440	557440
10	557440	642960
11	642960	698800
12	698800	822800
13	822800	874160
14	874160	1049720
15	1049720	1060840
16	1060840	1090920
17	1090920	1165680
18	1165680	1173640
19	1173640	1187400
20	1187400	1278800
21	1278800	1332160
22	1332160	1379840
23	1379840	1407600
24	1407600	1655880
25	1655880	1742880
26	1742880	1867600
27	1867600	1914360
28	1914360	2059960
29	2059960	2180280
30	2180280	2278320
31	2278320	2327400
32	2327400	2349080
33	2349080	2516720
34	2516720	2574640
35	2574640	2653360
36	2653360	2683160
37	2683160	2703040
38	2703040	2877200
39	2877200	3198440
40	3198440	3296960
41	3296960	3371440
42	3371440	3426920
43	3426920	3545840
