Scene	start	end
0	0	45880
1	45880	59000
2	59000	78160
3	78160	164000
4	164000	212320
5	212320	290080
6	290080	346680
7	346680	383680
8	383680	438040
9	438040	543480
10	543480	659480
11	659480	795560
12	795560	813680
13	813680	870280
14	870280	930520
15	930520	991840
16	991840	1018600
17	1018600	1064200
18	1064200	1126920
19	1126920	1142760
20	1142760	1214040
21	1214040	1272920
22	1272920	1378200
23	1378200	1446600
24	1446600	1595480
25	1595480	1622200
26	1622200	1642360
27	1642360	1701720
28	1701720	1734960
29	1734960	1891280
30	1891280	2060840
31	2060840	2110680
32	2110680	2147760
33	2147760	2200040
34	2200040	2293400
35	2293400	2364640
36	2364640	2393880
37	2393880	2418640
38	2418640	2483760
39	2483760	2622480
40	2622480	2668640
41	2668640	2707240
42	2707240	2839600
