Scene	start	end
0	0	51240
1	51240	170440
2	170440	178000
3	178000	300800
4	300800	382520
5	382520	429360
6	429360	443840
7	443840	631920
8	631920	653200
9	653200	690000
10	690000	786160
11	786160	834480
12	834480	875440
13	875440	936440
14	936440	1042400
15	1042400	1068960
16	1068960	1160960
17	1160960	1303400
18	1303400	1427120
19	1427120	1563640
20	1563640	1641240
21	1641240	1778840
22	1778840	1810040
23	1810040	1892880
24	1892880	1905640
25	1905640	2017080
26	2017080	2092880
27	2092880	2164000
28	2164000	2441320
29	2441320	2480640
30	2480640	2602360
31	2602360	2636240
32	2636240	2732240
33	2732240	2864600
