Scene	start	end
0	0	52160
1	52160	124800
2	124800	209200
3	209200	308960
4	308960	349600
5	349600	479760
6	479760	519760
7	519760	583800
8	583800	600200
9	600200	660480
10	660480	723560
11	723560	794760
12	794760	811600
13	811600	848680
14	848680	902200
15	902200	990200
16	990200	1024480
17	1024480	1139120
18	1139120	1167040
19	1167040	1258760
20	1258760	1324520
21	1324520	1496920
22	1496920	1547920
23	1547920	1619480
24	1619480	1672600
25	1672600	1732400
26	1732400	1757240
27	1757240	1770440
28	1770440	1891600
29	1891600	1931240
30	1931240	2187760
31	2187760	2241400
32	2241400	2300480
33	2300480	2446480
34	2446480	2497560
35	2497560	2601480
36	2601480	2618640
37	2618640	2661760
38	2661760	2702680
39	2702680	2897600
