Scene	start	end
0	0	53640
1	53640	134720
2	134720	194560
3	194560	287480
4	287480	392080
5	392080	446160
6	446160	515640
7	515640	551440
8	551440	679040
9	679040	716040
10	716040	795880
11	795880	862040
12	862040	910400
13	910400	976560
14	976560	990280
15	990280	1050200
16	1050200	1163080
17	1163080	1247200
18	1247200	1321880
19	1321880	1353520
20	1353520	1415600
21	1415600	1489080
22	1489080	1550040
23	1550040	1591000
24	1591000	1663520
25	1663520	1845840
26	1845840	1887400
27	1887400	1921320
28	1921320	2032640
29	2032640	2196720
30	2196720	2343120
31	2343120	2481000
32	2481000	2611200
33	2611200	2752040
34	2752040	2887960
35	2887960	3021600
