Scene	start	end
0	0	58800
1	58800	96640
2	96640	156600
3	156600	212400
4	212400	263320
5	263320	356920
6	356920	400680
7	400680	511080
8	511080	582320
9	582320	615320
10	615320	625520
11	625520	654720
12	654720	727360
13	727360	852840
14	852840	882120
15	882120	981280
16	981280	1131720
17	1131720	1233200
18	1233200	1367000
19	1367000	1491800
20	1491800	1522840
21	1522840	1636640
22	1636640	1752040
23	1752040	1819160
24	1819160	1909800
25	1909800	1930200
26	1930200	2040640
27	2040640	2165440
28	2165440	2276360
29	2276360	2310200
30	2310200	2323920
31	2323920	2350040
32	2350040	2442880
33	2442880	2506000
34	2506000	2631200
35	2631200	2840240
36	2840240	2917320
37	2917320	2946560
38	2946560	2967440
39	2967440	3127600
