Scene	start	end
0	0	57400
1	57400	124520
2	124520	180440
3	180440	273360
4	273360	319400
5	319400	400880
6	400880	515240
7	515240	577200
8	577200	643160
9	643160	766240
10	766240	811640
11	811640	838480
12	838480	899080
13	899080	993800
14	993800	1094000
15	1094000	1163120
16	1163120	1191120
17	1191120	1207440
18	1207440	1273640
19	1273640	1463120
20	1463120	1568880
21	1568880	1627240
22	1627240	1732200
23	1732200	1776280
24	1776280	1890920
25	1890920	1947720
26	1947720	2216440
27	2216440	2253360
28	2253360	2470360
29	2470360	2566800
30	2566800	2609200
31	2609200	2672480
32	2672480	2743320
33	2743320	2875600
