Scene	start	end
0	0	59400
1	59400	100600
2	100600	146000
3	146000	161680
4	161680	205400
5	205400	224200
6	224200	284320
7	284320	337800
8	337800	349400
9	349400	442080
10	442080	537640
11	537640	554040
12	554040	715200
13	715200	778560
14	778560	842280
15	842280	982880
16	982880	1104760
17	1104760	1156400
18	1156400	1254960
19	1254960	1294400
20	1294400	1370960
21	1370960	1402520
22	1402520	1452800
23	1452800	1542840
24	1542840	1665280
25	1665280	1819600
26	1819600	1953520
27	1953520	2116040
28	2116040	2214880
29	2214880	2425400
30	2425400	2514640
31	2514640	2581640
32	2581640	2669800
33	2669800	2793520
34	2793520	2978600
