Scene	start	end
0	0	58880
1	58880	156880
2	156880	191760
3	191760	226680
4	226680	270160
5	270160	338040
6	338040	409160
7	409160	487920
8	487920	536240
9	536240	615880
10	615880	776160
11	776160	963680
12	963680	1011920
13	1011920	1049480
14	1049480	1087200
15	1087200	1148600
16	1148600	1190880
17	1190880	1209360
18	1209360	1238240
19	1238240	1259240
20	1259240	1305680
21	1305680	1309720
22	1309720	1521400
23	1521400	1541040
24	1541040	1572160
25	1572160	1626120
26	1626120	1723760
27	1723760	1769560
28	1769560	1838800
29	1838800	1890800
30	1890800	2058760
31	2058760	2111960
32	2111960	2200360
33	2200360	2316840
34	2316840	2358400
35	2358400	2401560
36	2401560	2497240
37	2497240	2516040
38	2516040	2585920
39	2585920	2635200
40	2635200	2767600
