Scene	start	end
0	0	58400
1	58400	128800
2	128800	165760
3	165760	247040
4	247040	333160
5	333160	450800
6	450800	509160
7	509160	540960
8	540960	583520
9	583520	618360
10	618360	702120
11	702120	861800
12	861800	892040
13	892040	901560
14	901560	911720
15	911720	964520
16	964520	999680
17	999680	1024120
18	1024120	1122800
19	1122800	1169480
20	1169480	1311880
21	1311880	1337000
22	1337000	1418680
23	1418680	1444080
24	1444080	1595960
25	1595960	1700520
26	1700520	1978600
27	1978600	1990000
28	1990000	2043760
29	2043760	2160480
30	2160480	2194360
31	2194360	2224760
32	2224760	2322560
33	2322560	2368560
34	2368560	2461560
35	2461560	2565400
36	2565400	2809600
