Scene	start	end
0	0	58280
1	58280	137280
2	137280	299520
3	299520	385400
4	385400	426280
5	426280	485800
6	485800	518000
7	518000	544760
8	544760	593720
9	593720	679000
10	679000	757520
11	757520	799640
12	799640	849320
13	849320	919520
14	919520	1043320
15	1043320	1144760
16	1144760	1211480
17	1211480	1290680
18	1290680	1328640
19	1328640	1420800
20	1420800	1534000
21	1534000	1567880
22	1567880	1669600
23	1669600	1759920
24	1759920	1843920
25	1843920	1970040
26	1970040	1989760
27	1989760	2022160
28	2022160	2038280
29	2038280	2098600
30	2098600	2217600
31	2217600	2244040
32	2244040	2343400
33	2343400	2414680
34	2414680	2436080
35	2436080	2626600
36	2626600	2759600
