Scene	start	end
0	0	49000
1	49000	192920
2	192920	285840
3	285840	333240
4	333240	404040
5	404040	431960
6	431960	496240
7	496240	588680
8	588680	665840
9	665840	719120
10	719120	790360
11	790360	878840
12	878840	1051640
13	1051640	1148280
14	1148280	1257440
15	1257440	1364840
16	1364840	1469360
17	1469360	1576960
18	1576960	1636480
19	1636480	1699280
20	1699280	1752640
21	1752640	1773440
22	1773440	1866760
23	1866760	1969560
24	1969560	2033440
25	2033440	2069520
26	2069520	2109360
27	2109360	2134400
28	2134400	2168920
29	2168920	2197520
30	2197520	2324240
31	2324240	2379120
32	2379120	2395720
33	2395720	2449840
34	2449840	2523920
35	2523920	2574920
36	2574920	2618920
37	2618920	2654120
38	2654120	2770480
39	2770480	2843960
40	2843960	2983600
