Scene	start	end
0	0	75120
1	75120	158360
2	158360	242960
3	242960	323000
4	323000	383640
5	383640	469640
6	469640	518200
7	518200	605720
8	605720	691520
9	691520	865920
10	865920	1023280
11	1023280	1055760
12	1055760	1239800
13	1239800	1292840
14	1292840	1634640
15	1634640	1778560
16	1778560	1879800
17	1879800	1914800
18	1914800	1972600
19	1972600	2026960
20	2026960	2147200
21	2147200	2173520
22	2173520	2187160
23	2187160	2203600
24	2203600	2211000
25	2211000	2236040
26	2236040	2258880
27	2258880	2411240
28	2411240	2513640
29	2513640	2716960
30	2716960	2765000
31	2765000	2810400
32	2810400	2820440
33	2820440	2938200
34	2938200	3027320
35	3027320	3051920
36	3051920	3070840
37	3070840	3097200
38	3097200	3127480
39	3127480	3135040
40	3135040	3350040
41	3350040	3484600
