Scene	start	end
0	0	49960
1	49960	199640
2	199640	284200
3	284200	366480
4	366480	421480
5	421480	450520
6	450520	498480
7	498480	521920
8	521920	643480
9	643480	705480
10	705480	778880
11	778880	806240
12	806240	848120
13	848120	919320
14	919320	1000480
15	1000480	1052920
16	1052920	1067000
17	1067000	1098000
18	1098000	1263360
19	1263360	1289240
20	1289240	1356360
21	1356360	1454480
22	1454480	1619040
23	1619040	1661600
24	1661600	1778600
25	1778600	1821760
26	1821760	1884800
27	1884800	1992640
28	1992640	2077320
29	2077320	2154920
30	2154920	2212280
31	2212280	2310000
32	2310000	2366720
33	2366720	2433000
34	2433000	2608800
35	2608800	2670320
36	2670320	2687000
37	2687000	2820600
