Scene	start	end
0	0	109840
1	109840	274400
2	274400	374720
3	374720	463560
4	463560	698920
5	698920	864040
6	864040	908360
7	908360	1078640
8	1078640	1162320
9	1162320	1184200
10	1184200	1299240
11	1299240	1324320
12	1324320	1330000
13	1330000	1355120
14	1355120	1394160
15	1394160	1407160
16	1407160	1424520
17	1424520	1436920
18	1436920	1455440
19	1455440	1476920
20	1476920	1481080
21	1481080	1484040
22	1484040	1505560
23	1505560	1517160
24	1517160	1579360
25	1579360	1789160
26	1789160	1807400
27	1807400	1851600
28	1851600	1854120
29	1854120	1864640
30	1864640	1874400
31	1874400	1878880
32	1878880	1975560
33	1975560	2161480
34	2161480	2549480
35	2549480	2635240
36	2635240	2767840
37	2767840	2879520
38	2879520	2925760
39	2925760	2929640
40	2929640	2948640
41	2948640	2974280
42	2974280	2980400
43	2980400	2991480
44	2991480	3005120
45	3005120	3023680
46	3023680	3036000
47	3036000	3134080
