Scene	start	end
0	0	94960
1	94960	384720
2	384720	594320
3	594320	712160
4	712160	979720
5	979720	1000840
6	1000840	1199440
7	1199440	1301040
8	1301040	1488040
9	1488040	1574240
10	1574240	1722000
11	1722000	1914320
12	1914320	2066680
13	2066680	2252360
14	2252360	2311560
15	2311560	2465480
16	2465480	2493440
17	2493440	2528600
18	2528600	2538280
19	2538280	2562040
20	2562040	2573720
21	2573720	2671000
22	2671000	2803320
23	2803320	2836080
24	2836080	2872160
25	2872160	2947880
26	2947880	2983800
27	2983800	2984800
