Scene	start	end
0	0	110800
1	110800	312280
2	312280	455520
3	455520	665760
4	665760	752800
5	752800	756360
6	756360	775960
7	775960	906440
8	906440	1000360
9	1000360	1102600
10	1102600	1193760
11	1193760	1200320
12	1200320	1226520
13	1226520	1261320
14	1261320	1283960
15	1283960	1323520
16	1323520	1356360
17	1356360	1367520
18	1367520	1444160
19	1444160	1590240
20	1590240	1737680
21	1737680	1835840
22	1835840	1871200
23	1871200	2027040
24	2027040	2143880
25	2143880	2206760
26	2206760	2485400
27	2485400	2578640
28	2578640	2601520
29	2601520	2704880
30	2704880	2910000
