shot	start	end
0	0	33160
0	33160	37000
0	37000	69360
0	69360	74440
0	74440	87360
0	87360	101880
0	101880	190400
0	190400	215320
1	215320	218400
1	218400	235920
2	235920	239880
2	239880	243880
2	243880	251080
2	251080	261720
2	261720	265120
2	265120	270640
2	270640	280800
2	280800	285840
2	285840	289160
2	289160	295560
2	295560	299640
2	299640	304000
2	304000	306480
2	306480	309680
2	309680	318520
2	318520	322040
2	322040	327560
2	327560	331080
2	331080	344440
2	344440	350800
2	350800	362640
2	362640	378680
2	378680	384960
2	384960	402560
2	402560	406840
2	406840	425240
2	425240	431840
2	431840	444480
2	444480	449520
2	449520	454200
2	454200	463520
2	463520	471760
2	471760	477320
2	477320	482200
2	482200	500000
2	500000	510040
2	510040	519160
2	519160	523600
2	523600	532920
2	532920	555600
2	555600	558920
2	558920	566320
2	566320	571680
2	571680	577560
2	577560	588600
2	588600	596720
2	596720	606080
2	606080	619840
2	619840	630240
2	630240	636680
2	636680	642640
2	642640	650320
2	650320	663120
2	663120	668840
2	668840	675560
2	675560	678840
2	678840	681160
2	681160	684480
2	684480	693400
2	693400	701760
2	701760	708240
3	708240	719640
3	719640	731160
3	731160	741360
3	741360	769240
3	769240	779520
3	779520	783000
3	783000	787800
4	787800	799760
4	799760	810240
4	810240	813040
4	813040	815880
4	815880	820200
4	820200	826040
4	826040	831600
4	831600	834440
4	834440	836560
4	836560	838840
4	838840	841560
4	841560	852160
5	852160	874160
5	874160	880360
5	880360	881160
5	881160	882880
5	882880	900600
5	900600	906320
5	906320	933200
5	933200	937480
5	937480	940400
5	940400	959000
5	959000	971400
5	971400	979360
5	979360	982040
5	982040	987840
5	987840	988920
5	988920	991440
5	991440	997200
5	997200	1005520
5	1005520	1011480
5	1011480	1014040
5	1014040	1020080
5	1020080	1023680
5	1023680	1025920
5	1025920	1029000
5	1029000	1030320
5	1030320	1032040
5	1032040	1041360
5	1041360	1048080
5	1048080	1051280
5	1051280	1056360
5	1056360	1061080
5	1061080	1069080
5	1069080	1075520
5	1075520	1078240
5	1078240	1080800
5	1080800	1086320
5	1086320	1088240
5	1088240	1089680
5	1089680	1091360
5	1091360	1091920
5	1091920	1093840
5	1093840	1104240
5	1104240	1118880
6	1118880	1129080
6	1129080	1134120
6	1134120	1140600
6	1140600	1147080
6	1147080	1165320
7	1165320	1173680
7	1173680	1182840
7	1182840	1191520
7	1191520	1194320
7	1194320	1202080
7	1202080	1222520
7	1222520	1235800
7	1235800	1242800
7	1242800	1246800
7	1246800	1260920
7	1260920	1263880
7	1263880	1272600
8	1272600	1274800
8	1274800	1276960
8	1276960	1279120
8	1279120	1281320
8	1281320	1295040
8	1295040	1301440
8	1301440	1314400
8	1314400	1321880
8	1321880	1331800
8	1331800	1343720
8	1343720	1348440
8	1348440	1353320
8	1353320	1356640
8	1356640	1363960
8	1363960	1367720
8	1367720	1381240
8	1381240	1387480
8	1387480	1393680
8	1393680	1399840
8	1399840	1414960
8	1414960	1423560
8	1423560	1427400
8	1427400	1432640
8	1432640	1436840
8	1436840	1442360
8	1442360	1452800
8	1452800	1457280
8	1457280	1462040
8	1462040	1479880
8	1479880	1498560
8	1498560	1502160
8	1502160	1505120
8	1505120	1524280
8	1524280	1528800
8	1528800	1538520
8	1538520	1541880
8	1541880	1548000
8	1548000	1554720
8	1554720	1558720
9	1558720	1567680
9	1567680	1572040
9	1572040	1575680
9	1575680	1580960
9	1580960	1590120
9	1590120	1596880
9	1596880	1599560
9	1599560	1606120
9	1606120	1609640
10	1609640	1612720
10	1612720	1617040
10	1617040	1625680
10	1625680	1630880
10	1630880	1636440
10	1636440	1642840
10	1642840	1654960
10	1654960	1663560
10	1663560	1670280
10	1670280	1673600
10	1673600	1690600
10	1690600	1693600
10	1693600	1707600
10	1707600	1712040
10	1712040	1722880
10	1722880	1727200
10	1727200	1734200
10	1734200	1736200
10	1736200	1743960
10	1743960	1745160
10	1745160	1752360
10	1752360	1755360
10	1755360	1767800
10	1767800	1773240
10	1773240	1777440
10	1777440	1780200
11	1780200	1787880
11	1787880	1793000
11	1793000	1797280
11	1797280	1801560
11	1801560	1827400
11	1827400	1839680
11	1839680	1843720
11	1843720	1877240
11	1877240	1881640
11	1881640	1885040
11	1885040	1890600
11	1890600	1897080
11	1897080	1949120
11	1949120	1958480
11	1958480	1962120
11	1962120	1967600
11	1967600	1973400
11	1973400	1994120
11	1994120	2009680
11	2009680	2016760
11	2016760	2020400
11	2020400	2033880
11	2033880	2037760
11	2037760	2043120
11	2043120	2055080
11	2055080	2074680
11	2074680	2089560
11	2089560	2100920
11	2100920	2106080
11	2106080	2112240
11	2112240	2113800
11	2113800	2124400
11	2124400	2136880
11	2136880	2144160
11	2144160	2146760
11	2146760	2153520
11	2153520	2153640
11	2153640	2154080
11	2154080	2154520
11	2154520	2154720
11	2154720	2155160
11	2155160	2155600
11	2155600	2155800
11	2155800	2156840
11	2156840	2161240
12	2161240	2190000
12	2190000	2207680
12	2207680	2216960
12	2216960	2289120
12	2289120	2294680
12	2294680	2303000
12	2303000	2309840
12	2309840	2312280
12	2312280	2316880
12	2316880	2322160
12	2322160	2323800
12	2323800	2326240
12	2326240	2329640
12	2329640	2337120
12	2337120	2340240
13	2340240	2374960
13	2374960	2383160
13	2383160	2385640
13	2385640	2391560
13	2391560	2400320
13	2400320	2408120
13	2408120	2417280
13	2417280	2425720
13	2425720	2432440
13	2432440	2433960
13	2433960	2436800
13	2436800	2440640
13	2440640	2445400
13	2445400	2450440
13	2450440	2453960
13	2453960	2460560
13	2460560	2463880
13	2463880	2466880
13	2466880	2472440
13	2472440	2476600
13	2476600	2480360
13	2480360	2482760
13	2482760	2492680
14	2492680	2501600
14	2501600	2520880
14	2520880	2527640
14	2527640	2536680
14	2536680	2542920
14	2542920	2546080
14	2546080	2547640
14	2547640	2548920
14	2548920	2550200
15	2550200	2551040
15	2551040	2551960
15	2551960	2553360
15	2553360	2556240
15	2556240	2557520
15	2557520	2561480
15	2561480	2565720
15	2565720	2568320
15	2568320	2571200
15	2571200	2573160
15	2573160	2577760
15	2577760	2579240
15	2579240	2580480
15	2580480	2582200
15	2582200	2584000
15	2584000	2586960
15	2586960	2588720
15	2588720	2590360
16	2590360	2598840
16	2598840	2601160
16	2601160	2603120
16	2603120	2610520
16	2610520	2612320
16	2612320	2615240
16	2615240	2618480
16	2618480	2622000
16	2622000	2629160
16	2629160	2635080
16	2635080	2638680
16	2638680	2641120
16	2641120	2644680
16	2644680	2648360
16	2648360	2653240
16	2653240	2656600
16	2656600	2661160
16	2661160	2664840
16	2664840	2669720
16	2669720	2712640
17	2712640	2714560
17	2714560	2719560
17	2719560	2722480
