shot	start	end
0	0	6880
0	6880	10640
0	10640	15120
0	15120	18040
0	18040	23160
0	23160	46080
0	46080	53440
0	53440	55880
0	55880	62560
0	62560	64760
0	64760	66960
0	66960	71320
0	71320	74880
0	74880	76600
0	76600	83720
0	83720	85640
0	85640	87680
0	87680	93680
0	93680	96560
0	96560	99600
0	99600	102600
0	102600	104800
0	104800	118000
0	118000	119160
0	119160	121200
0	121200	125200
0	125200	127600
0	127600	127920
0	127920	129000
0	129000	129760
0	129760	131400
0	131400	132320
0	132320	135920
0	135920	137640
0	137640	142880
0	142880	148400
0	148400	150840
0	150840	152480
0	152480	156160
0	156160	156640
0	156640	157160
0	157160	160840
0	160840	163160
0	163160	168200
0	168200	193600
1	193600	203480
1	203480	214400
2	214400	217480
2	217480	238800
3	238800	244520
3	244520	254240
3	254240	260640
3	260640	263880
3	263880	266160
3	266160	267760
3	267760	270880
3	270880	274280
3	274280	277720
3	277720	278560
3	278560	279560
3	279560	281600
3	281600	282840
3	282840	290640
3	290640	295040
3	295040	296800
3	296800	299520
3	299520	305320
3	305320	316760
3	316760	332000
4	332000	342480
4	342480	345040
4	345040	347480
4	347480	351680
4	351680	356720
4	356720	363560
4	363560	370200
4	370200	377280
4	377280	388920
5	388920	403320
5	403320	408040
5	408040	412560
5	412560	419280
5	419280	429000
5	429000	432680
5	432680	436000
5	436000	438120
5	438120	448000
5	448000	454960
5	454960	459640
5	459640	469040
5	469040	471680
5	471680	475240
5	475240	481440
5	481440	495960
5	495960	499080
5	499080	507240
5	507240	509320
5	509320	517800
5	517800	521320
5	521320	592400
5	592400	598200
5	598200	605200
5	605200	609920
5	609920	613840
5	613840	616000
5	616000	622360
5	622360	635760
5	635760	638160
5	638160	639880
5	639880	646000
5	646000	653080
5	653080	654920
5	654920	665680
5	665680	670600
5	670600	674600
5	674600	688560
5	688560	691280
5	691280	697600
5	697600	700920
5	700920	703440
6	703440	708880
6	708880	713200
6	713200	726520
6	726520	730960
6	730960	734080
6	734080	738600
6	738600	743680
6	743680	745360
6	745360	752080
6	752080	755400
6	755400	758920
7	758920	774960
7	774960	784640
7	784640	787440
7	787440	789520
7	789520	797200
7	797200	800640
7	800640	809720
7	809720	813000
7	813000	826160
7	826160	829960
7	829960	833600
7	833600	836360
7	836360	838280
7	838280	844560
7	844560	850200
7	850200	855480
7	855480	860720
7	860720	863880
7	863880	872200
7	872200	878440
7	878440	888760
7	888760	891320
7	891320	894480
7	894480	896440
7	896440	898800
7	898800	903920
7	903920	908000
7	908000	913440
7	913440	917920
8	917920	943040
8	943040	951080
8	951080	959040
8	959040	963400
8	963400	966000
8	966000	972040
8	972040	975760
8	975760	986280
8	986280	998640
8	998640	1024520
9	1024520	1037480
9	1037480	1042600
9	1042600	1052960
9	1052960	1055480
9	1055480	1058640
9	1058640	1061000
9	1061000	1066800
9	1066800	1074160
9	1074160	1091880
9	1091880	1098040
9	1098040	1106560
9	1106560	1110880
9	1110880	1114960
9	1114960	1117040
9	1117040	1120400
9	1120400	1123760
9	1123760	1127440
9	1127440	1130640
9	1130640	1160080
9	1160080	1164760
9	1164760	1178160
9	1178160	1179360
9	1179360	1182600
9	1182600	1190200
9	1190200	1195800
9	1195800	1208000
10	1208000	1218800
10	1218800	1221760
10	1221760	1227840
10	1227840	1234800
10	1234800	1240440
10	1240440	1247400
10	1247400	1251880
10	1251880	1255600
10	1255600	1256400
10	1256400	1263840
10	1263840	1267160
10	1267160	1272560
10	1272560	1281880
10	1281880	1285800
11	1285800	1302880
11	1302880	1309440
11	1309440	1314480
11	1314480	1317520
11	1317520	1327680
11	1327680	1331600
11	1331600	1336080
11	1336080	1355800
11	1355800	1358640
11	1358640	1365560
11	1365560	1369440
11	1369440	1375080
11	1375080	1376560
11	1376560	1377920
11	1377920	1380760
11	1380760	1382560
11	1382560	1383960
11	1383960	1388720
11	1388720	1403320
11	1403320	1406200
11	1406200	1412320
11	1412320	1413760
11	1413760	1415960
11	1415960	1418000
11	1418000	1431760
11	1431760	1433440
11	1433440	1440360
11	1440360	1456600
11	1456600	1461040
12	1461040	1469960
12	1469960	1472800
12	1472800	1475080
12	1475080	1482360
12	1482360	1488400
12	1488400	1497080
12	1497080	1500200
12	1500200	1503480
12	1503480	1508200
12	1508200	1516600
12	1516600	1525480
12	1525480	1527920
12	1527920	1530360
12	1530360	1537920
12	1537920	1544320
13	1544320	1551400
13	1551400	1596480
13	1596480	1618880
13	1618880	1629320
13	1629320	1636320
13	1636320	1696040
13	1696040	1718800
13	1718800	1789640
13	1789640	1797400
14	1797400	1826600
14	1826600	1871640
14	1871640	1885120
14	1885120	1891560
15	1891560	1902680
15	1902680	1910640
15	1910640	1915760
15	1915760	1920600
15	1920600	1922800
15	1922800	1928520
15	1928520	1942960
15	1942960	1949600
15	1949600	1957280
15	1957280	1964520
15	1964520	1971960
15	1971960	1977760
15	1977760	1985960
15	1985960	2016320
15	2016320	2020400
15	2020400	2031200
15	2031200	2033440
15	2033440	2049920
15	2049920	2055240
15	2055240	2070480
15	2070480	2070760
15	2070760	2073760
15	2073760	2076320
15	2076320	2095760
15	2095760	2103760
16	2103760	2121160
16	2121160	2131720
16	2131720	2142760
16	2142760	2155120
16	2155120	2162080
16	2162080	2169240
16	2169240	2181440
16	2181440	2184360
16	2184360	2190440
16	2190440	2193160
16	2193160	2197520
17	2197520	2205440
17	2205440	2209320
17	2209320	2213080
17	2213080	2218600
17	2218600	2221000
17	2221000	2227440
17	2227440	2231960
17	2231960	2237840
17	2237840	2244480
17	2244480	2246360
17	2246360	2250080
17	2250080	2255480
17	2255480	2262240
17	2262240	2268880
17	2268880	2271400
17	2271400	2273960
17	2273960	2279800
17	2279800	2282120
17	2282120	2285320
18	2285320	2290640
18	2290640	2297640
18	2297640	2301800
18	2301800	2304880
18	2304880	2307480
18	2307480	2313480
18	2313480	2334120
19	2334120	2340000
19	2340000	2345320
19	2345320	2358240
19	2358240	2383760
19	2383760	2396520
19	2396520	2398400
19	2398400	2400560
19	2400560	2401840
19	2401840	2411240
19	2411240	2417120
19	2417120	2424440
19	2424440	2428280
19	2428280	2435840
19	2435840	2437920
19	2437920	2446440
19	2446440	2452760
19	2452760	2455280
19	2455280	2456960
19	2456960	2461440
19	2461440	2466160
19	2466160	2468960
19	2468960	2470600
19	2470600	2473560
19	2473560	2476880
19	2476880	2477720
19	2477720	2478800
19	2478800	2481000
19	2481000	2491040
19	2491040	2492800
19	2492800	2493440
19	2493440	2494360
19	2494360	2495880
19	2495880	2496520
19	2496520	2496960
19	2496960	2497440
19	2497440	2498600
19	2498600	2499160
19	2499160	2499760
19	2499760	2501040
19	2501040	2501920
19	2501920	2502720
19	2502720	2503560
19	2503560	2504040
19	2504040	2505200
19	2505200	2506600
19	2506600	2507520
19	2507520	2508360
19	2508360	2509440
19	2509440	2510960
19	2510960	2513680
19	2513680	2515720
19	2515720	2517280
19	2517280	2521320
19	2521320	2522720
19	2522720	2524280
19	2524280	2525120
19	2525120	2526400
19	2526400	2528680
19	2528680	2534480
19	2534480	2535600
19	2535600	2538120
19	2538120	2542800
19	2542800	2546040
19	2546040	2549400
19	2549400	2549480
19	2549480	2549920
19	2549920	2551880
19	2551880	2559960
19	2559960	2562920
19	2562920	2565040
19	2565040	2566040
19	2566040	2566800
19	2566800	2567480
19	2567480	2569200
19	2569200	2573600
19	2573600	2575080
19	2575080	2577960
19	2577960	2578800
19	2578800	2579400
19	2579400	2580400
19	2580400	2581680
19	2581680	2582720
19	2582720	2583560
19	2583560	2584160
19	2584160	2584640
19	2584640	2586200
19	2586200	2588320
19	2588320	2588520
19	2588520	2589000
19	2589000	2589440
19	2589440	2590680
19	2590680	2592560
19	2592560	2594000
19	2594000	2595880
19	2595880	2600240
19	2600240	2602520
19	2602520	2610880
19	2610880	2620800
19	2620800	2628520
19	2628520	2631560
19	2631560	2632600
19	2632600	2637480
19	2637480	2638200
19	2638200	2638760
19	2638760	2639600
19	2639600	2640800
19	2640800	2643320
19	2643320	2644080
19	2644080	2645640
19	2645640	2650080
19	2650080	2651760
19	2651760	2652880
19	2652880	2654000
19	2654000	2654880
19	2654880	2658720
19	2658720	2659920
19	2659920	2661760
19	2661760	2662160
19	2662160	2664800
19	2664800	2666000
19	2666000	2668520
19	2668520	2670440
19	2670440	2675320
20	2675320	2711840
20	2711840	2713760
20	2713760	2718760
20	2718760	2722480
