shot	start	end
0	0	16160
0	16160	22240
0	22240	26720
0	26720	41440
0	41440	45280
0	45280	48680
0	48680	53320
0	53320	56240
0	56240	62520
0	62520	67120
0	67120	71520
0	71520	84600
0	84600	94800
0	94800	101800
0	101800	110840
0	110840	115400
0	115400	120600
0	120600	122760
0	122760	125760
0	125760	128280
0	128280	131520
0	131520	133200
0	133200	137600
0	137600	140880
0	140880	144400
0	144400	146560
0	146560	149640
0	149640	155600
0	155600	175560
0	175560	185440
0	185440	206800
1	206800	227240
2	227240	240120
2	240120	242760
2	242760	246120
2	246120	249200
2	249200	252200
2	252200	257400
2	257400	260280
2	260280	264240
2	264240	269240
2	269240	274640
2	274640	279000
2	279000	282720
2	282720	289120
2	289120	291080
2	291080	292840
2	292840	301280
2	301280	302800
2	302800	304920
2	304920	307720
2	307720	314320
2	314320	316120
2	316120	318280
2	318280	320040
2	320040	324080
2	324080	329000
2	329000	330480
2	330480	331960
2	331960	334040
2	334040	337360
2	337360	340280
2	340280	342040
2	342040	346360
2	346360	349480
2	349480	350720
2	350720	352240
2	352240	354520
2	354520	365560
2	365560	367600
2	367600	375720
2	375720	381160
2	381160	383600
2	383600	385440
2	385440	389120
2	389120	400320
2	400320	409720
2	409720	413040
2	413040	420360
2	420360	430920
2	430920	434880
2	434880	439840
2	439840	442040
2	442040	444760
2	444760	447080
2	447080	454600
3	454600	459760
3	459760	462320
3	462320	463280
3	463280	466680
4	466680	476960
4	476960	484040
4	484040	488480
4	488480	492440
4	492440	494840
4	494840	497000
4	497000	502800
4	502800	506880
4	506880	516040
4	516040	520200
4	520200	523120
4	523120	533560
4	533560	534840
4	534840	538880
4	538880	545960
4	545960	558600
4	558600	563040
4	563040	575520
4	575520	580960
4	580960	587160
4	587160	589120
4	589120	592840
4	592840	595960
4	595960	616520
4	616520	619960
4	619960	630960
4	630960	633280
4	633280	649960
4	649960	653280
4	653280	662560
4	662560	664640
4	664640	667840
4	667840	669360
4	669360	683840
4	683840	685760
4	685760	688160
4	688160	690920
4	690920	699560
4	699560	704080
4	704080	726600
4	726600	729360
4	729360	739040
4	739040	743120
4	743120	748280
4	748280	752160
4	752160	757200
4	757200	762560
4	762560	769600
4	769600	775680
4	775680	782960
5	782960	788480
5	788480	801000
5	801000	806800
5	806800	818840
5	818840	835080
5	835080	839960
5	839960	881480
5	881480	887320
6	887320	903640
6	903640	929760
6	929760	949360
6	949360	953120
7	953120	958840
7	958840	963160
7	963160	970160
7	970160	974640
7	974640	979280
7	979280	983400
7	983400	987440
7	987440	989200
7	989200	996880
7	996880	1005240
7	1005240	1009120
7	1009120	1012800
7	1012800	1016400
7	1016400	1018600
7	1018600	1020720
7	1020720	1024480
7	1024480	1028800
7	1028800	1030880
7	1030880	1034720
7	1034720	1036480
7	1036480	1039400
7	1039400	1044880
7	1044880	1046520
7	1046520	1056000
7	1056000	1058560
7	1058560	1063040
7	1063040	1067280
8	1067280	1077360
8	1077360	1081480
8	1081480	1086280
8	1086280	1087920
8	1087920	1091360
8	1091360	1093680
8	1093680	1095880
8	1095880	1098640
8	1098640	1100400
8	1100400	1101920
8	1101920	1104520
8	1104520	1107560
8	1107560	1110440
8	1110440	1117800
8	1117800	1119600
8	1119600	1124480
8	1124480	1129720
8	1129720	1141000
8	1141000	1142520
8	1142520	1144840
8	1144840	1146920
8	1146920	1149880
8	1149880	1154200
8	1154200	1162520
8	1162520	1164200
8	1164200	1166400
8	1166400	1172120
8	1172120	1174160
8	1174160	1179440
8	1179440	1182760
8	1182760	1188600
8	1188600	1191280
8	1191280	1193600
8	1193600	1202080
8	1202080	1205000
8	1205000	1208560
8	1208560	1213000
8	1213000	1216160
8	1216160	1226360
8	1226360	1228680
8	1228680	1232800
8	1232800	1238000
8	1238000	1240600
8	1240600	1243080
8	1243080	1246440
8	1246440	1247720
8	1247720	1250600
8	1250600	1252880
8	1252880	1255560
8	1255560	1259160
8	1259160	1265440
8	1265440	1267440
8	1267440	1269960
8	1269960	1272560
8	1272560	1276640
8	1276640	1284800
8	1284800	1286960
8	1286960	1292560
8	1292560	1295480
8	1295480	1299000
8	1299000	1300440
8	1300440	1303720
8	1303720	1308600
9	1308600	1311880
9	1311880	1324920
9	1324920	1331240
9	1331240	1334200
9	1334200	1347600
9	1347600	1352440
9	1352440	1360040
9	1360040	1365840
9	1365840	1368720
9	1368720	1374440
9	1374440	1382560
10	1382560	1394520
10	1394520	1398480
10	1398480	1400720
10	1400720	1406240
10	1406240	1409160
10	1409160	1414720
10	1414720	1417440
10	1417440	1427200
10	1427200	1430760
10	1430760	1433680
10	1433680	1439920
10	1439920	1442800
10	1442800	1443600
10	1443600	1450120
10	1450120	1452760
11	1452760	1459480
11	1459480	1462600
11	1462600	1479160
11	1479160	1481400
11	1481400	1484440
11	1484440	1489960
11	1489960	1499400
11	1499400	1507760
11	1507760	1510560
11	1510560	1515520
11	1515520	1521880
11	1521880	1525680
11	1525680	1530680
11	1530680	1533680
11	1533680	1535840
11	1535840	1539880
11	1539880	1542400
11	1542400	1547560
11	1547560	1549600
11	1549600	1554520
11	1554520	1555960
11	1555960	1556800
11	1556800	1557960
11	1557960	1558800
11	1558800	1559520
11	1559520	1560520
11	1560520	1561320
11	1561320	1562160
11	1562160	1562920
11	1562920	1564040
11	1564040	1565560
11	1565560	1567600
11	1567600	1568160
11	1568160	1569160
11	1569160	1572840
11	1572840	1574520
11	1574520	1576200
11	1576200	1579480
11	1579480	1581440
11	1581440	1581520
11	1581520	1582320
11	1582320	1584560
11	1584560	1586280
11	1586280	1587280
11	1587280	1593120
12	1593120	1605560
12	1605560	1611120
12	1611120	1614880
12	1614880	1617920
12	1617920	1621240
12	1621240	1622320
12	1622320	1623040
12	1623040	1624000
12	1624000	1624840
12	1624840	1626960
12	1626960	1628440
12	1628440	1630080
12	1630080	1634640
12	1634640	1644960
12	1644960	1646600
12	1646600	1661120
12	1661120	1667960
12	1667960	1674280
12	1674280	1677920
12	1677920	1680080
12	1680080	1681600
12	1681600	1686800
12	1686800	1691560
12	1691560	1696920
12	1696920	1698760
12	1698760	1706160
12	1706160	1711200
12	1711200	1714880
13	1714880	1718760
13	1718760	1729640
13	1729640	1744440
13	1744440	1749040
13	1749040	1756560
13	1756560	1766280
13	1766280	1774040
13	1774040	1781640
13	1781640	1789400
13	1789400	1794880
13	1794880	1805280
13	1805280	1808040
13	1808040	1817080
13	1817080	1820280
13	1820280	1850040
14	1850040	1853000
14	1853000	1856520
14	1856520	1877760
14	1877760	1884760
14	1884760	1892040
14	1892040	1903880
14	1903880	1907120
14	1907120	1909680
14	1909680	1923280
14	1923280	1925320
14	1925320	1928240
14	1928240	1933800
14	1933800	1939040
14	1939040	1953560
14	1953560	1961000
14	1961000	1964080
14	1964080	1969960
14	1969960	1990080
14	1990080	1997560
15	1997560	2009040
15	2009040	2012680
15	2012680	2017280
15	2017280	2020440
15	2020440	2036520
15	2036520	2041040
15	2041040	2053880
15	2053880	2058520
15	2058520	2063560
15	2063560	2068560
15	2068560	2081520
15	2081520	2085920
16	2085920	2092720
16	2092720	2095200
16	2095200	2106560
16	2106560	2127360
16	2127360	2137480
16	2137480	2141520
16	2141520	2144720
16	2144720	2149040
16	2149040	2151400
16	2151400	2155000
16	2155000	2158240
16	2158240	2164320
16	2164320	2173240
16	2173240	2181240
16	2181240	2182800
16	2182800	2188080
16	2188080	2192800
16	2192800	2195120
17	2195120	2208680
17	2208680	2210840
17	2210840	2215680
17	2215680	2220240
17	2220240	2224000
17	2224000	2227280
17	2227280	2230240
17	2230240	2234040
17	2234040	2240760
17	2240760	2245440
17	2245440	2247480
17	2247480	2249600
17	2249600	2258720
17	2258720	2266640
17	2266640	2268280
17	2268280	2274280
17	2274280	2283000
17	2283000	2286400
17	2286400	2289960
17	2289960	2292360
17	2292360	2294840
17	2294840	2298040
17	2298040	2300160
17	2300160	2307480
17	2307480	2311840
17	2311840	2317240
18	2317240	2354200
18	2354200	2356960
18	2356960	2361760
18	2361760	2367720
18	2367720	2373480
18	2373480	2379160
18	2379160	2383560
18	2383560	2391360
18	2391360	2398040
18	2398040	2404640
18	2404640	2407800
18	2407800	2410680
18	2410680	2416040
18	2416040	2420560
18	2420560	2428240
18	2428240	2432680
18	2432680	2432880
19	2432880	2437320
19	2437320	2439160
19	2439160	2441240
19	2441240	2441760
19	2441760	2444000
19	2444000	2445720
19	2445720	2447360
19	2447360	2455080
19	2455080	2460280
19	2460280	2462120
19	2462120	2464960
19	2464960	2468600
19	2468600	2473040
20	2473040	2476520
20	2476520	2482400
20	2482400	2493800
20	2493800	2500440
20	2500440	2504680
20	2504680	2506560
20	2506560	2509000
20	2509000	2514120
20	2514120	2516200
20	2516200	2521520
20	2521520	2523720
20	2523720	2528320
20	2528320	2530320
20	2530320	2532600
20	2532600	2537600
20	2537600	2540200
20	2540200	2544520
20	2544520	2550880
20	2550880	2556280
20	2556280	2558800
20	2558800	2561360
20	2561360	2562160
20	2562160	2564040
20	2564040	2565440
20	2565440	2568200
20	2568200	2575400
20	2575400	2584280
21	2584280	2588680
21	2588680	2598520
21	2598520	2614240
21	2614240	2617720
21	2617720	2621040
21	2621040	2622800
21	2622800	2626680
22	2626680	2647480
22	2647480	2654640
22	2654640	2658440
22	2658440	2661320
22	2661320	2668160
22	2668160	2670640
22	2670640	2676600
23	2676600	2713440
23	2713440	2715360
23	2715360	2720360
23	2720360	2723480
