shot	start	end
0	0	2360
0	2360	2600
0	2600	8040
0	8040	9200
0	9200	16560
0	16560	23040
0	23040	25600
0	25600	27960
0	27960	29640
0	29640	31920
1	31920	35000
1	35000	49200
2	49200	49280
2	49280	51120
2	51120	51200
2	51200	53040
2	53040	53120
2	53120	56520
2	56520	61960
2	61960	64760
3	64760	75680
3	75680	94520
3	94520	116240
3	116240	117160
3	117160	123200
3	123200	138560
3	138560	140920
3	140920	153480
3	153480	155040
3	155040	157360
3	157360	159280
3	159280	162480
3	162480	166160
3	166160	168200
3	168200	171560
3	171560	177920
3	177920	186280
3	186280	208840
3	208840	228080
3	228080	230280
3	230280	232480
3	232480	234520
3	234520	235880
3	235880	237600
3	237600	239960
3	239960	246160
3	246160	249040
3	249040	252480
3	252480	253600
3	253600	255280
3	255280	257400
3	257400	310240
3	310240	312960
3	312960	319040
3	319040	325320
3	325320	336000
3	336000	349240
3	349240	350120
3	350120	351520
3	351520	353520
3	353520	359400
3	359400	362760
3	362760	367880
3	367880	371160
3	371160	374920
3	374920	385280
3	385280	401040
3	401040	403040
3	403040	417360
3	417360	421000
3	421000	424760
3	424760	427680
3	427680	430480
3	430480	432160
3	432160	433320
3	433320	437000
3	437000	441600
3	441600	443680
3	443680	444880
3	444880	445920
3	445920	446640
3	446640	449000
3	449000	450240
3	450240	452360
3	452360	453440
3	453440	454760
3	454760	459560
3	459560	463280
3	463280	465360
3	465360	468760
3	468760	472160
3	472160	478200
3	478200	479840
3	479840	490640
3	490640	494080
3	494080	500400
3	500400	505320
3	505320	512080
3	512080	520080
3	520080	522880
3	522880	523880
3	523880	524320
3	524320	546840
3	546840	560080
4	560080	561440
4	561440	563080
4	563080	565680
4	565680	568640
4	568640	573880
4	573880	576480
4	576480	582080
4	582080	594680
4	594680	601040
4	601040	605360
4	605360	606240
4	606240	617080
4	617080	618600
4	618600	620080
4	620080	621160
4	621160	624280
4	624280	625480
4	625480	629440
4	629440	631600
4	631600	632400
4	632400	634320
4	634320	636560
4	636560	637680
4	637680	644360
4	644360	653880
4	653880	665320
4	665320	680800
4	680800	685600
4	685600	690720
4	690720	693600
4	693600	694880
4	694880	697440
4	697440	702200
4	702200	708560
4	708560	711600
4	711600	713320
4	713320	716160
4	716160	718400
4	718400	720720
4	720720	728200
4	728200	730320
4	730320	732440
4	732440	734600
4	734600	736080
4	736080	738400
4	738400	742200
4	742200	748360
4	748360	754400
4	754400	759440
4	759440	777640
4	777640	782720
4	782720	790040
4	790040	797240
4	797240	801520
4	801520	807440
4	807440	812680
4	812680	813560
4	813560	816280
4	816280	821120
4	821120	823480
4	823480	825240
4	825240	829720
4	829720	832280
4	832280	837120
4	837120	841440
4	841440	849120
4	849120	852840
4	852840	865600
4	865600	869480
4	869480	873320
4	873320	878720
4	878720	889880
4	889880	893160
4	893160	899520
4	899520	907040
4	907040	909640
4	909640	913320
4	913320	917600
4	917600	920440
4	920440	921720
4	921720	924520
4	924520	926000
4	926000	929240
4	929240	931600
4	931600	934160
4	934160	937760
4	937760	939640
4	939640	943680
4	943680	947120
4	947120	958160
4	958160	963720
4	963720	978320
4	978320	984760
4	984760	986640
4	986640	994040
4	994040	1033360
4	1033360	1036720
4	1036720	1041480
4	1041480	1043720
4	1043720	1046440
4	1046440	1050320
4	1050320	1052720
4	1052720	1056480
4	1056480	1058960
4	1058960	1061680
4	1061680	1062480
4	1062480	1067040
4	1067040	1068920
4	1068920	1087240
4	1087240	1089400
4	1089400	1093000
4	1093000	1096440
4	1096440	1098840
4	1098840	1102080
4	1102080	1104880
4	1104880	1112200
4	1112200	1117040
4	1117040	1118800
4	1118800	1120760
4	1120760	1126240
4	1126240	1128920
4	1128920	1132760
4	1132760	1134320
4	1134320	1135200
4	1135200	1136080
4	1136080	1140760
4	1140760	1142880
4	1142880	1146200
4	1146200	1148840
4	1148840	1151440
4	1151440	1153800
4	1153800	1163920
4	1163920	1165920
4	1165920	1176760
4	1176760	1187200
4	1187200	1194440
4	1194440	1198840
4	1198840	1205240
4	1205240	1209880
4	1209880	1217240
4	1217240	1219760
4	1219760	1227720
4	1227720	1232200
4	1232200	1235040
4	1235040	1247480
4	1247480	1251640
4	1251640	1255360
4	1255360	1260360
5	1260360	1286480
5	1286480	1289960
5	1289960	1291400
5	1291400	1293200
5	1293200	1299640
5	1299640	1317040
5	1317040	1317720
5	1317720	1319200
5	1319200	1320640
5	1320640	1324240
5	1324240	1348360
5	1348360	1358480
5	1358480	1382320
6	1382320	1388160
6	1388160	1390200
6	1390200	1392080
6	1392080	1394680
6	1394680	1406800
6	1406800	1408440
6	1408440	1413600
6	1413600	1415600
6	1415600	1421200
6	1421200	1427800
6	1427800	1445240
6	1445240	1446760
6	1446760	1449040
6	1449040	1450920
6	1450920	1453400
6	1453400	1454200
6	1454200	1456080
6	1456080	1457520
6	1457520	1458640
6	1458640	1460000
6	1460000	1466360
6	1466360	1468360
6	1468360	1475160
6	1475160	1478720
6	1478720	1480600
6	1480600	1485040
6	1485040	1486920
6	1486920	1502320
6	1502320	1517640
6	1517640	1524320
6	1524320	1532080
6	1532080	1562840
6	1562840	1691360
6	1691360	1697360
6	1697360	1727960
6	1727960	1744320
6	1744320	1777400
6	1777400	1785280
6	1785280	1812600
6	1812600	1902200
6	1902200	1905480
6	1905480	1946200
6	1946200	1950480
6	1950480	1955920
6	1955920	1966600
6	1966600	1978800
6	1978800	1994360
6	1994360	1997160
6	1997160	2002040
6	2002040	2006480
6	2006480	2011440
6	2011440	2016720
6	2016720	2028160
6	2028160	2038880
6	2038880	2046640
6	2046640	2050880
6	2050880	2054080
6	2054080	2058680
6	2058680	2075680
6	2075680	2096920
6	2096920	2098120
6	2098120	2199960
6	2199960	2210160
7	2210160	2218520
7	2218520	2239000
7	2239000	2259960
7	2259960	2262680
7	2262680	2287480
7	2287480	2291160
7	2291160	2293360
7	2293360	2311600
7	2311600	2312880
7	2312880	2315760
7	2315760	2321600
7	2321600	2323320
7	2323320	2324480
7	2324480	2325360
7	2325360	2336880
7	2336880	2339880
7	2339880	2341120
7	2341120	2347200
7	2347200	2356360
7	2356360	2366960
7	2366960	2370040
7	2370040	2381000
7	2381000	2383600
7	2383600	2389080
7	2389080	2405800
7	2405800	2409560
7	2409560	2415920
7	2415920	2416800
7	2416800	2417160
7	2417160	2417520
7	2417520	2417760
7	2417760	2418160
7	2418160	2418600
7	2418600	2418880
7	2418880	2423160
7	2423160	2428880
7	2428880	2430320
7	2430320	2435640
7	2435640	2438400
7	2438400	2443840
7	2443840	2447000
7	2447000	2455520
7	2455520	2462560
7	2462560	2467080
7	2467080	2472520
7	2472520	2475280
7	2475280	2476080
7	2476080	2478080
7	2478080	2486160
7	2486160	2489000
7	2489000	2496480
8	2496480	2501360
8	2501360	2505000
8	2505000	2520120
9	2520120	2537560
9	2537560	2555240
9	2555240	2560280
9	2560280	2565200
9	2565200	2567920
9	2567920	2573280
9	2573280	2582720
9	2582720	2590040
9	2590040	2594880
9	2594880	2599960
9	2599960	2608160
9	2608160	2611680
9	2611680	2614280
9	2614280	2623600
9	2623600	2625960
10	2625960	2639920
10	2639920	2658360
10	2658360	2666480
10	2666480	2666560
10	2666560	2667640
10	2667640	2675360
11	2675360	2711720
11	2711720	2713640
11	2713640	2718640
11	2718640	2721480
