shot	start	end
0	0	3840
0	3840	10000
0	10000	15760
0	15760	19080
0	19080	23840
0	23840	35400
0	35400	40880
0	40880	43080
0	43080	45960
0	45960	49000
0	49000	59400
0	59400	63440
0	63440	67280
0	67280	76120
0	76120	82360
0	82360	86040
0	86040	89760
0	89760	93920
0	93920	107600
0	107600	109320
0	109320	114440
0	114440	123320
0	123320	134840
0	134840	139360
0	139360	159640
0	159640	162120
0	162120	167400
0	167400	175240
0	175240	179320
0	179320	183720
0	183720	185400
0	185400	187880
0	187880	190000
0	190000	196040
0	196040	202800
0	202800	209560
0	209560	212360
0	212360	215360
0	215360	216520
0	216520	218000
0	218000	219080
0	219080	220560
0	220560	221280
0	221280	222480
0	222480	224960
0	224960	226640
0	226640	227320
0	227320	229240
0	229240	232520
1	232520	235600
1	235600	265400
2	265400	272720
2	272720	287040
2	287040	298040
2	298040	302880
2	302880	317000
2	317000	320960
2	320960	329240
2	329240	340560
2	340560	351200
2	351200	356520
2	356520	360720
2	360720	363400
2	363400	367800
2	367800	373320
2	373320	377200
2	377200	380920
2	380920	387160
2	387160	393360
2	393360	395000
2	395000	397600
2	397600	404040
2	404040	406600
3	406600	409760
3	409760	414640
3	414640	415680
3	415680	421040
3	421040	424040
3	424040	428760
3	428760	430320
3	430320	431560
3	431560	433640
3	433640	436280
3	436280	441280
3	441280	444040
3	444040	449400
3	449400	450880
3	450880	452600
3	452600	457000
3	457000	459280
3	459280	461840
3	461840	469120
3	469120	471520
3	471520	478800
3	478800	488920
3	488920	500200
3	500200	502720
3	502720	509680
3	509680	511720
3	511720	518720
3	518720	526800
3	526800	529800
3	529800	536080
3	536080	538120
3	538120	540880
3	540880	550600
3	550600	557400
3	557400	567000
3	567000	569360
3	569360	578760
3	578760	587600
3	587600	592800
3	592800	595360
3	595360	597560
3	597560	602720
3	602720	604960
3	604960	606440
3	606440	622840
3	622840	629600
3	629600	635720
3	635720	641520
3	641520	653160
3	653160	655520
3	655520	658880
3	658880	661080
3	661080	663040
3	663040	667840
3	667840	671400
3	671400	676520
3	676520	678160
3	678160	682600
3	682600	685880
3	685880	691040
3	691040	707200
3	707200	709040
3	709040	716560
3	716560	719080
3	719080	720200
3	720200	723480
3	723480	726800
3	726800	735040
3	735040	739320
3	739320	741320
3	741320	744800
3	744800	749160
3	749160	759880
3	759880	763280
3	763280	764760
3	764760	766400
3	766400	772920
3	772920	775400
3	775400	779880
3	779880	788920
3	788920	790600
3	790600	792080
3	792080	804840
3	804840	809240
3	809240	817080
3	817080	821040
3	821040	825840
3	825840	829800
3	829800	832600
3	832600	834480
3	834480	837040
3	837040	839160
3	839160	848760
3	848760	851400
3	851400	854080
3	854080	857320
3	857320	861320
3	861320	863840
3	863840	869280
3	869280	872040
3	872040	877880
3	877880	895040
3	895040	901960
3	901960	904440
3	904440	907080
3	907080	913680
3	913680	916960
3	916960	922400
4	922400	935200
4	935200	948680
4	948680	958120
4	958120	965360
4	965360	975480
4	975480	985040
4	985040	990680
4	990680	998320
4	998320	1003520
4	1003520	1009720
4	1009720	1013000
4	1013000	1015520
4	1015520	1019680
4	1019680	1024960
4	1024960	1029360
4	1029360	1033160
4	1033160	1046840
4	1046840	1090400
5	1090400	1134160
5	1134160	1137120
5	1137120	1140560
5	1140560	1144160
5	1144160	1153200
6	1153200	1156360
6	1156360	1166920
6	1166920	1176600
6	1176600	1178600
6	1178600	1180520
6	1180520	1182520
6	1182520	1184520
6	1184520	1189480
7	1189480	1192360
7	1192360	1196560
7	1196560	1218600
7	1218600	1227040
7	1227040	1236160
7	1236160	1240280
7	1240280	1243160
7	1243160	1248280
7	1248280	1260640
7	1260640	1263040
7	1263040	1266280
7	1266280	1269680
7	1269680	1279000
7	1279000	1285320
7	1285320	1291560
7	1291560	1298200
8	1298200	1304280
8	1304280	1313840
8	1313840	1318640
8	1318640	1321400
8	1321400	1330520
8	1330520	1335480
8	1335480	1338920
8	1338920	1344600
8	1344600	1347160
8	1347160	1351240
8	1351240	1359600
8	1359600	1370440
8	1370440	1373280
8	1373280	1378760
8	1378760	1382360
8	1382360	1385040
8	1385040	1386920
8	1386920	1389280
8	1389280	1391880
8	1391880	1400200
8	1400200	1406200
8	1406200	1412320
8	1412320	1418400
8	1418400	1420840
8	1420840	1424320
8	1424320	1428640
8	1428640	1430680
8	1430680	1434000
8	1434000	1439120
8	1439120	1441680
8	1441680	1467400
8	1467400	1472920
8	1472920	1475000
8	1475000	1477840
8	1477840	1481000
8	1481000	1485440
8	1485440	1488520
8	1488520	1490920
8	1490920	1494840
9	1494840	1514600
9	1514600	1529760
9	1529760	1537680
10	1537680	1550000
10	1550000	1557120
10	1557120	1569560
10	1569560	1601520
10	1601520	1626600
10	1626600	1636600
10	1636600	1645880
11	1645880	1652280
11	1652280	1658120
11	1658120	1660360
11	1660360	1662840
11	1662840	1665280
11	1665280	1667200
11	1667200	1672560
11	1672560	1678160
11	1678160	1691880
11	1691880	1703120
11	1703120	1712200
11	1712200	1720200
11	1720200	1726840
11	1726840	1738960
11	1738960	1743520
11	1743520	1751040
11	1751040	1753760
11	1753760	1757720
11	1757720	1768720
11	1768720	1774520
11	1774520	1779520
11	1779520	1799960
12	1799960	1809400
12	1809400	1826200
12	1826200	1829560
12	1829560	1834600
12	1834600	1839120
12	1839120	1841000
12	1841000	1844760
12	1844760	1848880
12	1848880	1854040
12	1854040	1858280
12	1858280	1860360
12	1860360	1860600
12	1860600	1860680
12	1860680	1861680
12	1861680	1861880
12	1861880	1862400
12	1862400	1863400
12	1863400	1863600
12	1863600	1864920
12	1864920	1865200
12	1865200	1875160
12	1875160	1880480
12	1880480	1893280
12	1893280	1899000
12	1899000	1902840
12	1902840	1905600
12	1905600	1912520
12	1912520	1919040
12	1919040	1932960
12	1932960	1944080
12	1944080	1950480
12	1950480	1954920
12	1954920	1960080
12	1960080	1962760
12	1962760	1969240
12	1969240	1971120
12	1971120	1975640
12	1975640	1977920
12	1977920	1980000
12	1980000	1981640
12	1981640	1983520
12	1983520	1984800
12	1984800	1986760
12	1986760	1987480
12	1987480	1990120
12	1990120	1992200
12	1992200	1993760
12	1993760	1995320
12	1995320	1999000
12	1999000	2000680
12	2000680	2002040
12	2002040	2004280
12	2004280	2005520
12	2005520	2008560
12	2008560	2010160
12	2010160	2012000
12	2012000	2014560
12	2014560	2020040
13	2020040	2034080
13	2034080	2053680
13	2053680	2061640
13	2061640	2105480
14	2105480	2113320
14	2113320	2128960
14	2128960	2141000
15	2141000	2151600
15	2151600	2167520
15	2167520	2179640
15	2179640	2183160
15	2183160	2187520
15	2187520	2189920
15	2189920	2194440
16	2194440	2230200
16	2230200	2241160
17	2241160	2254400
17	2254400	2293040
17	2293040	2299560
17	2299560	2304160
17	2304160	2320920
17	2320920	2323200
17	2323200	2331920
17	2331920	2335280
17	2335280	2343440
17	2343440	2345880
17	2345880	2359040
17	2359040	2361000
17	2361000	2366920
17	2366920	2376880
17	2376880	2385480
18	2385480	2389800
18	2389800	2393120
18	2393120	2417320
18	2417320	2421880
18	2421880	2430240
18	2430240	2434200
18	2434200	2437640
18	2437640	2451120
18	2451120	2453080
18	2453080	2456480
18	2456480	2469280
18	2469280	2472520
18	2472520	2476480
18	2476480	2481560
18	2481560	2484400
19	2484400	2498960
19	2498960	2516960
19	2516960	2519920
19	2519920	2536160
19	2536160	2539720
19	2539720	2544560
19	2544560	2554240
19	2554240	2560480
19	2560480	2571360
19	2571360	2582400
19	2582400	2585440
19	2585440	2589640
19	2589640	2592280
19	2592280	2598480
19	2598480	2602920
19	2602920	2607760
19	2607760	2610520
19	2610520	2638800
19	2638800	2643280
19	2643280	2657200
19	2657200	2670280
19	2670280	2675400
20	2675400	2711800
20	2711800	2713720
20	2713720	2718720
20	2718720	2721480
