shot	start	end
0	0	8840
0	8840	10240
0	10240	11680
0	11680	15720
0	15720	17160
0	17160	18560
0	18560	20040
0	20040	20880
0	20880	21760
0	21760	23000
0	23000	25960
0	25960	27240
0	27240	28280
0	28280	29040
0	29040	30000
0	30000	31440
0	31440	34680
0	34680	36320
0	36320	38080
0	38080	40280
0	40280	41960
0	41960	44920
0	44920	45960
0	45960	47400
0	47400	48280
0	48280	51000
0	51000	53120
0	53120	54040
0	54040	56640
0	56640	58680
0	58680	66000
0	66000	68400
0	68400	69560
0	69560	70600
0	70600	71840
0	71840	79720
0	79720	80040
0	80040	80360
0	80360	80800
0	80800	81680
0	81680	85160
0	85160	86320
0	86320	87720
0	87720	89560
0	89560	92720
0	92720	96200
0	96200	97680
0	97680	100880
0	100880	105880
0	105880	109680
0	109680	115920
0	115920	118920
0	118920	125120
0	125120	127840
0	127840	130560
0	130560	137320
1	137320	140400
1	140400	156760
2	156760	160040
2	160040	162080
2	162080	172200
2	172200	186400
2	186400	187360
2	187360	188120
2	188120	189600
2	189600	192320
2	192320	195280
2	195280	211680
2	211680	215160
3	215160	218200
3	218200	220240
3	220240	224600
3	224600	228240
3	228240	230720
3	230720	235200
3	235200	237800
4	237800	244520
4	244520	261040
4	261040	266560
4	266560	274440
4	274440	277160
4	277160	286720
4	286720	291120
4	291120	295520
4	295520	311040
4	311040	317080
4	317080	324000
4	324000	337000
4	337000	342320
4	342320	346720
4	346720	359920
4	359920	366640
4	366640	381560
4	381560	389800
4	389800	410880
4	410880	418960
4	418960	429480
4	429480	432640
4	432640	435240
4	435240	438520
4	438520	442800
4	442800	444800
4	444800	447040
4	447040	448320
4	448320	449760
4	449760	456160
4	456160	457800
4	457800	463240
4	463240	465320
4	465320	469800
5	469800	483880
5	483880	490560
5	490560	495320
5	495320	506200
5	506200	512080
5	512080	516720
6	516720	520520
6	520520	523240
6	523240	531640
6	531640	537720
6	537720	556800
6	556800	562560
6	562560	566680
6	566680	568520
6	568520	573720
6	573720	581880
6	581880	595760
6	595760	598480
6	598480	603200
6	603200	605640
6	605640	611200
6	611200	618240
6	618240	624680
6	624680	631360
6	631360	669920
6	669920	678000
6	678000	683360
6	683360	687040
6	687040	690360
6	690360	695440
6	695440	698160
6	698160	703560
6	703560	706520
6	706520	708720
6	708720	711280
6	711280	713640
6	713640	720520
6	720520	729600
6	729600	733760
6	733760	737080
6	737080	746720
6	746720	750200
6	750200	754440
6	754440	762040
6	762040	769600
6	769600	773840
6	773840	777600
6	777600	784440
6	784440	787280
6	787280	793160
6	793160	796680
6	796680	801760
6	801760	807160
6	807160	812200
6	812200	815280
6	815280	824400
6	824400	827360
6	827360	830840
6	830840	834600
6	834600	838600
6	838600	850120
6	850120	853560
6	853560	870720
7	870720	875240
7	875240	877400
7	877400	880240
7	880240	883400
7	883400	887000
7	887000	887600
7	887600	888480
7	888480	891040
7	891040	892480
7	892480	897600
7	897600	902040
7	902040	903600
7	903600	908040
7	908040	913720
7	913720	920040
7	920040	923200
7	923200	926800
7	926800	928920
7	928920	932760
7	932760	935640
7	935640	937160
7	937160	941440
7	941440	945600
7	945600	954560
7	954560	956800
7	956800	959640
7	959640	961120
7	961120	965480
7	965480	967240
7	967240	969520
8	969520	979280
8	979280	1001360
8	1001360	1006320
8	1006320	1008640
8	1008640	1014360
8	1014360	1017360
8	1017360	1022600
8	1022600	1025160
8	1025160	1027720
8	1027720	1029760
8	1029760	1036880
8	1036880	1047080
8	1047080	1053880
8	1053880	1055960
8	1055960	1068120
8	1068120	1073800
8	1073800	1077600
8	1077600	1092320
8	1092320	1097280
8	1097280	1102960
8	1102960	1106280
9	1106280	1109160
9	1109160	1113400
9	1113400	1118760
9	1118760	1121280
9	1121280	1137400
9	1137400	1145960
9	1145960	1151200
9	1151200	1155840
9	1155840	1168200
9	1168200	1174040
9	1174040	1176160
9	1176160	1189760
9	1189760	1193840
9	1193840	1200680
9	1200680	1213120
9	1213120	1221240
9	1221240	1224000
9	1224000	1226560
10	1226560	1233040
10	1233040	1256280
10	1256280	1259000
10	1259000	1264280
10	1264280	1268680
10	1268680	1271080
10	1271080	1277080
10	1277080	1290720
10	1290720	1295480
10	1295480	1302640
10	1302640	1305720
10	1305720	1308720
10	1308720	1314760
10	1314760	1322680
10	1322680	1346000
10	1346000	1349680
10	1349680	1370720
10	1370720	1374720
10	1374720	1385960
10	1385960	1390440
10	1390440	1412200
10	1412200	1418760
10	1418760	1428840
10	1428840	1434640
10	1434640	1450480
10	1450480	1465560
10	1465560	1474120
10	1474120	1492360
10	1492360	1499080
10	1499080	1518680
10	1518680	1526960
10	1526960	1542760
10	1542760	1548880
10	1548880	1554400
10	1554400	1559680
10	1559680	1566880
10	1566880	1569480
10	1569480	1577520
10	1577520	1580160
10	1580160	1587760
10	1587760	1593000
10	1593000	1598040
11	1598040	1607840
11	1607840	1614280
11	1614280	1619000
11	1619000	1622520
11	1622520	1623960
11	1623960	1629960
11	1629960	1633440
11	1633440	1638240
11	1638240	1639400
11	1639400	1640440
11	1640440	1641880
11	1641880	1648920
11	1648920	1656600
11	1656600	1659480
11	1659480	1670800
12	1670800	1677040
12	1677040	1689720
12	1689720	1695160
12	1695160	1702080
12	1702080	1710080
12	1710080	1719040
12	1719040	1722480
12	1722480	1730080
12	1730080	1736240
12	1736240	1737360
12	1737360	1741840
12	1741840	1749080
12	1749080	1754200
12	1754200	1757880
12	1757880	1763400
12	1763400	1767600
12	1767600	1784520
12	1784520	1790760
12	1790760	1793240
12	1793240	1795720
12	1795720	1798960
12	1798960	1803560
12	1803560	1806040
12	1806040	1810200
12	1810200	1812600
12	1812600	1816200
12	1816200	1818000
12	1818000	1819120
12	1819120	1822160
12	1822160	1824800
12	1824800	1830720
12	1830720	1834600
12	1834600	1836360
12	1836360	1837800
12	1837800	1839520
12	1839520	1850480
12	1850480	1860440
12	1860440	1862320
12	1862320	1865800
12	1865800	1870440
12	1870440	1872600
12	1872600	1876880
12	1876880	1881680
12	1881680	1883160
12	1883160	1884040
12	1884040	1888560
12	1888560	1895640
12	1895640	1899080
12	1899080	1901440
12	1901440	1906160
12	1906160	1908600
12	1908600	1911320
12	1911320	1914080
12	1914080	1918560
12	1918560	1921520
12	1921520	1924520
12	1924520	1940000
12	1940000	1943400
12	1943400	1947960
12	1947960	1951160
12	1951160	1953240
12	1953240	1954920
12	1954920	1957560
12	1957560	1961160
12	1961160	1963320
12	1963320	1968840
12	1968840	1970840
12	1970840	1972520
12	1972520	1985240
12	1985240	1990520
12	1990520	1996920
12	1996920	2001960
13	2001960	2005200
13	2005200	2010880
13	2010880	2038440
13	2038440	2042960
13	2042960	2048760
13	2048760	2051080
13	2051080	2053240
13	2053240	2056160
13	2056160	2062360
14	2062360	2072680
14	2072680	2082960
14	2082960	2090760
14	2090760	2094720
14	2094720	2101760
14	2101760	2104960
14	2104960	2108680
14	2108680	2111640
14	2111640	2118280
14	2118280	2124000
14	2124000	2131520
14	2131520	2136440
14	2136440	2138880
14	2138880	2144320
14	2144320	2145400
14	2145400	2150600
14	2150600	2155280
14	2155280	2159520
14	2159520	2165600
14	2165600	2167840
14	2167840	2170840
14	2170840	2173400
14	2173400	2181960
14	2181960	2187400
14	2187400	2196840
14	2196840	2205280
14	2205280	2206960
15	2206960	2216920
16	2216920	2260680
16	2260680	2264120
16	2264120	2270800
16	2270800	2274560
16	2274560	2277560
17	2277560	2278000
17	2278000	2279240
17	2279240	2279600
17	2279600	2282240
17	2282240	2284280
17	2284280	2284760
17	2284760	2285480
17	2285480	2286960
17	2286960	2291120
17	2291120	2291400
17	2291400	2292040
17	2292040	2293840
17	2293840	2297320
17	2297320	2303160
17	2303160	2303760
17	2303760	2305720
17	2305720	2306320
17	2306320	2306440
17	2306440	2307680
17	2307680	2308440
17	2308440	2311600
17	2311600	2319640
18	2319640	2326640
18	2326640	2331680
19	2331680	2336840
19	2336840	2338320
19	2338320	2340920
19	2340920	2345280
19	2345280	2346400
19	2346400	2350360
19	2350360	2354040
19	2354040	2359520
19	2359520	2365400
19	2365400	2369400
19	2369400	2373400
19	2373400	2376080
19	2376080	2377160
19	2377160	2385040
19	2385040	2395120
19	2395120	2404640
19	2404640	2421800
19	2421800	2429240
19	2429240	2437040
19	2437040	2440360
19	2440360	2471600
19	2471600	2482960
19	2482960	2499360
19	2499360	2503280
19	2503280	2506600
20	2506600	2511960
20	2511960	2514720
20	2514720	2517720
20	2517720	2522560
20	2522560	2525040
20	2525040	2532920
20	2532920	2540840
20	2540840	2546040
20	2546040	2551920
20	2551920	2559240
20	2559240	2564120
20	2564120	2567720
20	2567720	2570600
20	2570600	2573200
20	2573200	2578280
20	2578280	2581160
20	2581160	2585040
20	2585040	2585680
20	2585680	2588120
20	2588120	2589680
20	2589680	2590800
20	2590800	2593320
20	2593320	2598600
20	2598600	2603960
20	2603960	2606800
20	2606800	2608040
20	2608040	2609720
20	2609720	2625040
20	2625040	2628920
20	2628920	2631600
20	2631600	2631720
20	2631720	2631840
20	2631840	2632440
20	2632440	2633880
20	2633880	2636280
20	2636280	2637600
20	2637600	2640440
20	2640440	2642600
20	2642600	2645840
20	2645840	2646720
20	2646720	2647280
20	2647280	2647960
20	2647960	2648560
20	2648560	2652920
20	2652920	2655800
20	2655800	2657720
20	2657720	2659520
20	2659520	2661400
20	2661400	2662560
20	2662560	2663800
20	2663800	2665720
20	2665720	2667160
20	2667160	2670680
20	2670680	2675080
21	2675080	2711440
21	2711440	2713360
21	2713360	2718000
21	2718000	2718480
