shot	start	end
0	0	22920
0	22920	30640
0	30640	32560
0	32560	49280
0	49280	55400
0	55400	60680
0	60680	65360
0	65360	70120
1	70120	75040
1	75040	78320
1	78320	80400
1	80400	84480
1	84480	103000
1	103000	106760
1	106760	116040
1	116040	121680
1	121680	124040
1	124040	129240
1	129240	138520
1	138520	149920
1	149920	152240
1	152240	160480
1	160480	162560
1	162560	164360
1	164360	174320
1	174320	177680
1	177680	189920
1	189920	197680
1	197680	200800
1	200800	202280
1	202280	208320
2	208320	211400
2	211400	237440
3	237440	244400
3	244400	255160
3	255160	261120
3	261120	263840
3	263840	265600
3	265600	267160
3	267160	270920
3	270920	273560
3	273560	276880
3	276880	278720
3	278720	281640
3	281640	287640
3	287640	289080
3	289080	292880
3	292880	296840
3	296840	298840
3	298840	302000
3	302000	304880
3	304880	308360
3	308360	314600
3	314600	323480
3	323480	327080
3	327080	335280
4	335280	339360
4	339360	340760
4	340760	341200
4	341200	341400
4	341400	341840
4	341840	342280
4	342280	342520
4	342520	342760
4	342760	343640
4	343640	344960
4	344960	345840
4	345840	349480
4	349480	365840
4	365840	373680
4	373680	385400
4	385400	392480
4	392480	396120
5	396120	410240
5	410240	419760
5	419760	423880
5	423880	427680
5	427680	430840
5	430840	433520
5	433520	434880
5	434880	440320
5	440320	446280
5	446280	449760
5	449760	460600
5	460600	465640
5	465640	470760
5	470760	474080
5	474080	477360
5	477360	508760
5	508760	513080
5	513080	519680
5	519680	523360
5	523360	531040
5	531040	534640
5	534640	537000
5	537000	542520
5	542520	546040
5	546040	550520
5	550520	554040
5	554040	560360
5	560360	566640
5	566640	570040
5	570040	573680
5	573680	576000
5	576000	584440
5	584440	592120
5	592120	601240
5	601240	603760
5	603760	607320
5	607320	612800
5	612800	614880
5	614880	617880
5	617880	621920
5	621920	626560
6	626560	633040
6	633040	647960
6	647960	653240
6	653240	661720
6	661720	666920
6	666920	670080
6	670080	676680
6	676680	685040
6	685040	691680
6	691680	694200
6	694200	697200
6	697200	702840
6	702840	705600
6	705600	708160
6	708160	715160
6	715160	719000
6	719000	721640
6	721640	726240
6	726240	737400
6	737400	748160
6	748160	755960
6	755960	760760
6	760760	764840
6	764840	767320
6	767320	782000
6	782000	786760
6	786760	791600
6	791600	795840
6	795840	806760
6	806760	810520
6	810520	811400
6	811400	815640
6	815640	823760
6	823760	833640
6	833640	835920
6	835920	839560
7	839560	868840
7	868840	872080
7	872080	878120
7	878120	880840
7	880840	892240
7	892240	894120
7	894120	895880
7	895880	897960
7	897960	900640
7	900640	902160
7	902160	906280
7	906280	910920
7	910920	919440
7	919440	923560
7	923560	932200
7	932200	939520
7	939520	941160
7	941160	943480
7	943480	948360
7	948360	952800
7	952800	960200
7	960200	965160
7	965160	971080
7	971080	973920
7	973920	976040
7	976040	981000
7	981000	984800
7	984800	987120
7	987120	991040
7	991040	993760
7	993760	1000440
7	1000440	1002400
7	1002400	1003960
7	1003960	1005920
7	1005920	1010040
7	1010040	1014280
7	1014280	1017440
7	1017440	1020360
7	1020360	1021920
7	1021920	1025160
7	1025160	1033640
7	1033640	1038040
7	1038040	1045240
7	1045240	1051800
7	1051800	1064280
7	1064280	1068120
7	1068120	1070560
7	1070560	1073520
7	1073520	1074960
7	1074960	1078640
7	1078640	1081040
8	1081040	1085320
8	1085320	1098320
8	1098320	1106040
8	1106040	1118200
8	1118200	1129200
8	1129200	1169400
8	1169400	1179720
8	1179720	1209080
8	1209080	1215120
8	1215120	1219680
8	1219680	1223240
8	1223240	1226320
8	1226320	1228360
8	1228360	1234120
8	1234120	1235800
8	1235800	1238160
8	1238160	1239560
8	1239560	1243440
8	1243440	1245440
8	1245440	1250800
8	1250800	1257440
8	1257440	1268440
8	1268440	1278640
8	1278640	1280120
8	1280120	1283520
8	1283520	1286680
8	1286680	1288320
8	1288320	1290400
8	1290400	1293120
8	1293120	1295560
8	1295560	1305720
8	1305720	1311080
8	1311080	1318600
9	1318600	1342280
9	1342280	1356200
9	1356200	1361600
9	1361600	1366920
9	1366920	1369960
9	1369960	1376960
9	1376960	1377440
9	1377440	1377520
9	1377520	1385200
9	1385200	1392480
9	1392480	1408560
9	1408560	1421840
9	1421840	1427840
9	1427840	1432560
9	1432560	1434440
9	1434440	1436920
9	1436920	1448160
10	1448160	1475760
10	1475760	1480320
10	1480320	1487960
10	1487960	1491480
10	1491480	1493400
10	1493400	1496920
10	1496920	1499800
10	1499800	1504240
10	1504240	1506960
10	1506960	1509280
10	1509280	1511400
10	1511400	1514360
10	1514360	1523160
10	1523160	1526360
10	1526360	1529560
11	1529560	1534200
11	1534200	1536560
11	1536560	1541360
11	1541360	1544960
11	1544960	1548520
11	1548520	1550920
11	1550920	1553080
11	1553080	1556800
11	1556800	1558600
11	1558600	1562840
11	1562840	1564600
11	1564600	1566680
11	1566680	1569120
11	1569120	1571040
11	1571040	1577840
11	1577840	1581400
11	1581400	1585960
11	1585960	1589200
11	1589200	1591320
11	1591320	1592920
11	1592920	1595440
11	1595440	1599920
12	1599920	1611440
12	1611440	1615400
12	1615400	1620480
12	1620480	1622400
12	1622400	1625360
12	1625360	1631080
12	1631080	1635840
12	1635840	1645200
12	1645200	1651760
12	1651760	1654400
12	1654400	1657240
12	1657240	1661200
12	1661200	1672680
12	1672680	1682840
12	1682840	1686600
12	1686600	1690960
12	1690960	1695640
12	1695640	1699680
12	1699680	1703600
13	1703600	1740840
13	1740840	1750600
13	1750600	1762600
13	1762600	1767440
13	1767440	1773880
13	1773880	1776080
13	1776080	1779280
13	1779280	1781920
13	1781920	1786520
13	1786520	1789280
13	1789280	1791840
13	1791840	1796080
13	1796080	1803360
13	1803360	1807440
13	1807440	1811040
13	1811040	1817760
13	1817760	1824280
13	1824280	1827640
13	1827640	1850400
13	1850400	1869160
13	1869160	1889960
13	1889960	1909680
13	1909680	1927000
13	1927000	1935720
13	1935720	1990960
13	1990960	1996040
13	1996040	2003880
14	2003880	2011480
14	2011480	2017560
14	2017560	2023760
14	2023760	2038200
14	2038200	2043160
14	2043160	2055800
14	2055800	2059560
14	2059560	2068600
14	2068600	2074000
14	2074000	2078680
14	2078680	2083520
14	2083520	2090720
14	2090720	2093200
14	2093200	2095080
14	2095080	2096840
14	2096840	2101400
14	2101400	2108040
14	2108040	2111520
14	2111520	2118960
14	2118960	2121200
15	2121200	2124520
15	2124520	2132560
15	2132560	2135320
15	2135320	2141400
15	2141400	2145640
15	2145640	2151720
15	2151720	2159640
15	2159640	2165680
15	2165680	2170320
15	2170320	2175640
15	2175640	2179120
15	2179120	2181480
15	2181480	2184800
15	2184800	2191760
15	2191760	2194160
15	2194160	2196560
15	2196560	2198320
15	2198320	2201960
15	2201960	2208600
15	2208600	2216440
15	2216440	2219880
15	2219880	2229600
16	2229600	2234520
16	2234520	2238280
16	2238280	2249560
16	2249560	2252880
16	2252880	2255440
16	2255440	2257760
16	2257760	2264920
16	2264920	2267880
16	2267880	2270840
16	2270840	2273600
16	2273600	2278240
16	2278240	2281800
16	2281800	2284760
16	2284760	2295840
16	2295840	2299480
16	2299480	2304120
17	2304120	2309400
17	2309400	2312920
17	2312920	2319360
17	2319360	2324080
17	2324080	2328200
17	2328200	2332560
17	2332560	2349520
17	2349520	2353880
17	2353880	2361080
17	2361080	2364760
17	2364760	2369880
17	2369880	2374000
17	2374000	2375600
17	2375600	2377680
17	2377680	2379600
17	2379600	2386120
17	2386120	2388000
17	2388000	2395720
17	2395720	2400600
17	2400600	2402000
17	2402000	2405920
17	2405920	2411040
17	2411040	2414400
17	2414400	2425080
17	2425080	2434520
17	2434520	2439880
17	2439880	2444640
17	2444640	2448120
17	2448120	2453560
17	2453560	2458400
17	2458400	2474480
17	2474480	2483240
17	2483240	2487160
17	2487160	2489080
17	2489080	2493680
17	2493680	2499480
17	2499480	2506720
17	2506720	2521000
17	2521000	2529960
17	2529960	2534680
17	2534680	2538040
18	2538040	2576160
18	2576160	2580720
18	2580720	2584560
18	2584560	2591760
18	2591760	2594440
18	2594440	2602240
18	2602240	2606160
18	2606160	2620760
18	2620760	2633120
18	2633120	2635720
18	2635720	2641280
18	2641280	2647040
18	2647040	2649040
18	2649040	2652600
18	2652600	2654520
18	2654520	2657600
18	2657600	2711600
19	2711600	2713520
19	2713520	2718520
19	2718520	2721480
