shot	start	end
0	0	6440
0	6440	9400
0	9400	13440
0	13440	19120
0	19120	27320
0	27320	31160
0	31160	36040
0	36040	43080
0	43080	45840
0	45840	52280
0	52280	66160
0	66160	69280
0	69280	73280
0	73280	78080
0	78080	80480
0	80480	86240
0	86240	89400
0	89400	91040
0	91040	97480
0	97480	101200
0	101200	104080
0	104080	108840
0	108840	110800
0	110800	113720
0	113720	116400
0	116400	119720
0	119720	124520
0	124520	137480
0	137480	142960
0	142960	145400
0	145400	150320
0	150320	155360
0	155360	157240
0	157240	158640
0	158640	161120
0	161120	166200
0	166200	168560
0	168560	173040
0	173040	181160
0	181160	182600
0	182600	184080
0	184080	186400
0	186400	190200
0	190200	192760
0	192760	198200
0	198200	206560
1	206560	209640
1	209640	226600
2	226600	234800
2	234800	238960
2	238960	245400
2	245400	249280
2	249280	252240
2	252240	256160
2	256160	269960
2	269960	276800
3	276800	282360
3	282360	286920
3	286920	294520
3	294520	298520
3	298520	301280
3	301280	307280
3	307280	316160
3	316160	320400
3	320400	323800
3	323800	333840
3	333840	336080
4	336080	339640
4	339640	351880
4	351880	354840
4	354840	367320
4	367320	369200
4	369200	376600
4	376600	380040
4	380040	385840
4	385840	387080
4	387080	389280
4	389280	392920
4	392920	394160
4	394160	396960
4	396960	401200
4	401200	403720
4	403720	407280
4	407280	409760
4	409760	412480
4	412480	414320
4	414320	417440
4	417440	418760
4	418760	421280
4	421280	422120
4	422120	424640
4	424640	427760
4	427760	430120
4	430120	432720
4	432720	435640
4	435640	437760
4	437760	439920
4	439920	441320
4	441320	444000
4	444000	445320
4	445320	448160
4	448160	449560
4	449560	451280
4	451280	452920
4	452920	456000
4	456000	457360
4	457360	459480
4	459480	461720
4	461720	462200
4	462200	464760
4	464760	467400
4	467400	469720
4	469720	471480
4	471480	473320
4	473320	479520
4	479520	485640
4	485640	489560
4	489560	491000
4	491000	493440
4	493440	495760
4	495760	496880
4	496880	498360
4	498360	506160
5	506160	514720
5	514720	517320
5	517320	527400
5	527400	531600
5	531600	534520
5	534520	538440
5	538440	551400
5	551400	556080
5	556080	558760
5	558760	563120
5	563120	569560
5	569560	570440
5	570440	571680
5	571680	575320
5	575320	577640
5	577640	580960
5	580960	583920
5	583920	587520
5	587520	589600
5	589600	595080
5	595080	597520
5	597520	601360
5	601360	605520
5	605520	612240
5	612240	615280
5	615280	616280
5	616280	619480
5	619480	621160
5	621160	622360
5	622360	623840
5	623840	625280
5	625280	627080
5	627080	629720
5	629720	631600
5	631600	636720
5	636720	638240
5	638240	645360
6	645360	651480
6	651480	653800
6	653800	656600
6	656600	664920
6	664920	667640
6	667640	670280
6	670280	675160
6	675160	677080
6	677080	692280
6	692280	703000
6	703000	705120
6	705120	717880
7	717880	722520
7	722520	727280
7	727280	734800
7	734800	744720
7	744720	748120
7	748120	756040
7	756040	758480
7	758480	762320
7	762320	765560
7	765560	769280
7	769280	771640
7	771640	776200
7	776200	788760
7	788760	791360
8	791360	795960
8	795960	799160
8	799160	808000
8	808000	815840
8	815840	821240
8	821240	825960
8	825960	828400
8	828400	837840
8	837840	848040
8	848040	852320
8	852320	856360
8	856360	858440
8	858440	861440
8	861440	864640
8	864640	868920
8	868920	871800
8	871800	876480
8	876480	881040
8	881040	883640
8	883640	885440
8	885440	887360
8	887360	892360
8	892360	895800
8	895800	897720
8	897720	902960
9	902960	920040
9	920040	924640
9	924640	929360
9	929360	948640
9	948640	953600
9	953600	962840
9	962840	966560
9	966560	971480
9	971480	975680
9	975680	994920
9	994920	1022440
9	1022440	1027000
10	1027000	1034960
10	1034960	1039520
10	1039520	1044080
10	1044080	1048800
10	1048800	1052000
10	1052000	1070640
10	1070640	1072720
10	1072720	1075920
10	1075920	1080960
10	1080960	1083960
10	1083960	1087360
10	1087360	1096520
10	1096520	1109640
10	1109640	1116880
10	1116880	1120040
10	1120040	1141800
10	1141800	1158360
10	1158360	1167640
10	1167640	1186560
10	1186560	1198120
10	1198120	1199960
10	1199960	1202560
10	1202560	1208640
10	1208640	1212320
10	1212320	1227040
10	1227040	1232040
10	1232040	1235440
10	1235440	1247440
10	1247440	1253680
10	1253680	1261920
10	1261920	1266440
10	1266440	1270440
10	1270440	1272840
10	1272840	1275240
10	1275240	1276920
10	1276920	1284880
10	1284880	1295560
11	1295560	1301040
11	1301040	1302800
11	1302800	1304040
11	1304040	1304360
11	1304360	1306240
11	1306240	1307200
11	1307200	1308200
11	1308200	1320960
11	1320960	1324280
11	1324280	1334440
11	1334440	1338560
11	1338560	1356640
11	1356640	1365360
11	1365360	1369600
11	1369600	1391080
11	1391080	1396240
11	1396240	1400080
11	1400080	1402760
11	1402760	1409560
11	1409560	1416720
11	1416720	1421880
11	1421880	1430600
11	1430600	1436000
11	1436000	1443720
11	1443720	1449920
11	1449920	1458480
12	1458480	1477760
12	1477760	1481440
12	1481440	1484720
12	1484720	1493280
12	1493280	1498560
12	1498560	1505000
12	1505000	1506080
12	1506080	1509000
12	1509000	1511520
12	1511520	1514040
12	1514040	1515280
12	1515280	1519280
12	1519280	1522880
12	1522880	1533360
12	1533360	1534960
12	1534960	1542480
12	1542480	1544600
12	1544600	1547280
13	1547280	1566880
13	1566880	1586040
13	1586040	1591720
13	1591720	1597720
13	1597720	1601000
13	1601000	1610720
13	1610720	1618400
13	1618400	1631640
13	1631640	1637200
13	1637200	1642560
13	1642560	1651720
13	1651720	1656480
14	1656480	1671600
14	1671600	1673320
14	1673320	1675240
14	1675240	1679360
14	1679360	1682480
14	1682480	1685240
14	1685240	1688640
14	1688640	1690440
14	1690440	1691840
14	1691840	1695960
14	1695960	1698360
14	1698360	1701920
14	1701920	1704120
15	1704120	1709000
15	1709000	1717400
15	1717400	1720680
15	1720680	1725040
15	1725040	1732760
15	1732760	1736880
15	1736880	1740200
15	1740200	1748640
15	1748640	1756400
15	1756400	1762200
15	1762200	1764440
15	1764440	1770920
15	1770920	1776880
15	1776880	1783520
15	1783520	1803480
15	1803480	1813280
15	1813280	1816280
15	1816280	1822720
15	1822720	1841960
16	1841960	1850200
16	1850200	1859640
16	1859640	1866760
16	1866760	1876480
16	1876480	1884400
16	1884400	1886400
16	1886400	1891280
16	1891280	1896440
16	1896440	1904440
16	1904440	1910720
16	1910720	1917000
16	1917000	1932400
17	1932400	1940080
17	1940080	1942000
17	1942000	1950560
17	1950560	1953920
17	1953920	1963120
17	1963120	1970280
17	1970280	1974280
17	1974280	1982440
17	1982440	1987640
17	1987640	1995000
17	1995000	1999920
17	1999920	2001640
17	2001640	2006440
17	2006440	2010720
17	2010720	2017480
17	2017480	2022160
17	2022160	2032000
17	2032000	2036320
17	2036320	2043840
17	2043840	2045800
17	2045800	2051040
17	2051040	2071200
17	2071200	2073320
17	2073320	2084680
17	2084680	2091560
17	2091560	2095920
17	2095920	2097760
17	2097760	2100360
17	2100360	2117280
17	2117280	2126800
18	2126800	2129480
18	2129480	2134160
18	2134160	2140880
18	2140880	2144000
18	2144000	2149720
18	2149720	2154120
18	2154120	2157120
18	2157120	2160600
18	2160600	2164560
18	2164560	2174240
18	2174240	2181920
18	2181920	2185520
18	2185520	2192760
19	2192760	2198040
19	2198040	2205240
19	2205240	2211280
19	2211280	2214720
19	2214720	2216360
19	2216360	2219320
19	2219320	2226600
19	2226600	2229160
19	2229160	2232400
19	2232400	2237480
19	2237480	2252880
19	2252880	2257720
19	2257720	2260280
19	2260280	2262920
19	2262920	2270120
19	2270120	2277680
19	2277680	2284240
19	2284240	2287240
19	2287240	2288400
19	2288400	2291720
19	2291720	2294520
19	2294520	2296320
19	2296320	2297880
19	2297880	2305440
19	2305440	2308120
19	2308120	2309440
19	2309440	2320440
20	2320440	2330200
20	2330200	2343400
20	2343400	2351720
20	2351720	2365000
20	2365000	2375360
20	2375360	2379600
20	2379600	2385360
20	2385360	2388520
20	2388520	2394280
21	2394280	2410760
21	2410760	2414600
21	2414600	2421400
21	2421400	2423480
21	2423480	2437440
21	2437440	2441160
21	2441160	2449160
21	2449160	2451880
21	2451880	2455440
21	2455440	2474760
21	2474760	2477840
21	2477840	2480880
21	2480880	2484040
21	2484040	2489640
21	2489640	2497920
21	2497920	2505160
21	2505160	2511040
21	2511040	2516400
21	2516400	2521000
21	2521000	2523400
21	2523400	2538680
21	2538680	2542760
21	2542760	2545480
21	2545480	2549440
21	2549440	2553040
21	2553040	2556000
21	2556000	2564800
21	2564800	2567200
21	2567200	2579040
22	2579040	2587320
22	2587320	2603120
22	2603120	2607280
22	2607280	2611960
22	2611960	2619560
22	2619560	2621920
22	2621920	2624640
22	2624640	2638560
22	2638560	2639840
22	2639840	2644560
22	2644560	2648440
22	2648440	2650720
22	2650720	2655600
22	2655600	2658640
22	2658640	2660200
22	2660200	2661960
22	2661960	2670440
22	2670440	2675280
23	2675280	2711720
23	2711720	2713640
23	2713640	2715560
23	2715560	2718640
23	2718640	2721480
