shot	start	end
0	0	14880
0	14880	18200
0	18200	23800
0	23800	34120
0	34120	41280
0	41280	43200
0	43200	51520
0	51520	56760
0	56760	63200
0	63200	65400
0	65400	68760
0	68760	73640
0	73640	81240
0	81240	86360
0	86360	89680
0	89680	95240
0	95240	97800
0	97800	100520
0	100520	104000
0	104000	109720
0	109720	115240
0	115240	117400
0	117400	135800
0	135800	148200
0	148200	155840
0	155840	160000
0	160000	163080
0	163080	172040
0	172040	174200
0	174200	176560
0	176560	179360
0	179360	186200
0	186200	188880
0	188880	192520
0	192520	196240
0	196240	209440
0	209440	226880
1	226880	229960
1	229960	244120
2	244120	247600
2	247600	284000
2	284000	284160
2	284160	286920
2	286920	289320
2	289320	291600
2	291600	299640
2	299640	304320
2	304320	306520
2	306520	314280
2	314280	320320
2	320320	328520
2	328520	330880
2	330880	334880
2	334880	338080
2	338080	344160
2	344160	345600
2	345600	348080
2	348080	356440
2	356440	371600
3	371600	376400
3	376400	386720
3	386720	389400
3	389400	392480
3	392480	401560
3	401560	404360
3	404360	418160
3	418160	419520
3	419520	421760
3	421760	424480
3	424480	442720
3	442720	452160
3	452160	458280
3	458280	480720
4	480720	489240
4	489240	494080
4	494080	509200
4	509200	513200
4	513200	516760
4	516760	527840
4	527840	546800
4	546800	552240
4	552240	557120
4	557120	565840
4	565840	575800
4	575800	583560
4	583560	585360
4	585360	587880
4	587880	591720
4	591720	599240
4	599240	601840
4	601840	605280
4	605280	612040
4	612040	626360
4	626360	628360
4	628360	632360
4	632360	635920
5	635920	642800
5	642800	651680
5	651680	665200
5	665200	676880
5	676880	688920
5	688920	692800
5	692800	702120
5	702120	711280
5	711280	714280
5	714280	719720
5	719720	725600
5	725600	729040
5	729040	731560
5	731560	735520
5	735520	737720
5	737720	739320
5	739320	745960
5	745960	751880
5	751880	758120
5	758120	763160
5	763160	765000
5	765000	767600
5	767600	771480
5	771480	774600
6	774600	782640
6	782640	788200
6	788200	792200
6	792200	800400
6	800400	805880
6	805880	811920
6	811920	818800
7	818800	823080
7	823080	830640
7	830640	849720
7	849720	865320
7	865320	870360
7	870360	872520
7	872520	888040
7	888040	899000
8	899000	902360
8	902360	909920
8	909920	919240
8	919240	928000
8	928000	934520
8	934520	944880
8	944880	947760
8	947760	960560
8	960560	966400
8	966400	971280
8	971280	974760
8	974760	979320
8	979320	982640
9	982640	990000
9	990000	998880
9	998880	1003880
9	1003880	1010200
9	1010200	1015120
9	1015120	1019600
9	1019600	1022320
9	1022320	1025000
9	1025000	1028920
9	1028920	1032640
9	1032640	1035400
9	1035400	1052200
9	1052200	1057000
9	1057000	1059920
9	1059920	1065160
9	1065160	1067000
9	1067000	1069120
9	1069120	1075440
9	1075440	1083280
9	1083280	1090240
9	1090240	1098280
9	1098280	1103440
9	1103440	1108520
9	1108520	1112800
9	1112800	1122440
9	1122440	1125960
9	1125960	1127480
9	1127480	1131760
9	1131760	1137920
9	1137920	1146120
9	1146120	1148200
9	1148200	1150600
9	1150600	1153640
9	1153640	1157640
9	1157640	1159360
9	1159360	1161480
9	1161480	1165040
9	1165040	1166920
9	1166920	1168640
9	1168640	1193560
9	1193560	1196880
9	1196880	1207080
9	1207080	1211000
9	1211000	1212920
9	1212920	1219280
9	1219280	1221760
9	1221760	1230360
9	1230360	1233360
9	1233360	1242880
9	1242880	1245800
9	1245800	1248360
9	1248360	1250280
9	1250280	1252160
9	1252160	1257560
9	1257560	1262360
9	1262360	1265760
9	1265760	1273480
9	1273480	1276800
9	1276800	1279000
9	1279000	1287520
9	1287520	1289280
9	1289280	1291680
9	1291680	1294840
9	1294840	1297880
9	1297880	1299720
9	1299720	1311240
10	1311240	1316600
10	1316600	1325200
10	1325200	1328040
10	1328040	1331360
10	1331360	1334640
10	1334640	1344200
10	1344200	1346240
10	1346240	1348080
10	1348080	1351440
10	1351440	1358800
10	1358800	1360960
10	1360960	1363480
10	1363480	1366000
10	1366000	1373200
10	1373200	1376320
10	1376320	1379720
10	1379720	1381400
10	1381400	1388880
10	1388880	1390200
10	1390200	1391720
10	1391720	1394520
10	1394520	1396160
10	1396160	1398080
10	1398080	1400160
10	1400160	1406240
10	1406240	1412360
10	1412360	1414680
10	1414680	1417520
10	1417520	1420160
10	1420160	1422040
10	1422040	1424920
10	1424920	1427680
10	1427680	1430040
10	1430040	1432520
10	1432520	1442640
10	1442640	1450120
11	1450120	1456160
11	1456160	1468680
11	1468680	1472240
11	1472240	1476280
11	1476280	1481000
11	1481000	1487160
11	1487160	1491280
11	1491280	1497200
11	1497200	1505360
11	1505360	1514240
11	1514240	1523160
11	1523160	1528200
11	1528200	1531560
11	1531560	1536360
11	1536360	1544680
11	1544680	1567560
11	1567560	1571160
11	1571160	1572360
11	1572360	1575960
11	1575960	1582920
11	1582920	1590560
11	1590560	1596200
12	1596200	1602000
12	1602000	1618640
12	1618640	1621800
12	1621800	1623560
12	1623560	1628400
12	1628400	1633320
12	1633320	1638360
12	1638360	1641760
12	1641760	1648920
12	1648920	1652800
12	1652800	1656240
12	1656240	1662040
12	1662040	1672720
12	1672720	1678200
12	1678200	1683160
12	1683160	1684960
12	1684960	1689000
12	1689000	1693480
12	1693480	1699360
12	1699360	1704640
12	1704640	1707040
12	1707040	1709000
12	1709000	1722640
12	1722640	1727800
12	1727800	1738400
12	1738400	1748200
12	1748200	1752040
12	1752040	1754040
12	1754040	1760480
12	1760480	1765680
12	1765680	1777880
12	1777880	1781880
12	1781880	1786280
12	1786280	1790360
12	1790360	1794480
12	1794480	1807160
12	1807160	1814920
13	1814920	1817800
13	1817800	1822480
13	1822480	1823560
13	1823560	1828320
13	1828320	1830480
13	1830480	1835800
13	1835800	1840640
13	1840640	1845960
13	1845960	1853440
13	1853440	1859720
13	1859720	1867680
13	1867680	1878720
13	1878720	1898400
13	1898400	1912480
13	1912480	1917640
13	1917640	1921840
13	1921840	1923960
13	1923960	1933960
13	1933960	1939360
13	1939360	1957400
13	1957400	1963120
13	1963120	1974240
13	1974240	1980840
13	1980840	1983320
13	1983320	1998240
13	1998240	2002800
13	2002800	2013160
13	2013160	2018760
13	2018760	2023040
13	2023040	2025800
13	2025800	2033680
13	2033680	2037320
13	2037320	2039320
13	2039320	2041480
13	2041480	2044720
13	2044720	2057280
13	2057280	2060680
13	2060680	2063240
13	2063240	2071240
14	2071240	2096560
14	2096560	2107160
15	2107160	2181000
15	2181000	2184400
15	2184400	2188880
15	2188880	2191000
15	2191000	2200040
15	2200040	2208360
15	2208360	2209480
15	2209480	2216440
15	2216440	2219160
15	2219160	2229240
15	2229240	2235600
15	2235600	2239560
15	2239560	2247080
15	2247080	2248520
15	2248520	2253800
15	2253800	2256680
16	2256680	2260680
16	2260680	2267640
16	2267640	2280520
16	2280520	2288640
16	2288640	2296960
16	2296960	2311480
16	2311480	2314720
16	2314720	2317840
16	2317840	2320920
16	2320920	2328280
16	2328280	2339680
16	2339680	2344920
16	2344920	2354320
16	2354320	2358120
16	2358120	2362600
16	2362600	2366000
16	2366000	2370040
16	2370040	2374320
16	2374320	2388200
16	2388200	2392960
16	2392960	2410360
16	2410360	2427760
16	2427760	2435480
17	2435480	2440840
17	2440840	2447000
17	2447000	2451880
17	2451880	2467320
17	2467320	2469240
17	2469240	2476440
17	2476440	2478000
17	2478000	2485400
17	2485400	2491520
17	2491520	2491760
17	2491760	2494400
17	2494400	2496000
17	2496000	2501640
17	2501640	2513640
17	2513640	2518320
17	2518320	2519960
17	2519960	2521800
17	2521800	2525200
17	2525200	2527440
17	2527440	2529240
17	2529240	2534560
17	2534560	2539640
17	2539640	2547360
17	2547360	2548920
17	2548920	2550560
17	2550560	2554800
17	2554800	2565600
17	2565600	2568600
17	2568600	2577240
17	2577240	2581160
17	2581160	2584760
17	2584760	2588440
17	2588440	2603160
17	2603160	2604960
17	2604960	2606040
17	2606040	2608040
17	2608040	2609600
17	2609600	2613880
17	2613880	2617320
17	2617320	2620000
17	2620000	2626160
17	2626160	2635080
17	2635080	2636560
17	2636560	2638360
17	2638360	2711560
18	2711560	2713400
18	2713400	2718400
18	2718400	2721480
