shot	start	end
0	0	8840
0	8840	12600
0	12600	22960
0	22960	29160
0	29160	31600
0	31600	34640
0	34640	37120
0	37120	49640
0	49640	59960
0	59960	72280
0	72280	80080
0	80080	90320
0	90320	97920
0	97920	100400
0	100400	109600
0	109600	117720
0	117720	129080
0	129080	133360
0	133360	136440
0	136440	143720
0	143720	145480
0	145480	148480
0	148480	153880
0	153880	155920
0	155920	158520
0	158520	161760
0	161760	164240
0	164240	166800
0	166800	168320
0	168320	174040
0	174040	177960
0	177960	186880
0	186880	188160
0	188160	190640
0	190640	193720
0	193720	200040
0	200040	203440
0	203440	206680
0	206680	209520
0	209520	214760
0	214760	217360
0	217360	219280
0	219280	221040
0	221040	223160
0	223160	225880
0	225880	227680
0	227680	229440
0	229440	231000
0	231000	235040
0	235040	236760
0	236760	239920
0	239920	243960
0	243960	251480
1	251480	254560
1	254560	281000
2	281000	292880
2	292880	301040
2	301040	311360
2	311360	314680
2	314680	321440
2	321440	337120
2	337120	341240
2	341240	346160
2	346160	351120
2	351120	357880
2	357880	362520
2	362520	365600
2	365600	373400
2	373400	378440
2	378440	381560
2	381560	385280
2	385280	388280
2	388280	390160
2	390160	395720
2	395720	400400
2	400400	402680
2	402680	409840
2	409840	415440
2	415440	417520
2	417520	422640
3	422640	425320
3	425320	428320
3	428320	431480
3	431480	432640
3	432640	436200
3	436200	443120
3	443120	445920
3	445920	452800
3	452800	457040
3	457040	458760
3	458760	460720
4	460720	466440
4	466440	470080
4	470080	473600
4	473600	480200
4	480200	482440
4	482440	485360
4	485360	487000
4	487000	488680
4	488680	489960
4	489960	495200
4	495200	501960
4	501960	504200
4	504200	506520
4	506520	511040
4	511040	513840
4	513840	517040
4	517040	519000
4	519000	521960
4	521960	527960
4	527960	529080
4	529080	530160
4	530160	531360
4	531360	536040
4	536040	537200
4	537200	543760
4	543760	545760
4	545760	549120
4	549120	552920
4	552920	558000
4	558000	564520
4	564520	569480
4	569480	579640
4	579640	583440
4	583440	589040
4	589040	593520
4	593520	595320
4	595320	597040
4	597040	606560
4	606560	614080
4	614080	618800
4	618800	620680
4	620680	624760
4	624760	634160
4	634160	636080
4	636080	637080
4	637080	638400
4	638400	639920
4	639920	645400
4	645400	653400
4	653400	660880
4	660880	678680
4	678680	686640
4	686640	692040
5	692040	697840
5	697840	700600
5	700600	701160
5	701160	702280
5	702280	703800
5	703800	706440
5	706440	708360
5	708360	711680
5	711680	713040
5	713040	714840
5	714840	715880
5	715880	717320
5	717320	718120
5	718120	720080
5	720080	721240
5	721240	721760
5	721760	722160
5	722160	723480
5	723480	724800
5	724800	727320
5	727320	740680
6	740680	746120
6	746120	758440
6	758440	766520
6	766520	770520
6	770520	776680
6	776680	783360
6	783360	789720
6	789720	798880
6	798880	808320
7	808320	816280
7	816280	826160
7	826160	828720
7	828720	832880
7	832880	835400
7	835400	837360
7	837360	841560
7	841560	843560
7	843560	845920
7	845920	853080
7	853080	855280
7	855280	863000
8	863000	874560
8	874560	892720
8	892720	899880
8	899880	902440
8	902440	905480
8	905480	911520
8	911520	913120
8	913120	921000
8	921000	936200
8	936200	938600
8	938600	941920
8	941920	944280
8	944280	946400
8	946400	951080
8	951080	955080
8	955080	960920
8	960920	963080
8	963080	968760
8	968760	973960
8	973960	981520
8	981520	991280
8	991280	993640
8	993640	998960
8	998960	1019200
8	1019200	1023920
8	1023920	1039600
8	1039600	1046960
8	1046960	1061200
8	1061200	1068040
8	1068040	1072800
8	1072800	1082480
9	1082480	1083480
9	1083480	1087000
9	1087000	1089120
9	1089120	1091080
9	1091080	1091880
9	1091880	1092840
9	1092840	1094720
9	1094720	1100920
9	1100920	1102320
9	1102320	1106960
9	1106960	1118640
9	1118640	1120120
9	1120120	1122000
9	1122000	1123640
9	1123640	1124720
9	1124720	1126400
9	1126400	1128800
9	1128800	1130440
9	1130440	1153200
9	1153200	1160160
9	1160160	1167160
9	1167160	1174200
9	1174200	1189400
9	1189400	1203800
9	1203800	1207640
9	1207640	1211760
9	1211760	1215440
9	1215440	1218880
9	1218880	1221720
9	1221720	1231040
9	1231040	1235360
9	1235360	1239480
9	1239480	1245800
9	1245800	1250840
9	1250840	1255440
9	1255440	1265240
9	1265240	1270480
9	1270480	1275680
9	1275680	1282000
9	1282000	1290720
9	1290720	1297120
9	1297120	1299720
9	1299720	1304640
9	1304640	1310280
9	1310280	1322920
9	1322920	1328600
9	1328600	1334760
9	1334760	1338720
9	1338720	1344240
9	1344240	1346280
9	1346280	1353240
9	1353240	1355800
9	1355800	1359760
10	1359760	1362960
10	1362960	1371760
10	1371760	1383040
10	1383040	1400600
10	1400600	1407560
10	1407560	1410400
10	1410400	1428160
10	1428160	1434560
10	1434560	1442840
10	1442840	1456640
10	1456640	1461360
10	1461360	1463240
10	1463240	1477120
10	1477120	1482920
10	1482920	1485160
10	1485160	1491760
10	1491760	1495120
10	1495120	1499280
10	1499280	1502800
10	1502800	1507560
10	1507560	1509880
10	1509880	1521960
10	1521960	1525000
10	1525000	1541680
10	1541680	1546280
11	1546280	1560920
11	1560920	1563000
11	1563000	1565280
11	1565280	1568480
11	1568480	1570800
11	1570800	1572160
11	1572160	1577320
11	1577320	1592200
11	1592200	1594920
11	1594920	1596240
11	1596240	1601280
11	1601280	1604760
11	1604760	1611440
11	1611440	1613320
11	1613320	1617400
11	1617400	1620560
11	1620560	1623680
11	1623680	1626600
11	1626600	1629480
11	1629480	1631600
11	1631600	1633320
11	1633320	1636520
11	1636520	1642400
11	1642400	1643840
11	1643840	1645360
11	1645360	1646480
11	1646480	1649160
11	1649160	1651920
11	1651920	1653800
11	1653800	1655600
11	1655600	1657320
11	1657320	1658400
11	1658400	1660600
12	1660600	1668880
12	1668880	1677160
12	1677160	1684520
12	1684520	1688200
12	1688200	1691360
12	1691360	1698480
12	1698480	1700760
12	1700760	1705320
12	1705320	1708840
12	1708840	1710560
12	1710560	1713040
12	1713040	1717600
12	1717600	1720040
12	1720040	1724800
12	1724800	1729000
12	1729000	1730560
12	1730560	1731520
12	1731520	1732880
12	1732880	1741560
12	1741560	1754640
13	1754640	1762000
13	1762000	1763920
13	1763920	1765480
13	1765480	1766560
13	1766560	1770920
13	1770920	1776720
14	1776720	1779000
14	1779000	1793880
14	1793880	1795640
14	1795640	1800720
14	1800720	1805400
14	1805400	1816160
14	1816160	1820480
14	1820480	1824840
14	1824840	1830520
14	1830520	1839000
15	1839000	1844440
15	1844440	1849400
15	1849400	1880600
15	1880600	1882440
15	1882440	1883880
15	1883880	1884880
15	1884880	1886120
15	1886120	1898720
15	1898720	1901640
15	1901640	1911760
15	1911760	1914440
15	1914440	1915880
15	1915880	1917320
15	1917320	1918200
15	1918200	1921840
15	1921840	1923280
15	1923280	1930440
15	1930440	1932800
15	1932800	1935480
15	1935480	1939200
15	1939200	1948800
15	1948800	1958400
15	1958400	1963080
15	1963080	1969280
15	1969280	1973480
15	1973480	1978600
15	1978600	1985320
15	1985320	1994880
15	1994880	1997000
15	1997000	2002720
15	2002720	2006720
15	2006720	2008640
15	2008640	2010600
15	2010600	2014680
15	2014680	2017320
15	2017320	2020440
15	2020440	2024520
15	2024520	2027360
15	2027360	2032960
15	2032960	2043280
15	2043280	2047520
15	2047520	2055960
15	2055960	2057640
15	2057640	2061440
15	2061440	2062400
15	2062400	2064720
15	2064720	2067040
15	2067040	2068880
15	2068880	2070800
15	2070800	2071640
15	2071640	2076680
15	2076680	2079160
15	2079160	2080960
15	2080960	2085520
15	2085520	2088760
15	2088760	2092400
15	2092400	2094240
15	2094240	2098880
15	2098880	2102720
15	2102720	2105240
15	2105240	2107040
15	2107040	2111000
15	2111000	2114640
15	2114640	2115760
15	2115760	2117960
15	2117960	2121640
15	2121640	2124120
15	2124120	2127040
15	2127040	2130960
15	2130960	2132320
15	2132320	2142760
15	2142760	2144080
15	2144080	2145840
15	2145840	2148680
15	2148680	2151440
15	2151440	2163840
15	2163840	2175200
15	2175200	2177480
15	2177480	2182360
15	2182360	2186920
15	2186920	2197240
15	2197240	2199920
15	2199920	2206960
15	2206960	2213320
15	2213320	2219840
15	2219840	2222720
15	2222720	2227960
15	2227960	2231200
15	2231200	2235880
15	2235880	2248040
15	2248040	2251720
15	2251720	2256720
15	2256720	2263880
15	2263880	2274720
15	2274720	2283400
15	2283400	2286600
15	2286600	2289680
15	2289680	2292960
15	2292960	2296320
15	2296320	2302360
15	2302360	2303960
15	2303960	2307920
15	2307920	2310640
15	2310640	2323200
15	2323200	2332800
15	2332800	2335080
15	2335080	2339920
15	2339920	2353320
15	2353320	2370760
15	2370760	2371440
15	2371440	2373800
15	2373800	2374920
15	2374920	2377640
15	2377640	2382040
15	2382040	2384760
15	2384760	2387160
15	2387160	2413240
16	2413240	2414680
16	2414680	2415960
16	2415960	2417000
16	2417000	2417760
16	2417760	2418080
16	2418080	2418720
16	2418720	2419000
16	2419000	2420240
16	2420240	2421080
16	2421080	2421720
16	2421720	2422200
16	2422200	2422640
16	2422640	2423560
16	2423560	2424800
16	2424800	2425480
16	2425480	2426560
16	2426560	2427480
16	2427480	2429440
16	2429440	2430280
16	2430280	2431280
16	2431280	2432160
16	2432160	2435720
16	2435720	2444640
16	2444640	2448520
16	2448520	2455800
17	2455800	2462800
17	2462800	2464520
17	2464520	2467960
17	2467960	2469320
17	2469320	2472080
17	2472080	2473880
17	2473880	2475440
17	2475440	2480640
17	2480640	2482360
17	2482360	2490480
17	2490480	2497160
17	2497160	2506720
17	2506720	2516640
17	2516640	2525240
17	2525240	2535200
17	2535200	2538880
18	2538880	2577920
18	2577920	2582480
18	2582480	2593800
18	2593800	2597680
18	2597680	2602960
18	2602960	2606240
18	2606240	2611120
18	2611120	2620120
18	2620120	2629040
18	2629040	2639600
18	2639600	2643280
18	2643280	2646080
18	2646080	2648480
18	2648480	2651320
18	2651320	2656000
18	2656000	2659240
18	2659240	2665840
18	2665840	2668520
18	2668520	2675600
19	2675600	2712000
19	2712000	2713920
19	2713920	2718920
19	2718920	2722480
