shot	start	end
0	0	10080
0	10080	14280
0	14280	18040
0	18040	20440
0	20440	25800
0	25800	31400
0	31400	34720
0	34720	42160
1	42160	44160
1	44160	50200
1	50200	52560
1	52560	55600
1	55600	62400
1	62400	64960
1	64960	66560
1	66560	69280
1	69280	69400
1	69400	70240
1	70240	71240
1	71240	74920
1	74920	76160
1	76160	79040
1	79040	80520
1	80520	84040
1	84040	85040
1	85040	85840
1	85840	86640
1	86640	88280
1	88280	90280
1	90280	94160
1	94160	98480
1	98480	100800
1	100800	102880
1	102880	104680
1	104680	109520
1	109520	111160
1	111160	114080
1	114080	117760
1	117760	123320
1	123320	125120
1	125120	128400
1	128400	129560
1	129560	131200
1	131200	133360
1	133360	134560
1	134560	137200
1	137200	138720
1	138720	139520
1	139520	141680
1	141680	145000
1	145000	148480
1	148480	150240
1	150240	158440
1	158440	160840
1	160840	162080
1	162080	162320
1	162320	162920
1	162920	163960
1	163960	166680
1	166680	167320
1	167320	168320
1	168320	169400
1	169400	170640
1	170640	171600
1	171600	174120
1	174120	175800
1	175800	176480
1	176480	177160
2	177160	185560
2	185560	207680
2	207680	211280
2	211280	222000
2	222000	227040
2	227040	231760
2	231760	236440
2	236440	244440
2	244440	253040
2	253040	258000
2	258000	263000
2	263000	269560
3	269560	278680
3	278680	285160
3	285160	295240
3	295240	301080
3	301080	306360
3	306360	308840
3	308840	323280
3	323280	326200
3	326200	329040
3	329040	330680
3	330680	334080
3	334080	337320
3	337320	348000
4	348000	351080
4	351080	364400
5	364400	365280
5	365280	375680
5	375680	380000
5	380000	417440
5	417440	425800
5	425800	431320
6	431320	439760
6	439760	442040
6	442040	448360
6	448360	450400
6	450400	453080
6	453080	459800
6	459800	474880
6	474880	481120
6	481120	482680
6	482680	488680
6	488680	493120
6	493120	497760
6	497760	500800
6	500800	505960
6	505960	510320
6	510320	515440
6	515440	520200
6	520200	521200
6	521200	523080
6	523080	532800
6	532800	543480
6	543480	556880
7	556880	568480
7	568480	573920
7	573920	584280
7	584280	592120
7	592120	633120
7	633120	641040
7	641040	645800
7	645800	656320
7	656320	664200
7	664200	666080
7	666080	669080
7	669080	671080
7	671080	673280
7	673280	675000
7	675000	676840
7	676840	679600
7	679600	681280
7	681280	684680
7	684680	685560
7	685560	687480
8	687480	696560
8	696560	701280
8	701280	704600
8	704600	707600
8	707600	716840
8	716840	721560
8	721560	723800
8	723800	726960
8	726960	729800
8	729800	733560
8	733560	744560
9	744560	753720
9	753720	757520
9	757520	764480
9	764480	770160
9	770160	788400
9	788400	805320
9	805320	818000
9	818000	822360
9	822360	826600
9	826600	830360
9	830360	836600
9	836600	846080
9	846080	853200
9	853200	856560
9	856560	865200
9	865200	871120
9	871120	876280
9	876280	879360
9	879360	883200
9	883200	890440
9	890440	894160
9	894160	904520
9	904520	915440
10	915440	920440
10	920440	925240
10	925240	927440
10	927440	929360
10	929360	932360
10	932360	935800
10	935800	940160
10	940160	955480
10	955480	962120
10	962120	968520
10	968520	977200
10	977200	981200
10	981200	994480
10	994480	997120
10	997120	1006040
10	1006040	1008160
10	1008160	1014920
10	1014920	1029320
10	1029320	1034440
10	1034440	1036560
10	1036560	1040800
10	1040800	1044720
10	1044720	1048080
10	1048080	1050120
10	1050120	1053400
10	1053400	1056040
11	1056040	1062760
11	1062760	1076720
11	1076720	1085360
11	1085360	1090520
11	1090520	1093640
11	1093640	1096120
11	1096120	1098760
11	1098760	1104120
11	1104120	1116000
11	1116000	1127800
11	1127800	1129880
11	1129880	1133640
11	1133640	1135960
11	1135960	1139040
11	1139040	1159600
11	1159600	1166720
11	1166720	1176520
11	1176520	1184920
11	1184920	1191480
11	1191480	1199400
11	1199400	1204440
11	1204440	1217840
11	1217840	1220680
12	1220680	1235560
12	1235560	1249720
12	1249720	1263600
12	1263600	1274360
12	1274360	1280040
12	1280040	1309800
12	1309800	1313160
12	1313160	1315880
12	1315880	1325600
12	1325600	1326960
12	1326960	1327480
12	1327480	1335240
12	1335240	1338320
12	1338320	1341200
12	1341200	1353720
12	1353720	1359120
12	1359120	1435800
12	1435800	1437800
12	1437800	1440440
12	1440440	1446120
12	1446120	1448640
12	1448640	1454240
12	1454240	1478720
12	1478720	1481160
12	1481160	1493360
12	1493360	1495840
12	1495840	1499640
12	1499640	1506120
12	1506120	1510360
12	1510360	1513240
12	1513240	1524000
12	1524000	1531240
12	1531240	1539520
12	1539520	1548440
13	1548440	1555400
13	1555400	1575880
13	1575880	1578280
13	1578280	1586000
14	1586000	1596920
14	1596920	1617080
14	1617080	1620280
14	1620280	1621520
14	1621520	1624760
14	1624760	1626720
14	1626720	1628680
14	1628680	1643920
14	1643920	1647200
14	1647200	1649760
14	1649760	1653000
14	1653000	1657600
14	1657600	1661600
14	1661600	1667040
14	1667040	1670040
14	1670040	1673600
14	1673600	1687160
14	1687160	1707920
14	1707920	1710360
14	1710360	1713400
14	1713400	1729320
14	1729320	1739320
15	1739320	1740120
15	1740120	1740560
15	1740560	1744760
15	1744760	1763200
15	1763200	1765040
15	1765040	1768440
15	1768440	1771880
15	1771880	1774440
15	1774440	1776440
15	1776440	1778800
15	1778800	1780800
15	1780800	1783960
15	1783960	1786960
15	1786960	1791520
15	1791520	1795120
15	1795120	1799480
15	1799480	1801920
15	1801920	1808680
15	1808680	1825080
15	1825080	1828640
15	1828640	1831800
15	1831800	1833280
15	1833280	1846320
15	1846320	1849840
15	1849840	1853280
15	1853280	1856240
15	1856240	1862240
15	1862240	1865720
15	1865720	1869840
15	1869840	1881800
15	1881800	1885600
15	1885600	1890520
16	1890520	1899600
16	1899600	1903080
16	1903080	1906440
16	1906440	1908320
16	1908320	1915600
16	1915600	1923240
16	1923240	1936680
16	1936680	1941600
16	1941600	1952240
16	1952240	1960400
16	1960400	1963440
17	1963440	1967400
17	1967400	1983240
17	1983240	1986080
17	1986080	1994760
17	1994760	1998760
17	1998760	2016120
17	2016120	2019720
17	2019720	2039680
17	2039680	2044360
17	2044360	2050760
17	2050760	2057760
17	2057760	2077960
17	2077960	2084240
17	2084240	2099080
17	2099080	2101960
17	2101960	2111720
17	2111720	2115640
17	2115640	2122800
17	2122800	2125640
17	2125640	2129120
17	2129120	2132680
17	2132680	2140760
17	2140760	2148440
17	2148440	2153800
17	2153800	2158840
17	2158840	2160920
17	2160920	2163600
17	2163600	2168000
17	2168000	2175440
17	2175440	2179120
17	2179120	2187360
17	2187360	2191600
17	2191600	2194000
17	2194000	2196800
18	2196800	2213760
18	2213760	2226400
18	2226400	2229760
18	2229760	2236760
18	2236760	2238880
18	2238880	2249760
18	2249760	2255600
18	2255600	2257360
18	2257360	2259680
18	2259680	2265080
19	2265080	2272520
19	2272520	2276200
19	2276200	2284240
19	2284240	2287600
19	2287600	2291360
19	2291360	2300040
19	2300040	2302800
19	2302800	2309520
19	2309520	2311680
19	2311680	2317720
19	2317720	2324400
19	2324400	2332920
19	2332920	2338600
19	2338600	2343160
19	2343160	2345520
19	2345520	2347880
19	2347880	2353520
19	2353520	2356800
19	2356800	2360880
19	2360880	2365920
19	2365920	2368640
19	2368640	2370480
19	2370480	2372720
19	2372720	2374960
19	2374960	2377760
19	2377760	2383720
19	2383720	2386720
19	2386720	2388320
19	2388320	2393160
19	2393160	2398240
19	2398240	2405280
19	2405280	2407280
19	2407280	2416720
19	2416720	2420640
19	2420640	2424000
19	2424000	2428160
19	2428160	2431120
19	2431120	2437320
19	2437320	2440480
19	2440480	2443240
19	2443240	2446440
19	2446440	2457760
19	2457760	2461240
19	2461240	2467840
19	2467840	2469000
19	2469000	2470240
19	2470240	2473400
19	2473400	2475000
19	2475000	2491240
19	2491240	2497600
19	2497600	2504040
19	2504040	2510760
20	2510760	2513440
20	2513440	2516640
20	2516640	2517360
20	2517360	2517920
20	2517920	2518920
20	2518920	2523640
20	2523640	2525800
20	2525800	2535240
20	2535240	2545000
21	2545000	2548160
21	2548160	2549960
21	2549960	2559120
21	2559120	2561200
21	2561200	2563400
21	2563400	2569120
21	2569120	2579320
21	2579320	2581640
21	2581640	2583640
21	2583640	2586760
21	2586760	2597200
21	2597200	2606280
21	2606280	2610640
21	2610640	2620760
21	2620760	2631200
21	2631200	2633000
22	2633000	2635000
22	2635000	2637040
22	2637040	2640360
22	2640360	2645280
22	2645280	2646840
22	2646840	2648720
22	2648720	2650360
22	2650360	2653040
22	2653040	2663160
22	2663160	2666320
22	2666320	2669880
22	2669880	2676120
23	2676120	2712080
23	2712080	2714000
23	2714000	2719000
23	2719000	2722480
