shot	start	end
0	0	30440
0	30440	31880
0	31880	60160
0	60160	60840
0	60840	69240
0	69240	70640
0	70640	72240
0	72240	74800
0	74800	76760
0	76760	79360
0	79360	85640
0	85640	87400
0	87400	89240
0	89240	90080
0	90080	91840
0	91840	94800
0	94800	95880
0	95880	99840
0	99840	105320
0	105320	110080
0	110080	115160
0	115160	117400
0	117400	119320
0	119320	125440
0	125440	137800
1	137800	140880
1	140880	159520
2	159520	164080
2	164080	180920
2	180920	186520
2	186520	190320
2	190320	195840
2	195840	203960
2	203960	207960
2	207960	225680
2	225680	230960
2	230960	236400
2	236400	239120
2	239120	241960
2	241960	249720
2	249720	264160
2	264160	277240
2	277240	278840
2	278840	292920
3	292920	295560
3	295560	312040
3	312040	320320
3	320320	328840
3	328840	338560
3	338560	341760
3	341760	344640
3	344640	347480
3	347480	352960
3	352960	354880
3	354880	362800
3	362800	373320
3	373320	378320
3	378320	388360
3	388360	390640
3	390640	392440
3	392440	394600
3	394600	398080
3	398080	404920
3	404920	408800
3	408800	414600
3	414600	421440
3	421440	424400
3	424400	427840
3	427840	437880
3	437880	447680
3	447680	451080
3	451080	461960
3	461960	464840
3	464840	472120
3	472120	475960
3	475960	478200
3	478200	485800
3	485800	493600
3	493600	495840
3	495840	499080
3	499080	502600
3	502600	505400
3	505400	510640
4	510640	528840
4	528840	535880
4	535880	542000
4	542000	549080
4	549080	553080
4	553080	555640
4	555640	558640
4	558640	564600
4	564600	578400
4	578400	586880
4	586880	592080
5	592080	608880
5	608880	620120
5	620120	625320
5	625320	627240
5	627240	631000
5	631000	645040
5	645040	647840
5	647840	660320
6	660320	665000
6	665000	675320
6	675320	697280
6	697280	701920
6	701920	706880
6	706880	710560
6	710560	718400
6	718400	722280
6	722280	731840
6	731840	734080
6	734080	743080
6	743080	748040
6	748040	751200
6	751200	753080
6	753080	758960
6	758960	761600
6	761600	766480
6	766480	771280
6	771280	786120
6	786120	788480
6	788480	795920
6	795920	798080
6	798080	800960
6	800960	809280
7	809280	817400
7	817400	822560
7	822560	827440
7	827440	836960
7	836960	839480
7	839480	841800
7	841800	848200
7	848200	853680
7	853680	861800
7	861800	864920
7	864920	867760
7	867760	869760
7	869760	878080
7	878080	882960
7	882960	896120
7	896120	903600
7	903600	919360
7	919360	924360
7	924360	931720
7	931720	937600
7	937600	942040
8	942040	952280
8	952280	959680
8	959680	962760
8	962760	967320
8	967320	971080
8	971080	980520
8	980520	984560
8	984560	988920
8	988920	998840
8	998840	1009920
8	1009920	1017320
8	1017320	1024000
8	1024000	1025200
8	1025200	1027080
8	1027080	1029920
8	1029920	1043560
8	1043560	1048360
8	1048360	1052600
8	1052600	1056080
8	1056080	1070240
8	1070240	1074280
8	1074280	1081920
8	1081920	1085120
8	1085120	1092520
8	1092520	1094200
8	1094200	1096880
8	1096880	1099360
8	1099360	1109120
8	1109120	1115000
8	1115000	1118320
8	1118320	1121560
8	1121560	1123680
8	1123680	1128720
8	1128720	1132040
8	1132040	1138880
8	1138880	1144360
8	1144360	1151120
8	1151120	1158920
8	1158920	1162640
8	1162640	1164480
8	1164480	1169440
9	1169440	1175320
9	1175320	1188280
9	1188280	1194400
9	1194400	1201560
9	1201560	1210800
9	1210800	1230760
9	1230760	1250880
9	1250880	1254200
9	1254200	1263880
9	1263880	1268400
9	1268400	1300920
9	1300920	1309600
9	1309600	1331280
9	1331280	1336680
9	1336680	1352480
9	1352480	1364200
9	1364200	1386240
9	1386240	1391120
9	1391120	1411880
9	1411880	1417040
9	1417040	1432320
9	1432320	1438560
10	1438560	1444760
10	1444760	1447960
10	1447960	1451000
10	1451000	1455800
10	1455800	1458000
10	1458000	1461000
10	1461000	1463440
10	1463440	1465960
10	1465960	1467720
10	1467720	1470840
10	1470840	1472360
10	1472360	1473760
10	1473760	1476080
10	1476080	1477160
10	1477160	1477400
10	1477400	1481760
10	1481760	1485080
10	1485080	1489400
10	1489400	1491960
10	1491960	1494200
10	1494200	1497400
10	1497400	1503680
10	1503680	1513200
10	1513200	1519000
10	1519000	1523680
10	1523680	1530760
11	1530760	1535440
11	1535440	1552600
11	1552600	1554880
11	1554880	1557440
11	1557440	1559920
11	1559920	1564960
11	1564960	1574080
11	1574080	1586720
11	1586720	1595640
11	1595640	1601120
11	1601120	1625320
11	1625320	1628680
11	1628680	1631920
11	1631920	1680360
11	1680360	1713160
11	1713160	1724760
11	1724760	1741400
11	1741400	1744840
11	1744840	1747840
11	1747840	1753200
11	1753200	1758200
11	1758200	1763560
11	1763560	1773160
11	1773160	1779560
11	1779560	1793520
11	1793520	1796640
11	1796640	1799800
12	1799800	1815240
12	1815240	1818960
12	1818960	1828080
12	1828080	1831160
12	1831160	1835840
12	1835840	1841080
12	1841080	1843640
12	1843640	1852760
12	1852760	1855520
12	1855520	1862360
12	1862360	1866800
12	1866800	1877520
12	1877520	1889440
12	1889440	1893360
12	1893360	1895680
12	1895680	1901440
12	1901440	1906640
12	1906640	1915560
12	1915560	1919280
12	1919280	1923400
12	1923400	1928920
12	1928920	1934880
12	1934880	1952400
12	1952400	1958680
12	1958680	1962240
12	1962240	1967480
12	1967480	1981960
12	1981960	1987480
12	1987480	1991760
12	1991760	1998480
13	1998480	2014600
13	2014600	2019040
13	2019040	2031080
13	2031080	2035320
13	2035320	2039640
13	2039640	2045120
13	2045120	2049200
13	2049200	2050800
13	2050800	2051760
13	2051760	2053360
13	2053360	2054600
13	2054600	2058120
13	2058120	2060120
13	2060120	2065160
13	2065160	2083840
14	2083840	2087080
14	2087080	2089360
14	2089360	2091440
14	2091440	2093080
14	2093080	2095280
14	2095280	2096600
14	2096600	2102200
14	2102200	2107960
14	2107960	2117400
14	2117400	2122120
14	2122120	2123640
14	2123640	2125560
14	2125560	2129920
15	2129920	2150480
15	2150480	2157080
15	2157080	2160960
15	2160960	2174120
15	2174120	2180000
15	2180000	2192040
15	2192040	2193960
15	2193960	2197840
15	2197840	2203000
15	2203000	2205520
15	2205520	2207800
15	2207800	2212160
15	2212160	2215000
15	2215000	2218920
15	2218920	2220600
15	2220600	2222760
15	2222760	2225240
15	2225240	2228000
15	2228000	2232520
16	2232520	2239080
16	2239080	2244480
17	2244480	2261680
17	2261680	2273440
17	2273440	2284040
17	2284040	2296400
17	2296400	2299240
17	2299240	2302400
17	2302400	2311920
17	2311920	2314800
17	2314800	2324360
17	2324360	2337280
17	2337280	2345920
17	2345920	2350480
17	2350480	2356400
17	2356400	2367880
17	2367880	2373640
17	2373640	2382040
17	2382040	2391880
17	2391880	2399960
17	2399960	2416160
17	2416160	2428400
17	2428400	2442040
17	2442040	2471080
17	2471080	2475480
17	2475480	2478360
17	2478360	2482480
17	2482480	2493120
17	2493120	2495760
17	2495760	2502760
17	2502760	2505880
17	2505880	2552800
17	2552800	2559360
17	2559360	2563160
17	2563160	2566200
17	2566200	2576320
17	2576320	2590080
17	2590080	2592120
17	2592120	2594280
17	2594280	2600000
17	2600000	2611240
17	2611240	2617360
17	2617360	2629400
17	2629400	2637640
17	2637640	2642880
17	2642880	2646800
17	2646800	2650680
17	2650680	2659360
17	2659360	2674680
18	2674680	2711120
18	2711120	2713040
18	2713040	2718040
18	2718040	2721480
