shot	start	end
0	0	11760
0	11760	19120
0	19120	25720
0	25720	33160
0	33160	38000
0	38000	44800
0	44800	47920
0	47920	53160
0	53160	55200
0	55200	60800
0	60800	65440
0	65440	68760
0	68760	80360
0	80360	81080
0	81080	81880
0	81880	82640
0	82640	82800
0	82800	89240
0	89240	98200
0	98200	100000
0	100000	108560
0	108560	110880
0	110880	112480
0	112480	115320
0	115320	119800
0	119800	134880
0	134880	137000
0	137000	145080
0	145080	152160
0	152160	170040
0	170040	175000
0	175000	184000
0	184000	191600
0	191600	193840
0	193840	198160
0	198160	206360
0	206360	209240
0	209240	210520
0	210520	214680
0	214680	217640
0	217640	220920
0	220920	226400
0	226400	229240
0	229240	230960
0	230960	231800
0	231800	232640
0	232640	234000
0	234000	235480
0	235480	245240
1	245240	248320
1	248320	279000
2	279000	289720
2	289720	310320
2	310320	312880
2	312880	314800
2	314800	320280
2	320280	328600
2	328600	333160
2	333160	336480
2	336480	350600
3	350600	351120
3	351120	356760
3	356760	365240
3	365240	388560
3	388560	403120
3	403120	420320
3	420320	425800
3	425800	429720
3	429720	439720
3	439720	442360
3	442360	445200
3	445200	451160
3	451160	455320
3	455320	462720
3	462720	471520
3	471520	476760
3	476760	479320
3	479320	482640
3	482640	490200
3	490200	492840
3	492840	499200
3	499200	506960
3	506960	522440
4	522440	545400
4	545400	567320
4	567320	575200
4	575200	579640
5	579640	585520
5	585520	629840
6	629840	636320
6	636320	641600
6	641600	646480
7	646480	660760
7	660760	667320
7	667320	669840
7	669840	671880
7	671880	680840
7	680840	684520
7	684520	692960
7	692960	697480
7	697480	699720
7	699720	702280
7	702280	705240
7	705240	717320
7	717320	723040
7	723040	728320
7	728320	730720
7	730720	741240
7	741240	745040
7	745040	755920
7	755920	759320
7	759320	770200
7	770200	773520
7	773520	775360
7	775360	780320
7	780320	782920
7	782920	789360
7	789360	799040
7	799040	808240
7	808240	811040
7	811040	815320
8	815320	826960
8	826960	832520
9	832520	852760
9	852760	859320
9	859320	869520
9	869520	875040
10	875040	880040
10	880040	899120
10	899120	901280
10	901280	905640
10	905640	907520
10	907520	911280
10	911280	918320
11	918320	922440
11	922440	924480
11	924480	934680
11	934680	938360
11	938360	942600
11	942600	946680
11	946680	961240
11	961240	968760
11	968760	971960
11	971960	974080
11	974080	975720
11	975720	984360
11	984360	988720
11	988720	994480
11	994480	997040
11	997040	1023760
11	1023760	1038040
11	1038040	1049560
11	1049560	1054160
12	1054160	1069520
12	1069520	1071680
12	1071680	1076120
12	1076120	1084280
12	1084280	1087440
12	1087440	1091320
12	1091320	1094360
12	1094360	1104640
12	1104640	1109240
12	1109240	1110760
12	1110760	1115920
12	1115920	1121320
13	1121320	1125280
13	1125280	1128480
13	1128480	1132480
13	1132480	1136680
13	1136680	1139360
13	1139360	1152920
13	1152920	1157600
13	1157600	1163360
13	1163360	1165040
13	1165040	1167720
13	1167720	1173640
13	1173640	1176080
13	1176080	1181920
13	1181920	1183920
13	1183920	1185680
13	1185680	1189680
13	1189680	1196400
13	1196400	1200760
13	1200760	1202840
14	1202840	1214640
14	1214640	1247080
14	1247080	1253480
14	1253480	1265000
14	1265000	1269040
15	1269040	1280920
15	1280920	1283480
15	1283480	1288200
15	1288200	1292880
15	1292880	1294960
15	1294960	1298480
15	1298480	1303840
15	1303840	1308920
15	1308920	1313040
15	1313040	1323840
15	1323840	1325680
15	1325680	1328720
15	1328720	1330640
15	1330640	1339200
15	1339200	1343040
15	1343040	1353600
15	1353600	1358960
15	1358960	1361000
15	1361000	1362280
15	1362280	1365880
15	1365880	1369520
15	1369520	1371360
15	1371360	1376840
15	1376840	1378920
15	1378920	1381720
15	1381720	1382640
15	1382640	1384320
15	1384320	1386760
15	1386760	1387520
15	1387520	1388680
15	1388680	1389600
15	1389600	1390320
15	1390320	1392240
15	1392240	1397000
16	1397000	1402560
16	1402560	1417040
16	1417040	1426880
16	1426880	1430120
16	1430120	1435160
16	1435160	1446680
16	1446680	1450920
16	1450920	1472080
16	1472080	1475600
16	1475600	1487160
16	1487160	1492000
16	1492000	1493960
16	1493960	1498080
16	1498080	1512200
16	1512200	1514880
16	1514880	1519560
16	1519560	1541320
16	1541320	1551600
16	1551600	1554720
16	1554720	1570960
16	1570960	1576720
16	1576720	1593640
17	1593640	1610360
17	1610360	1622640
17	1622640	1635200
18	1635200	1652520
18	1652520	1659400
18	1659400	1674000
18	1674000	1683320
18	1683320	1710240
18	1710240	1718280
18	1718280	1730640
18	1730640	1733200
18	1733200	1749040
18	1749040	1758840
19	1758840	1762520
19	1762520	1763480
19	1763480	1764640
19	1764640	1765760
20	1765760	1770800
20	1770800	1777800
20	1777800	1782360
20	1782360	1787680
20	1787680	1792160
20	1792160	1795560
20	1795560	1797520
20	1797520	1811320
20	1811320	1814160
20	1814160	1823040
20	1823040	1829040
20	1829040	1831960
20	1831960	1835640
20	1835640	1839520
20	1839520	1844240
20	1844240	1847560
20	1847560	1853560
20	1853560	1857320
20	1857320	1860480
20	1860480	1865800
20	1865800	1868920
20	1868920	1871640
20	1871640	1877120
20	1877120	1879760
20	1879760	1883360
20	1883360	1891920
20	1891920	1893840
20	1893840	1903360
20	1903360	1905720
20	1905720	1914520
20	1914520	1916960
20	1916960	1928960
20	1928960	1932400
21	1932400	1937560
21	1937560	1950920
21	1950920	1956120
21	1956120	1971240
21	1971240	1975640
21	1975640	1981960
21	1981960	1986280
21	1986280	1988800
21	1988800	1993000
21	1993000	1995600
21	1995600	2000480
21	2000480	2003800
21	2003800	2007160
21	2007160	2013840
21	2013840	2025360
21	2025360	2032360
21	2032360	2042520
21	2042520	2051520
21	2051520	2066400
22	2066400	2077120
22	2077120	2092040
22	2092040	2103720
22	2103720	2107040
22	2107040	2113680
22	2113680	2121400
22	2121400	2144640
22	2144640	2148120
22	2148120	2166640
23	2166640	2174000
23	2174000	2178040
23	2178040	2181160
23	2181160	2191840
23	2191840	2195560
23	2195560	2203240
23	2203240	2212040
23	2212040	2216360
24	2216360	2226760
24	2226760	2236200
24	2236200	2241560
24	2241560	2259760
24	2259760	2272680
24	2272680	2275960
24	2275960	2278320
24	2278320	2280520
24	2280520	2282440
24	2282440	2286320
24	2286320	2291440
24	2291440	2297920
24	2297920	2301920
24	2301920	2306960
24	2306960	2311440
24	2311440	2315760
24	2315760	2319920
24	2319920	2324640
24	2324640	2326400
24	2326400	2329320
24	2329320	2335200
24	2335200	2339080
24	2339080	2340800
24	2340800	2357360
24	2357360	2361800
24	2361800	2377160
24	2377160	2384320
24	2384320	2392160
24	2392160	2396680
24	2396680	2411840
24	2411840	2419040
24	2419040	2428040
24	2428040	2433280
24	2433280	2436320
24	2436320	2440360
24	2440360	2443480
24	2443480	2455560
24	2455560	2461640
24	2461640	2465680
24	2465680	2475080
24	2475080	2480000
24	2480000	2482240
24	2482240	2497600
24	2497600	2504040
24	2504040	2510120
24	2510120	2511840
24	2511840	2518520
24	2518520	2520400
24	2520400	2524360
24	2524360	2529080
24	2529080	2538680
24	2538680	2549480
24	2549480	2555680
24	2555680	2560760
24	2560760	2567360
24	2567360	2570480
24	2570480	2578280
24	2578280	2581640
24	2581640	2584800
24	2584800	2588040
24	2588040	2592640
24	2592640	2595600
24	2595600	2600440
24	2600440	2603880
24	2603880	2605120
24	2605120	2606800
24	2606800	2610520
24	2610520	2612760
24	2612760	2616320
24	2616320	2619760
24	2619760	2621520
24	2621520	2630400
24	2630400	2640720
24	2640720	2644800
24	2644800	2647720
24	2647720	2652480
24	2652480	2655120
24	2655120	2656760
24	2656760	2663680
24	2663680	2674440
25	2674440	2710480
25	2710480	2712400
25	2712400	2717400
25	2717400	2719480
