shot	start	end
0	0	1280
0	1280	1360
0	1360	3680
0	3680	6720
0	6720	9320
0	9320	10920
0	10920	19520
0	19520	20800
0	20800	22640
0	22640	24120
0	24120	32760
0	32760	34640
0	34640	36640
0	36640	38640
0	38640	39360
0	39360	39600
0	39600	39920
0	39920	41560
0	41560	48720
0	48720	62440
0	62440	70400
0	70400	76800
0	76800	84880
0	84880	90200
0	90200	95520
0	95520	110160
1	110160	120680
1	120680	124560
1	124560	128680
2	128680	131560
2	131560	154560
2	154560	162520
2	162520	173080
2	173080	175840
2	175840	180080
2	180080	183360
2	183360	187240
2	187240	189000
2	189000	191280
2	191280	194280
2	194280	198880
2	198880	203920
2	203920	205000
2	205000	207880
2	207880	217560
3	217560	222400
3	222400	225800
3	225800	226880
3	226880	231400
3	231400	233560
3	233560	237080
3	237080	242600
3	242600	243120
3	243120	243200
3	243200	243520
3	243520	243640
3	243640	245520
3	245520	246560
3	246560	246640
3	246640	247720
3	247720	247800
3	247800	248360
3	248360	249880
3	249880	250680
3	250680	250760
3	250760	253120
3	253120	253200
3	253200	255160
3	255160	256240
3	256240	262320
3	262320	266280
3	266280	268440
3	268440	268520
3	268520	269120
3	269120	269200
3	269200	270880
3	270880	270960
3	270960	271360
3	271360	271880
3	271880	271960
3	271960	272360
3	272360	272560
3	272560	273280
3	273280	274400
3	274400	274560
3	274560	274640
3	274640	274720
3	274720	275680
3	275680	278840
3	278840	282920
3	282920	284720
3	284720	284800
3	284800	286280
3	286280	286360
3	286360	288200
3	288200	288680
3	288680	289400
3	289400	290160
3	290160	291320
3	291320	293840
3	293840	294920
3	294920	296040
3	296040	296640
3	296640	297960
3	297960	298880
3	298880	301320
3	301320	302840
3	302840	303400
3	303400	303720
3	303720	306440
3	306440	312320
3	312320	314120
3	314120	315760
3	315760	317080
3	317080	318600
3	318600	323200
3	323200	328080
3	328080	328320
3	328320	329040
3	329040	329560
3	329560	331440
3	331440	331520
3	331520	331840
3	331840	332480
3	332480	333480
3	333480	335240
3	335240	335520
3	335520	335920
3	335920	336000
3	336000	336800
3	336800	337800
3	337800	338080
3	338080	340680
3	340680	342520
3	342520	344960
3	344960	345920
3	345920	347200
3	347200	347520
3	347520	349720
3	349720	350040
3	350040	356200
3	356200	356840
3	356840	356960
3	356960	357120
3	357120	357200
3	357200	357520
3	357520	358600
3	358600	360440
3	360440	361640
3	361640	362080
3	362080	362760
3	362760	363880
3	363880	364320
3	364320	364560
3	364560	365160
3	365160	365240
3	365240	367400
3	367400	367480
3	367480	369080
3	369080	370800
3	370800	371000
3	371000	372120
3	372120	372200
3	372200	372360
3	372360	374160
3	374160	375680
3	375680	376440
3	376440	377760
3	377760	378200
3	378200	378440
3	378440	378520
3	378520	379000
3	379000	379520
3	379520	379600
3	379600	379880
3	379880	380080
3	380080	380200
3	380200	380360
3	380360	380440
3	380440	380520
3	380520	380600
3	380600	381840
3	381840	381920
3	381920	383160
3	383160	383240
3	383240	384680
3	384680	388520
3	388520	398720
4	398720	409960
4	409960	419800
4	419800	423640
4	423640	432440
4	432440	432840
4	432840	433400
4	433400	433480
4	433480	434080
4	434080	434160
4	434160	434280
4	434280	434520
4	434520	434600
4	434600	437240
4	437240	438440
4	438440	449240
4	449240	480160
4	480160	483960
4	483960	494720
4	494720	497600
4	497600	499680
4	499680	501800
4	501800	504280
4	504280	511120
4	511120	515640
4	515640	519000
4	519000	524520
4	524520	530560
5	530560	568280
5	568280	574440
5	574440	581640
5	581640	584640
5	584640	585880
5	585880	588640
5	588640	590280
5	590280	592080
5	592080	595040
5	595040	600320
5	600320	602160
5	602160	609720
5	609720	614640
5	614640	617600
5	617600	622880
5	622880	629600
5	629600	633360
5	633360	637160
5	637160	642600
5	642600	644440
5	644440	651280
5	651280	656400
5	656400	659360
5	659360	660920
5	660920	662400
5	662400	666680
5	666680	669760
5	669760	672120
5	672120	674040
5	674040	683040
5	683040	686120
5	686120	689360
5	689360	698520
5	698520	702080
5	702080	713680
5	713680	715160
5	715160	717680
5	717680	719480
5	719480	720960
5	720960	724840
5	724840	729560
5	729560	731400
5	731400	733440
5	733440	737120
5	737120	739400
5	739400	742040
5	742040	743800
5	743800	746440
5	746440	749600
5	749600	753280
6	753280	756280
6	756280	762560
6	762560	766560
6	766560	768400
6	768400	772760
6	772760	777720
6	777720	782720
6	782720	786080
6	786080	789320
6	789320	791000
6	791000	795480
6	795480	801400
6	801400	804520
6	804520	806040
6	806040	812320
6	812320	817520
6	817520	823720
6	823720	828880
6	828880	833040
6	833040	835000
6	835000	838120
6	838120	847240
7	847240	855680
7	855680	859080
7	859080	861440
7	861440	876240
7	876240	882360
7	882360	887600
7	887600	890560
7	890560	893520
7	893520	906920
7	906920	911640
7	911640	921080
7	921080	930600
7	930600	942000
8	942000	952120
8	952120	956600
8	956600	959520
8	959520	967520
8	967520	970600
8	970600	975360
8	975360	980600
8	980600	984120
8	984120	988760
8	988760	992520
8	992520	994320
8	994320	997080
8	997080	999480
8	999480	1001560
8	1001560	1010960
8	1010960	1014640
8	1014640	1017080
8	1017080	1019960
8	1019960	1022200
8	1022200	1026800
8	1026800	1029480
8	1029480	1033960
8	1033960	1037520
8	1037520	1040480
8	1040480	1042840
8	1042840	1045560
8	1045560	1052080
8	1052080	1055040
8	1055040	1059560
8	1059560	1063040
8	1063040	1069760
8	1069760	1072480
9	1072480	1078600
9	1078600	1081720
9	1081720	1085400
9	1085400	1089880
9	1089880	1093360
9	1093360	1098320
9	1098320	1101640
9	1101640	1106760
9	1106760	1111000
9	1111000	1114880
9	1114880	1117240
9	1117240	1121400
9	1121400	1127560
9	1127560	1135000
9	1135000	1143520
9	1143520	1148760
9	1148760	1151680
9	1151680	1152040
9	1152040	1159520
9	1159520	1165560
9	1165560	1172440
9	1172440	1179280
9	1179280	1181920
9	1181920	1184880
9	1184880	1185680
9	1185680	1191160
9	1191160	1194320
9	1194320	1197080
9	1197080	1198360
9	1198360	1199440
9	1199440	1202880
9	1202880	1204080
9	1204080	1207960
9	1207960	1210280
10	1210280	1213760
10	1213760	1223720
10	1223720	1228440
10	1228440	1232240
10	1232240	1235720
10	1235720	1239680
10	1239680	1241520
10	1241520	1243760
10	1243760	1248120
10	1248120	1253280
11	1253280	1264960
11	1264960	1267840
11	1267840	1270480
11	1270480	1277080
11	1277080	1278640
11	1278640	1281200
11	1281200	1283040
11	1283040	1286920
11	1286920	1290640
11	1290640	1293000
11	1293000	1294120
11	1294120	1295800
11	1295800	1299280
11	1299280	1302000
11	1302000	1303880
11	1303880	1305320
11	1305320	1306280
11	1306280	1307120
11	1307120	1311240
11	1311240	1313320
11	1313320	1318760
11	1318760	1326800
11	1326800	1331320
11	1331320	1335920
11	1335920	1339360
11	1339360	1342880
11	1342880	1346920
11	1346920	1349760
11	1349760	1369840
11	1369840	1376440
11	1376440	1378440
11	1378440	1382480
11	1382480	1385080
11	1385080	1387200
11	1387200	1388040
11	1388040	1389320
11	1389320	1390240
11	1390240	1391160
11	1391160	1395480
11	1395480	1396880
11	1396880	1401720
11	1401720	1402560
11	1402560	1417160
11	1417160	1419040
11	1419040	1420080
11	1420080	1421360
11	1421360	1426240
11	1426240	1428600
11	1428600	1430680
11	1430680	1433560
11	1433560	1441480
11	1441480	1444680
11	1444680	1448320
11	1448320	1450840
11	1450840	1454880
12	1454880	1464360
12	1464360	1473680
12	1473680	1477680
12	1477680	1497600
12	1497600	1511560
12	1511560	1512400
12	1512400	1515040
12	1515040	1516600
12	1516600	1528280
12	1528280	1529920
12	1529920	1536080
12	1536080	1538560
12	1538560	1538920
12	1538920	1539000
12	1539000	1542000
12	1542000	1543400
12	1543400	1543840
12	1543840	1552360
12	1552360	1556560
12	1556560	1562080
12	1562080	1565080
12	1565080	1565760
12	1565760	1566160
12	1566160	1566760
12	1566760	1576640
12	1576640	1577560
13	1577560	1580680
13	1580680	1585200
13	1585200	1589080
13	1589080	1592600
13	1592600	1597480
13	1597480	1602320
13	1602320	1606440
13	1606440	1609040
13	1609040	1611920
13	1611920	1615200
13	1615200	1616320
13	1616320	1618160
13	1618160	1619920
13	1619920	1622320
13	1622320	1624480
13	1624480	1626880
13	1626880	1629720
13	1629720	1634320
13	1634320	1636720
13	1636720	1641720
13	1641720	1644480
13	1644480	1646360
13	1646360	1655400
13	1655400	1656760
13	1656760	1665120
13	1665120	1669480
13	1669480	1673760
13	1673760	1677800
13	1677800	1680080
13	1680080	1682080
13	1682080	1685600
13	1685600	1688600
13	1688600	1696280
13	1696280	1697920
13	1697920	1702400
13	1702400	1710800
13	1710800	1713720
13	1713720	1715880
13	1715880	1724480
13	1724480	1726120
13	1726120	1730840
13	1730840	1733280
13	1733280	1737120
13	1737120	1742160
13	1742160	1745560
13	1745560	1750800
13	1750800	1757880
13	1757880	1760840
13	1760840	1762440
13	1762440	1764240
13	1764240	1766720
13	1766720	1769080
13	1769080	1770880
13	1770880	1773560
13	1773560	1774800
13	1774800	1778840
13	1778840	1781600
13	1781600	1792600
13	1792600	1794920
13	1794920	1804720
13	1804720	1806200
13	1806200	1807800
13	1807800	1809400
13	1809400	1812080
13	1812080	1815440
13	1815440	1818720
13	1818720	1821600
13	1821600	1825760
13	1825760	1828360
13	1828360	1833120
13	1833120	1836240
13	1836240	1841680
13	1841680	1845560
13	1845560	1854600
14	1854600	1862080
14	1862080	1869840
14	1869840	1872400
14	1872400	1879280
14	1879280	1887120
14	1887120	1892000
14	1892000	1894640
14	1894640	1899200
14	1899200	1900720
14	1900720	1907440
14	1907440	1919280
14	1919280	1922920
14	1922920	1933520
14	1933520	1941200
14	1941200	1948720
14	1948720	1954000
14	1954000	1956160
14	1956160	1962760
14	1962760	1966640
14	1966640	1968760
14	1968760	1973520
14	1973520	1976240
14	1976240	1978280
14	1978280	1983560
14	1983560	1988000
14	1988000	1993320
14	1993320	1999320
14	1999320	2004760
14	2004760	2009480
14	2009480	2014880
14	2014880	2019320
15	2019320	2031000
15	2031000	2035000
15	2035000	2040880
15	2040880	2043240
15	2043240	2045120
15	2045120	2046720
15	2046720	2050560
15	2050560	2052280
15	2052280	2054800
15	2054800	2055960
15	2055960	2058480
15	2058480	2060520
15	2060520	2062800
15	2062800	2066680
15	2066680	2068520
15	2068520	2072760
15	2072760	2076840
15	2076840	2079440
15	2079440	2081440
15	2081440	2088240
15	2088240	2105160
15	2105160	2106920
15	2106920	2112520
15	2112520	2115720
15	2115720	2117800
15	2117800	2121920
15	2121920	2124880
15	2124880	2127040
15	2127040	2128800
15	2128800	2132360
15	2132360	2136560
15	2136560	2139880
15	2139880	2145080
15	2145080	2146880
15	2146880	2149160
15	2149160	2150800
15	2150800	2155960
15	2155960	2157800
15	2157800	2160160
15	2160160	2163040
15	2163040	2165360
15	2165360	2167520
15	2167520	2173080
15	2173080	2175320
15	2175320	2179800
15	2179800	2182760
15	2182760	2185720
15	2185720	2187960
15	2187960	2190600
15	2190600	2193360
15	2193360	2199320
16	2199320	2212480
16	2212480	2217680
16	2217680	2226880
16	2226880	2240480
16	2240480	2245400
16	2245400	2255800
16	2255800	2260120
16	2260120	2263080
16	2263080	2267280
17	2267280	2279080
17	2279080	2283160
17	2283160	2286360
17	2286360	2291320
17	2291320	2296920
17	2296920	2299360
17	2299360	2305200
17	2305200	2307400
17	2307400	2312720
17	2312720	2315520
17	2315520	2318920
17	2318920	2322240
17	2322240	2326040
17	2326040	2328280
17	2328280	2330600
17	2330600	2333480
17	2333480	2337840
17	2337840	2339800
17	2339800	2342000
17	2342000	2346080
17	2346080	2349800
17	2349800	2357000
17	2357000	2359680
17	2359680	2363800
17	2363800	2366160
17	2366160	2368120
17	2368120	2371480
17	2371480	2374360
17	2374360	2376720
17	2376720	2389760
17	2389760	2393680
17	2393680	2397280
17	2397280	2401960
17	2401960	2405720
17	2405720	2408480
17	2408480	2423640
18	2423640	2429720
18	2429720	2432600
18	2432600	2435280
18	2435280	2441200
18	2441200	2447160
18	2447160	2451600
18	2451600	2462320
18	2462320	2469760
18	2469760	2483440
18	2483440	2486520
18	2486520	2493080
18	2493080	2499240
18	2499240	2505400
18	2505400	2515720
18	2515720	2527520
18	2527520	2534760
18	2534760	2549920
19	2549920	2561560
19	2561560	2566640
19	2566640	2569320
19	2569320	2573840
19	2573840	2584120
19	2584120	2592720
19	2592720	2601000
19	2601000	2607800
19	2607800	2610480
19	2610480	2615720
19	2615720	2619640
20	2619640	2623880
20	2623880	2625160
20	2625160	2625480
20	2625480	2625560
20	2625560	2625760
20	2625760	2626960
20	2626960	2627440
20	2627440	2627760
20	2627760	2628480
20	2628480	2635400
20	2635400	2636480
20	2636480	2636560
20	2636560	2636760
20	2636760	2637000
20	2637000	2639080
20	2639080	2640440
20	2640440	2640680
20	2640680	2640760
20	2640760	2641080
20	2641080	2641480
20	2641480	2641840
20	2641840	2643280
20	2643280	2643360
20	2643360	2643800
20	2643800	2644200
20	2644200	2645320
20	2645320	2645400
20	2645400	2645720
20	2645720	2646440
20	2646440	2647000
20	2647000	2647440
20	2647440	2648080
20	2648080	2648480
20	2648480	2649160
20	2649160	2649560
20	2649560	2659880
20	2659880	2660840
20	2660840	2662360
20	2662360	2662560
20	2662560	2662720
20	2662720	2663080
20	2663080	2663160
20	2663160	2663240
20	2663240	2664080
20	2664080	2665240
20	2665240	2669520
20	2669520	2670080
20	2670080	2675000
20	2675000	2675080
20	2675080	2675200
20	2675200	2675280
20	2675280	2675720
20	2675720	2676040
20	2676040	2677440
20	2677440	2679080
20	2679080	2680640
20	2680640	2683280
20	2683280	2683680
20	2683680	2683760
20	2683760	2684400
20	2684400	2684480
20	2684480	2685560
20	2685560	2686600
20	2686600	2691640
20	2691640	2692560
20	2692560	2692920
20	2692920	2694320
20	2694320	2696760
20	2696760	2697160
20	2697160	2698360
20	2698360	2698800
20	2698800	2698880
20	2698880	2699400
20	2699400	2700200
20	2700200	2702760
20	2702760	2704120
20	2704120	2706360
20	2706360	2706800
20	2706800	2707560
20	2707560	2707760
20	2707760	2708000
20	2708000	2708840
20	2708840	2709320
20	2709320	2711720
21	2711720	2720400
21	2720400	2726480
21	2726480	2729040
21	2729040	2732080
21	2732080	2736000
21	2736000	2740720
21	2740720	2753600
21	2753600	2757200
21	2757200	2761600
21	2761600	2765520
21	2765520	2768120
21	2768120	2770400
21	2770400	2774920
21	2774920	2777080
21	2777080	2783520
21	2783520	2785760
21	2785760	2794520
21	2794520	2797560
21	2797560	2799280
21	2799280	2800920
21	2800920	2801760
21	2801760	2803840
21	2803840	2806320
21	2806320	2810120
21	2810120	2814600
21	2814600	2817720
21	2817720	2823320
21	2823320	2829120
21	2829120	2833760
21	2833760	2838920
22	2838920	2845880
22	2845880	2850680
22	2850680	2853480
22	2853480	2857960
22	2857960	2864120
22	2864120	2869520
22	2869520	2874240
22	2874240	2878880
22	2878880	2883040
22	2883040	2888400
22	2888400	2894680
22	2894680	2900480
22	2900480	2905360
22	2905360	2912480
22	2912480	2916920
22	2916920	2921520
22	2921520	2925480
22	2925480	2929520
22	2929520	2932880
22	2932880	2934880
22	2934880	2937040
22	2937040	2946160
22	2946160	2950880
22	2950880	2952280
22	2952280	2953760
22	2953760	2954920
22	2954920	2956400
22	2956400	2958720
22	2958720	2960000
22	2960000	2961280
22	2961280	2961920
22	2961920	2962800
22	2962800	2963560
22	2963560	2964480
22	2964480	2965920
22	2965920	2966440
22	2966440	2967600
22	2967600	2968360
22	2968360	2970240
22	2970240	2970960
22	2970960	2971480
22	2971480	2972200
22	2972200	2972760
22	2972760	2973440
22	2973440	2974520
22	2974520	2975280
22	2975280	2976280
22	2976280	2977200
22	2977200	2978240
22	2978240	2979760
22	2979760	2980480
22	2980480	2983280
22	2983280	2984280
22	2984280	2986760
22	2986760	2987440
22	2987440	2988760
22	2988760	2989840
22	2989840	2992600
22	2992600	2994680
22	2994680	2995280
22	2995280	2996000
22	2996000	2996520
22	2996520	2997160
22	2997160	2998120
22	2998120	2999160
22	2999160	3000000
22	3000000	3000680
22	3000680	3002280
22	3002280	3003160
22	3003160	3004480
22	3004480	3005560
22	3005560	3006360
22	3006360	3007480
22	3007480	3008480
22	3008480	3009520
22	3009520	3010720
22	3010720	3011960
22	3011960	3013760
22	3013760	3014920
22	3014920	3016040
22	3016040	3017200
22	3017200	3018360
22	3018360	3019800
22	3019800	3021600
22	3021600	3022480
22	3022480	3023160
22	3023160	3024200
22	3024200	3024640
22	3024640	3025640
22	3025640	3039320
23	3039320	3039600
23	3039600	3040720
23	3040720	3048720
23	3048720	3055000
23	3055000	3063160
23	3063160	3068760
23	3068760	3072680
23	3072680	3076040
23	3076040	3080280
23	3080280	3086360
23	3086360	3095480
23	3095480	3101120
23	3101120	3104520
23	3104520	3108320
23	3108320	3110960
23	3110960	3118640
23	3118640	3120600
23	3120600	3126080
23	3126080	3130840
23	3130840	3135480
23	3135480	3141720
23	3141720	3149960
23	3149960	3153800
23	3153800	3155920
23	3155920	3157800
23	3157800	3163800
23	3163800	3169880
23	3169880	3261000
