shot	start	end
0	0	1320
0	1320	1400
0	1400	6760
0	6760	9360
0	9360	10960
0	10960	19560
0	19560	20840
0	20840	22680
0	22680	24160
0	24160	32800
0	32800	34680
0	34680	36680
0	36680	38680
0	38680	39400
0	39400	39640
0	39640	39960
0	39960	41600
0	41600	48760
0	48760	62480
0	62480	70440
0	70440	76840
0	76840	84920
0	84920	90240
0	90240	95560
0	95560	111000
1	111000	119600
1	119600	123320
1	123320	124720
1	124720	136440
1	136440	137960
1	137960	140600
1	140600	142880
1	142880	144320
1	144320	146520
1	146520	152880
1	152880	157240
1	157240	169480
1	169480	171080
1	171080	174800
1	174800	176440
1	176440	178040
1	178040	183840
1	183840	185600
1	185600	190440
1	190440	193920
1	193920	197120
1	197120	203200
1	203200	206360
2	206360	219960
2	219960	225880
2	225880	231000
2	231000	238040
2	238040	241240
2	241240	243800
2	243800	245000
2	245000	247080
2	247080	249320
2	249320	257760
2	257760	261760
2	261760	265320
2	265320	270200
3	270200	285040
3	285040	297880
3	297880	305760
3	305760	309400
3	309400	312840
3	312840	314840
3	314840	317640
3	317640	319800
3	319800	333320
3	333320	339800
3	339800	341000
3	341000	348800
3	348800	362720
3	362720	364960
3	364960	367920
3	367920	372240
3	372240	374920
3	374920	376160
3	376160	377840
3	377840	387920
3	387920	403760
3	403760	412640
3	412640	447480
3	447480	451280
3	451280	466880
3	466880	479680
3	479680	484920
4	484920	490880
4	490880	492800
4	492800	496240
4	496240	500800
4	500800	507080
4	507080	511600
5	511600	518160
5	518160	524520
5	524520	527080
5	527080	530240
5	530240	539560
5	539560	548200
6	548200	551240
6	551240	553880
6	553880	557200
6	557200	563480
6	563480	569320
6	569320	570480
6	570480	576200
6	576200	578560
6	578560	579920
6	579920	581480
6	581480	583640
6	583640	585080
6	585080	588440
6	588440	590440
7	590440	598560
7	598560	602000
7	602000	603320
7	603320	606080
7	606080	608600
7	608600	610920
7	610920	613120
7	613120	614480
7	614480	619640
7	619640	621600
7	621600	624560
7	624560	628120
7	628120	630880
7	630880	633600
8	633600	637080
8	637080	638880
8	638880	641400
9	641400	643720
9	643720	650400
9	650400	652720
9	652720	662640
10	662640	666400
10	666400	669000
10	669000	671240
10	671240	672560
10	672560	675280
10	675280	678760
10	678760	682280
10	682280	688920
10	688920	697240
10	697240	702160
10	702160	706320
10	706320	712240
10	712240	716200
10	716200	721000
10	721000	728800
10	728800	729480
10	729480	730080
10	730080	733480
10	733480	737560
10	737560	744760
10	744760	748680
10	748680	753600
10	753600	758760
11	758760	787280
11	787280	799760
11	799760	801920
11	801920	805760
11	805760	806400
11	806400	806960
11	806960	807560
11	807560	807960
11	807960	808760
11	808760	809240
11	809240	810560
11	810560	812400
11	812400	812800
11	812800	814000
11	814000	815200
11	815200	815840
11	815840	816560
11	816560	817400
11	817400	818280
11	818280	820720
11	820720	836240
11	836240	846840
11	846840	857960
11	857960	861960
11	861960	867400
11	867400	884720
11	884720	895040
11	895040	899080
11	899080	903040
11	903040	909000
11	909000	912720
11	912720	921920
11	921920	927640
11	927640	929240
11	929240	932280
11	932280	933520
12	933520	938400
12	938400	944240
12	944240	946800
12	946800	952040
12	952040	956560
12	956560	959480
12	959480	963080
12	963080	964200
12	964200	966440
12	966440	976880
12	976880	982880
13	982880	986320
13	986320	996520
13	996520	1002680
13	1002680	1004640
13	1004640	1006400
13	1006400	1008240
13	1008240	1016000
13	1016000	1023320
13	1023320	1026080
13	1026080	1033080
13	1033080	1035320
13	1035320	1042000
13	1042000	1044000
13	1044000	1047520
13	1047520	1049320
13	1049320	1053760
13	1053760	1055640
13	1055640	1060120
13	1060120	1061720
13	1061720	1063400
13	1063400	1065160
13	1065160	1067080
13	1067080	1072520
13	1072520	1073600
13	1073600	1074440
13	1074440	1074800
13	1074800	1075240
13	1075240	1080200
13	1080200	1082600
13	1082600	1085280
13	1085280	1087160
13	1087160	1088040
13	1088040	1092040
13	1092040	1093280
13	1093280	1094400
13	1094400	1095720
13	1095720	1097480
13	1097480	1100760
13	1100760	1103080
13	1103080	1104920
13	1104920	1108120
13	1108120	1109280
13	1109280	1110560
13	1110560	1112200
13	1112200	1115960
13	1115960	1117600
13	1117600	1118960
13	1118960	1124960
13	1124960	1127240
14	1127240	1138560
14	1138560	1139920
14	1139920	1141560
14	1141560	1154440
14	1154440	1158520
14	1158520	1163680
14	1163680	1171360
14	1171360	1176520
14	1176520	1180520
14	1180520	1183040
14	1183040	1188080
14	1188080	1193520
14	1193520	1200120
14	1200120	1201880
14	1201880	1205240
14	1205240	1206720
14	1206720	1209400
14	1209400	1215120
14	1215120	1217280
14	1217280	1221080
14	1221080	1223000
14	1223000	1223880
14	1223880	1224440
14	1224440	1225240
14	1225240	1225640
14	1225640	1225960
14	1225960	1226680
14	1226680	1227400
14	1227400	1228720
14	1228720	1229640
14	1229640	1230440
14	1230440	1231160
14	1231160	1232640
14	1232640	1233960
14	1233960	1235000
14	1235000	1235920
14	1235920	1237960
14	1237960	1238840
14	1238840	1239440
14	1239440	1241360
14	1241360	1244080
14	1244080	1249360
14	1249360	1252360
14	1252360	1255640
14	1255640	1262600
14	1262600	1277960
14	1277960	1279520
14	1279520	1281720
14	1281720	1288840
14	1288840	1290840
14	1290840	1292040
14	1292040	1294200
14	1294200	1297640
14	1297640	1300000
14	1300000	1302320
14	1302320	1306960
14	1306960	1314360
15	1314360	1325400
15	1325400	1331040
15	1331040	1341360
15	1341360	1344520
15	1344520	1348840
15	1348840	1351120
15	1351120	1358440
15	1358440	1360200
15	1360200	1362120
15	1362120	1365360
15	1365360	1366920
15	1366920	1367680
15	1367680	1369720
15	1369720	1374760
15	1374760	1376440
15	1376440	1378600
15	1378600	1380960
15	1380960	1383360
15	1383360	1385000
15	1385000	1386120
15	1386120	1390640
15	1390640	1394440
15	1394440	1396080
15	1396080	1401040
15	1401040	1403560
15	1403560	1404280
15	1404280	1409680
15	1409680	1412840
15	1412840	1416440
15	1416440	1419160
15	1419160	1420640
15	1420640	1422680
15	1422680	1428560
15	1428560	1431240
15	1431240	1436480
15	1436480	1438480
15	1438480	1441520
15	1441520	1443000
15	1443000	1444560
15	1444560	1445680
15	1445680	1448720
15	1448720	1449840
15	1449840	1451240
15	1451240	1453040
15	1453040	1455040
15	1455040	1456520
15	1456520	1458840
15	1458840	1460840
15	1460840	1465480
15	1465480	1470000
15	1470000	1477360
16	1477360	1481400
16	1481400	1485040
16	1485040	1488360
16	1488360	1491320
16	1491320	1494360
16	1494360	1495880
16	1495880	1501080
16	1501080	1502560
16	1502560	1504000
16	1504000	1506880
16	1506880	1508960
16	1508960	1511760
16	1511760	1515240
16	1515240	1517560
16	1517560	1520080
16	1520080	1523160
16	1523160	1528000
16	1528000	1531760
16	1531760	1534320
16	1534320	1539440
17	1539440	1544480
17	1544480	1546440
17	1546440	1548240
17	1548240	1550480
17	1550480	1556000
17	1556000	1561880
17	1561880	1565320
17	1565320	1567720
17	1567720	1569520
17	1569520	1573120
17	1573120	1574680
17	1574680	1578960
17	1578960	1580880
17	1580880	1584640
17	1584640	1586640
17	1586640	1594240
17	1594240	1616440
17	1616440	1619040
17	1619040	1637040
17	1637040	1640680
17	1640680	1643280
17	1643280	1644920
17	1644920	1645880
17	1645880	1649360
17	1649360	1651520
17	1651520	1652320
17	1652320	1654120
17	1654120	1655480
17	1655480	1660760
17	1660760	1665160
17	1665160	1667680
17	1667680	1671680
17	1671680	1676400
17	1676400	1679760
17	1679760	1689920
17	1689920	1693640
17	1693640	1695280
17	1695280	1696720
17	1696720	1700600
17	1700600	1702600
17	1702600	1707640
17	1707640	1709880
17	1709880	1714520
17	1714520	1715120
17	1715120	1718680
18	1718680	1730720
18	1730720	1733760
18	1733760	1747120
18	1747120	1753240
18	1753240	1760600
18	1760600	1766960
18	1766960	1772680
19	1772680	1810400
19	1810400	1812040
19	1812040	1813960
19	1813960	1816600
19	1816600	1818600
19	1818600	1821360
19	1821360	1823480
19	1823480	1825560
19	1825560	1829920
19	1829920	1833240
19	1833240	1837240
19	1837240	1839080
19	1839080	1841840
19	1841840	1845560
19	1845560	1847640
19	1847640	1851600
19	1851600	1854520
19	1854520	1857480
19	1857480	1859120
19	1859120	1862560
19	1862560	1864440
19	1864440	1866480
19	1866480	1874720
19	1874720	1878920
19	1878920	1883600
19	1883600	1886640
19	1886640	1887840
19	1887840	1889280
19	1889280	1891880
19	1891880	1893280
19	1893280	1895160
19	1895160	1897600
19	1897600	1900520
19	1900520	1905240
19	1905240	1908640
19	1908640	1911040
19	1911040	1914320
19	1914320	1919640
19	1919640	1921480
19	1921480	1923200
19	1923200	1924840
19	1924840	1929360
19	1929360	1930560
19	1930560	1932800
19	1932800	1934080
19	1934080	1938120
19	1938120	1943920
19	1943920	1946000
19	1946000	1963680
19	1963680	1965560
19	1965560	1967280
19	1967280	1970280
19	1970280	1973760
19	1973760	1977560
19	1977560	1980840
19	1980840	1982280
19	1982280	1984960
19	1984960	1989920
19	1989920	1995680
19	1995680	1997320
19	1997320	2000240
19	2000240	2002080
19	2002080	2003200
19	2003200	2004320
19	2004320	2005600
19	2005600	2007000
19	2007000	2012640
19	2012640	2015200
19	2015200	2020600
19	2020600	2024680
19	2024680	2027320
19	2027320	2032320
20	2032320	2036520
20	2036520	2039800
20	2039800	2043320
20	2043320	2046840
20	2046840	2056640
20	2056640	2061320
20	2061320	2071360
20	2071360	2076080
20	2076080	2079640
20	2079640	2084280
20	2084280	2088640
20	2088640	2116760
21	2116760	2126840
21	2126840	2131960
21	2131960	2134280
21	2134280	2138560
21	2138560	2141120
21	2141120	2150320
21	2150320	2154440
21	2154440	2157200
21	2157200	2159920
21	2159920	2163360
21	2163360	2169080
21	2169080	2171080
21	2171080	2177440
21	2177440	2179480
21	2179480	2181560
21	2181560	2182480
21	2182480	2184680
21	2184680	2187720
21	2187720	2189640
21	2189640	2192960
21	2192960	2228800
22	2228800	2248440
22	2248440	2259720
22	2259720	2262560
22	2262560	2272040
22	2272040	2273600
22	2273600	2274680
22	2274680	2276680
22	2276680	2278440
22	2278440	2279720
22	2279720	2281520
22	2281520	2283880
22	2283880	2288040
22	2288040	2289640
22	2289640	2297120
22	2297120	2299560
22	2299560	2304080
22	2304080	2332840
22	2332840	2340640
23	2340640	2352200
23	2352200	2357080
23	2357080	2360280
23	2360280	2365760
23	2365760	2369520
23	2369520	2371520
23	2371520	2381120
24	2381120	2391120
24	2391120	2397720
24	2397720	2405640
24	2405640	2412400
24	2412400	2415120
24	2415120	2424520
24	2424520	2427040
24	2427040	2431520
24	2431520	2434560
24	2434560	2437120
24	2437120	2439320
24	2439320	2442080
24	2442080	2449720
24	2449720	2452160
24	2452160	2454160
24	2454160	2465160
24	2465160	2469560
24	2469560	2491360
24	2491360	2495920
24	2495920	2500480
24	2500480	2508160
24	2508160	2511680
24	2511680	2520240
24	2520240	2523000
24	2523000	2539480
24	2539480	2547000
24	2547000	2554560
24	2554560	2556720
24	2556720	2570080
24	2570080	2572360
24	2572360	2577440
24	2577440	2579840
25	2579840	2586160
25	2586160	2596040
25	2596040	2598200
25	2598200	2600880
25	2600880	2604360
25	2604360	2606360
25	2606360	2613120
25	2613120	2617280
25	2617280	2620880
25	2620880	2624600
25	2624600	2629840
25	2629840	2649840
25	2649840	2656080
25	2656080	2660440
25	2660440	2665560
25	2665560	2671840
25	2671840	2675360
25	2675360	2678840
25	2678840	2683640
25	2683640	2691480
26	2691480	2701280
26	2701280	2703800
26	2703800	2714960
26	2714960	2719320
26	2719320	2723320
26	2723320	2728800
26	2728800	2731840
26	2731840	2735440
26	2735440	2738760
26	2738760	2742240
26	2742240	2744720
26	2744720	2749600
26	2749600	2754800
26	2754800	2757840
26	2757840	2760240
26	2760240	2765000
26	2765000	2769640
26	2769640	2771760
26	2771760	2773480
26	2773480	2775600
26	2775600	2777720
26	2777720	2779000
26	2779000	2780680
26	2780680	2782800
26	2782800	2785520
26	2785520	2793120
26	2793120	2796120
26	2796120	2803800
26	2803800	2807600
26	2807600	2809640
26	2809640	2814400
26	2814400	2829960
26	2829960	2832680
26	2832680	2833320
26	2833320	2841600
26	2841600	2846520
26	2846520	2848200
26	2848200	2850240
26	2850240	2852800
26	2852800	2854280
26	2854280	2856640
26	2856640	2860040
26	2860040	2864000
26	2864000	2866440
26	2866440	2869240
26	2869240	2871600
26	2871600	2873400
26	2873400	2875400
26	2875400	2876640
26	2876640	2879960
26	2879960	2881440
26	2881440	2883760
26	2883760	2885240
26	2885240	2886400
26	2886400	2889240
26	2889240	2890560
26	2890560	2891440
26	2891440	2892360
26	2892360	2893240
26	2893240	2894600
26	2894600	2895960
26	2895960	2898280
26	2898280	2900080
26	2900080	2901480
26	2901480	2906200
26	2906200	2907880
26	2907880	2909120
26	2909120	2911760
26	2911760	2914840
26	2914840	2916560
26	2916560	2918240
26	2918240	2920680
26	2920680	2922240
26	2922240	2923840
26	2923840	2926520
26	2926520	2927640
26	2927640	2928760
26	2928760	2929600
26	2929600	2930600
26	2930600	2932560
26	2932560	2934040
26	2934040	2937200
26	2937200	2942200
26	2942200	2944000
26	2944000	2950400
26	2950400	2952640
26	2952640	2955960
26	2955960	2961240
26	2961240	2962680
26	2962680	2964240
26	2964240	2970800
26	2970800	2974920
26	2974920	2978720
26	2978720	2981200
26	2981200	2985240
26	2985240	2990560
26	2990560	2994400
26	2994400	2996360
26	2996360	3000000
26	3000000	3002240
26	3002240	3007080
26	3007080	3010120
26	3010120	3012680
26	3012680	3015480
26	3015480	3018200
26	3018200	3020560
26	3020560	3033240
26	3033240	3038240
26	3038240	3040520
26	3040520	3048160
26	3048160	3051520
26	3051520	3054840
26	3054840	3058600
26	3058600	3064720
26	3064720	3067240
26	3067240	3074080
26	3074080	3075920
26	3075920	3080160
26	3080160	3083400
26	3083400	3085000
26	3085000	3087760
26	3087760	3089800
26	3089800	3105480
27	3105480	3115800
27	3115800	3118480
27	3118480	3120720
27	3120720	3124600
27	3124600	3127480
27	3127480	3131520
27	3131520	3133800
27	3133800	3136840
27	3136840	3139680
27	3139680	3142320
27	3142320	3143800
27	3143800	3147320
27	3147320	3149040
27	3149040	3152760
27	3152760	3156000
27	3156000	3160920
27	3160920	3163880
27	3163880	3171600
28	3171600	3207960
28	3207960	3209640
28	3209640	3213280
28	3213280	3214880
28	3214880	3218480
28	3218480	3220240
28	3220240	3221520
28	3221520	3225280
28	3225280	3241360
28	3241360	3244640
28	3244640	3247240
28	3247240	3253160
28	3253160	3255440
28	3255440	3258040
28	3258040	3258200
28	3258200	3258520
28	3258520	3258760
28	3258760	3259760
28	3259760	3260720
28	3260720	3261960
28	3261960	3263280
28	3263280	3264880
28	3264880	3266000
28	3266000	3267320
28	3267320	3269000
28	3269000	3269640
28	3269640	3272120
28	3272120	3272600
28	3272600	3272760
28	3272760	3274640
28	3274640	3278000
28	3278000	3281000
28	3281000	3285320
28	3285320	3291520
28	3291520	3294760
28	3294760	3298040
28	3298040	3301360
28	3301360	3304560
28	3304560	3308720
28	3308720	3312040
28	3312040	3314960
28	3314960	3317720
28	3317720	3322640
28	3322640	3324360
28	3324360	3327280
28	3327280	3335400
28	3335400	3336520
28	3336520	3338640
28	3338640	3338800
28	3338800	3339200
28	3339200	3339880
28	3339880	3351080
28	3351080	3465120
