shot	start	end
0	0	1320
0	1320	1400
0	1400	6760
0	6760	9360
0	9360	10960
0	10960	19560
0	19560	20840
0	20840	22680
0	22680	24160
0	24160	32800
0	32800	34680
0	34680	36680
0	36680	38680
0	38680	39400
0	39400	39640
0	39640	39960
0	39960	41600
0	41600	48760
0	48760	62480
0	62480	70440
0	70440	76840
0	76840	84920
0	84920	90240
0	90240	95560
0	95560	121880
1	121880	129880
1	129880	134800
1	134800	137360
1	137360	138920
1	138920	139880
1	139880	152280
1	152280	154840
1	154840	157080
1	157080	159360
1	159360	168040
1	168040	170200
2	170200	188920
2	188920	191720
2	191720	195480
3	195480	197240
3	197240	200240
3	200240	208560
3	208560	219320
3	219320	225280
3	225280	226280
3	226280	235520
3	235520	237280
3	237280	241600
3	241600	244080
3	244080	246920
3	246920	248840
3	248840	250360
3	250360	252200
3	252200	259080
3	259080	261000
3	261000	263520
3	263520	265440
3	265440	268720
3	268720	271720
3	271720	275720
3	275720	278000
3	278000	289560
3	289560	297120
3	297120	298800
3	298800	302640
3	302640	305880
3	305880	309280
3	309280	312800
3	312800	324120
3	324120	325960
3	325960	330480
3	330480	333240
4	333240	336920
4	336920	340680
4	340680	343520
4	343520	345920
4	345920	351320
4	351320	357120
4	357120	359040
4	359040	360800
4	360800	364040
4	364040	365720
4	365720	369600
4	369600	373080
4	373080	375000
4	375000	381440
4	381440	383960
4	383960	391520
4	391520	394320
4	394320	396000
4	396000	398640
4	398640	400120
4	400120	402080
4	402080	404720
4	404720	406280
4	406280	407440
4	407440	409400
4	409400	411360
4	411360	417400
4	417400	423760
5	423760	432360
5	432360	434160
5	434160	435680
5	435680	436720
5	436720	440160
5	440160	448640
5	448640	450720
5	450720	452880
5	452880	462760
5	462760	466720
5	466720	468960
5	468960	472680
5	472680	482640
5	482640	486720
5	486720	493480
5	493480	499440
5	499440	502520
5	502520	504120
5	504120	507800
5	507800	515080
5	515080	518920
5	518920	531160
5	531160	537000
6	537000	540800
6	540800	542680
6	542680	544480
6	544480	545000
6	545000	546440
6	546440	546960
6	546960	547760
6	547760	549040
6	549040	550240
6	550240	550880
6	550880	552160
6	552160	553560
6	553560	555600
6	555600	557720
6	557720	562280
6	562280	563600
6	563600	566320
6	566320	568000
6	568000	568760
6	568760	569720
6	569720	571480
6	571480	572160
6	572160	573680
6	573680	576160
6	576160	577600
6	577600	580000
6	580000	589200
6	589200	592320
6	592320	593480
6	593480	595040
6	595040	595800
6	595800	596400
6	596400	598320
6	598320	599000
6	599000	601280
6	601280	605040
6	605040	605840
6	605840	607440
6	607440	612480
6	612480	615640
6	615640	619480
6	619480	627600
6	627600	629720
6	629720	631600
6	631600	633560
6	633560	635560
6	635560	638600
6	638600	639720
6	639720	641800
6	641800	648880
7	648880	651840
7	651840	653520
7	653520	655360
7	655360	656400
7	656400	658280
7	658280	658520
7	658520	659400
7	659400	660160
7	660160	662000
7	662000	662800
7	662800	666720
7	666720	668560
7	668560	673520
7	673520	675400
7	675400	678120
7	678120	684960
8	684960	690480
8	690480	694800
8	694800	704000
8	704000	709200
8	709200	712040
8	712040	738720
9	738720	743880
9	743880	747880
9	747880	749560
9	749560	754440
9	754440	756640
9	756640	759040
9	759040	763440
9	763440	766440
9	766440	777000
9	777000	778680
9	778680	781400
9	781400	784640
10	784640	792000
10	792000	797960
10	797960	801320
10	801320	804680
10	804680	806720
10	806720	808760
10	808760	810080
10	810080	811200
10	811200	812840
10	812840	816040
10	816040	820200
10	820200	826840
10	826840	828680
10	828680	830800
10	830800	832840
10	832840	834640
10	834640	836640
10	836640	838520
10	838520	839880
10	839880	842480
10	842480	843800
10	843800	845840
10	845840	848640
10	848640	853760
10	853760	856120
11	856120	868000
11	868000	870680
11	870680	878040
11	878040	886280
11	886280	888040
11	888040	891160
11	891160	892960
11	892960	896520
11	896520	898160
11	898160	899040
11	899040	910320
12	910320	913880
12	913880	916760
12	916760	919960
12	919960	921680
12	921680	922760
12	922760	924160
12	924160	928320
12	928320	931600
12	931600	940040
12	940040	942440
12	942440	944760
12	944760	947040
12	947040	948600
12	948600	951080
12	951080	953760
12	953760	955560
12	955560	957040
12	957040	959680
12	959680	962760
12	962760	972000
12	972000	977560
12	977560	979080
12	979080	981520
12	981520	983920
12	983920	989400
12	989400	993880
12	993880	996040
12	996040	1004440
13	1004440	1008240
13	1008240	1011280
13	1011280	1018920
13	1018920	1022760
13	1022760	1025840
13	1025840	1028320
13	1028320	1031240
13	1031240	1034520
13	1034520	1036480
13	1036480	1037920
13	1037920	1041760
13	1041760	1043920
13	1043920	1046360
13	1046360	1050200
13	1050200	1055600
13	1055600	1058240
13	1058240	1064400
13	1064400	1065920
13	1065920	1070160
13	1070160	1081760
13	1081760	1083600
13	1083600	1086000
13	1086000	1089320
13	1089320	1092800
13	1092800	1098640
13	1098640	1116400
13	1116400	1128080
13	1128080	1142320
13	1142320	1144720
13	1144720	1155080
13	1155080	1157840
13	1157840	1160280
13	1160280	1162880
13	1162880	1165080
13	1165080	1167200
13	1167200	1172120
13	1172120	1174400
13	1174400	1175520
13	1175520	1176600
13	1176600	1177120
13	1177120	1178120
13	1178120	1181120
13	1181120	1184360
13	1184360	1187480
13	1187480	1200600
13	1200600	1205680
13	1205680	1206880
13	1206880	1211000
13	1211000	1213600
13	1213600	1218080
13	1218080	1232680
13	1232680	1239800
13	1239800	1245520
13	1245520	1249640
13	1249640	1253000
13	1253000	1257200
14	1257200	1260480
14	1260480	1265880
14	1265880	1268480
14	1268480	1272960
14	1272960	1275320
14	1275320	1279440
14	1279440	1282720
14	1282720	1286840
14	1286840	1289000
14	1289000	1290640
14	1290640	1296120
14	1296120	1306040
14	1306040	1309400
14	1309400	1314480
14	1314480	1316720
14	1316720	1320960
14	1320960	1322920
14	1322920	1325120
14	1325120	1330040
14	1330040	1333240
14	1333240	1337120
14	1337120	1339520
14	1339520	1345720
14	1345720	1356680
14	1356680	1359320
14	1359320	1361440
14	1361440	1367320
14	1367320	1370400
14	1370400	1372080
14	1372080	1376920
14	1376920	1381840
14	1381840	1388160
14	1388160	1391560
14	1391560	1395720
14	1395720	1398760
14	1398760	1403480
14	1403480	1409600
14	1409600	1411960
14	1411960	1418000
14	1418000	1423320
14	1423320	1427160
14	1427160	1433560
14	1433560	1438480
15	1438480	1446440
15	1446440	1464840
15	1464840	1469760
15	1469760	1474600
15	1474600	1482520
15	1482520	1487840
15	1487840	1491680
15	1491680	1497920
15	1497920	1501800
15	1501800	1513640
15	1513640	1516720
15	1516720	1521120
15	1521120	1525200
15	1525200	1530000
15	1530000	1537440
15	1537440	1541520
15	1541520	1545320
15	1545320	1549000
15	1549000	1560720
15	1560720	1563080
15	1563080	1573280
15	1573280	1579120
15	1579120	1592080
15	1592080	1604480
15	1604480	1610240
15	1610240	1615400
15	1615400	1617320
15	1617320	1618960
15	1618960	1648920
15	1648920	1661400
15	1661400	1676840
15	1676840	1688840
15	1688840	1696000
15	1696000	1703760
15	1703760	1708520
15	1708520	1711200
15	1711200	1716600
15	1716600	1725600
15	1725600	1732840
15	1732840	1736880
15	1736880	1741040
16	1741040	1745520
16	1745520	1749200
16	1749200	1753680
16	1753680	1756640
16	1756640	1760720
16	1760720	1764680
16	1764680	1776120
17	1776120	1779440
17	1779440	1785760
17	1785760	1786480
17	1786480	1787080
17	1787080	1788560
17	1788560	1790080
17	1790080	1792360
17	1792360	1797480
17	1797480	1811600
17	1811600	1814120
17	1814120	1815720
17	1815720	1820880
17	1820880	1828000
17	1828000	1845240
17	1845240	1849080
17	1849080	1851480
17	1851480	1854400
17	1854400	1856440
17	1856440	1858840
17	1858840	1860640
17	1860640	1862040
18	1862040	1869440
18	1869440	1874680
18	1874680	1896200
18	1896200	1899280
18	1899280	1900880
18	1900880	1904320
18	1904320	1910520
18	1910520	1912280
18	1912280	1915720
18	1915720	1920160
18	1920160	1922400
18	1922400	1923480
18	1923480	1926280
18	1926280	1927480
18	1927480	1929920
18	1929920	1932160
18	1932160	1934480
18	1934480	1936400
18	1936400	1938640
18	1938640	1940440
18	1940440	1946360
18	1946360	1949920
18	1949920	1955040
18	1955040	1957800
18	1957800	1964920
18	1964920	1967200
18	1967200	1971040
18	1971040	1973840
18	1973840	1975080
18	1975080	1976120
18	1976120	1978400
18	1978400	1981000
18	1981000	1982200
18	1982200	1983280
18	1983280	1984760
18	1984760	1985480
18	1985480	1988240
18	1988240	1988840
18	1988840	1992320
18	1992320	1993440
18	1993440	1994560
18	1994560	1995320
18	1995320	1996680
18	1996680	1999400
18	1999400	2000000
18	2000000	2001360
18	2001360	2002840
18	2002840	2005720
18	2005720	2008760
18	2008760	2010080
18	2010080	2013760
18	2013760	2016280
18	2016280	2017960
18	2017960	2018560
18	2018560	2019120
18	2019120	2019800
18	2019800	2020360
18	2020360	2021360
18	2021360	2022600
18	2022600	2023040
18	2023040	2024480
18	2024480	2024880
18	2024880	2025760
18	2025760	2026160
18	2026160	2026680
18	2026680	2027840
18	2027840	2030960
18	2030960	2031520
18	2031520	2032280
18	2032280	2033080
18	2033080	2033880
18	2033880	2034400
18	2034400	2035360
18	2035360	2035840
18	2035840	2037800
18	2037800	2038760
18	2038760	2039120
18	2039120	2039440
18	2039440	2039800
18	2039800	2040440
18	2040440	2041040
18	2041040	2043400
18	2043400	2044160
18	2044160	2045000
18	2045000	2045480
18	2045480	2045920
18	2045920	2046520
18	2046520	2048560
18	2048560	2049680
18	2049680	2052080
18	2052080	2052680
18	2052680	2057880
18	2057880	2068240
18	2068240	2072360
18	2072360	2087480
18	2087480	2090840
18	2090840	2094680
18	2094680	2097400
18	2097400	2102760
18	2102760	2107600
18	2107600	2114720
18	2114720	2121160
19	2121160	2125400
19	2125400	2126840
19	2126840	2131240
19	2131240	2134800
19	2134800	2136800
19	2136800	2140560
19	2140560	2142520
19	2142520	2150520
19	2150520	2153240
19	2153240	2156840
19	2156840	2158680
19	2158680	2160520
19	2160520	2162400
19	2162400	2165080
19	2165080	2166800
19	2166800	2170440
19	2170440	2174120
19	2174120	2183000
19	2183000	2186200
19	2186200	2196320
19	2196320	2198320
19	2198320	2200000
19	2200000	2201760
19	2201760	2211880
19	2211880	2216360
19	2216360	2227760
19	2227760	2232160
19	2232160	2234800
19	2234800	2235240
19	2235240	2238040
19	2238040	2241760
19	2241760	2243120
20	2243120	2247000
20	2247000	2249880
20	2249880	2251840
20	2251840	2256600
20	2256600	2261680
20	2261680	2265640
20	2265640	2268760
20	2268760	2270280
20	2270280	2272600
20	2272600	2284360
20	2284360	2286400
20	2286400	2294120
20	2294120	2296960
20	2296960	2309600
20	2309600	2317120
20	2317120	2321880
20	2321880	2326200
20	2326200	2329400
20	2329400	2333440
20	2333440	2337520
20	2337520	2349560
20	2349560	2352760
20	2352760	2355440
20	2355440	2359160
20	2359160	2361560
20	2361560	2364760
20	2364760	2366720
20	2366720	2368760
20	2368760	2371480
20	2371480	2374960
20	2374960	2378800
20	2378800	2383440
20	2383440	2385360
20	2385360	2389000
20	2389000	2392080
20	2392080	2399080
20	2399080	2405520
20	2405520	2412320
20	2412320	2418680
20	2418680	2424440
20	2424440	2426720
20	2426720	2429760
20	2429760	2430920
20	2430920	2431240
20	2431240	2433040
20	2433040	2435240
20	2435240	2436880
20	2436880	2441760
21	2441760	2447640
21	2447640	2450040
21	2450040	2453040
21	2453040	2458200
21	2458200	2459800
21	2459800	2463880
21	2463880	2467320
21	2467320	2470520
21	2470520	2471720
21	2471720	2473400
21	2473400	2477000
21	2477000	2478640
21	2478640	2480600
21	2480600	2482200
21	2482200	2486920
21	2486920	2488080
21	2488080	2495720
21	2495720	2499320
21	2499320	2501760
21	2501760	2503240
21	2503240	2505240
21	2505240	2508520
21	2508520	2510680
21	2510680	2512240
21	2512240	2513280
21	2513280	2516960
21	2516960	2521920
21	2521920	2523320
21	2523320	2525520
21	2525520	2531840
22	2531840	2535720
22	2535720	2539360
22	2539360	2542800
22	2542800	2546680
22	2546680	2548520
22	2548520	2553320
22	2553320	2555600
22	2555600	2558160
22	2558160	2561880
22	2561880	2565600
22	2565600	2567200
22	2567200	2568520
22	2568520	2570040
22	2570040	2571280
22	2571280	2572320
22	2572320	2573600
22	2573600	2576960
22	2576960	2579200
23	2579200	2582680
23	2582680	2584280
23	2584280	2585720
23	2585720	2587360
23	2587360	2588960
23	2588960	2589960
23	2589960	2590960
23	2590960	2591560
23	2591560	2593960
23	2593960	2595160
23	2595160	2596360
23	2596360	2597400
23	2597400	2600600
23	2600600	2602000
23	2602000	2603120
23	2603120	2604600
23	2604600	2605960
23	2605960	2607120
23	2607120	2608120
23	2608120	2609120
23	2609120	2611200
23	2611200	2613600
23	2613600	2615640
23	2615640	2616840
23	2616840	2617560
23	2617560	2620120
23	2620120	2621880
23	2621880	2625400
23	2625400	2628080
23	2628080	2630120
23	2630120	2632320
23	2632320	2634760
23	2634760	2637880
23	2637880	2639480
23	2639480	2641200
23	2641200	2646400
23	2646400	2648120
23	2648120	2649520
23	2649520	2650480
23	2650480	2652520
23	2652520	2653120
23	2653120	2654800
23	2654800	2655800
23	2655800	2656120
23	2656120	2658200
23	2658200	2659520
23	2659520	2663200
23	2663200	2664600
23	2664600	2665200
23	2665200	2666000
23	2666000	2666880
23	2666880	2668840
23	2668840	2669520
23	2669520	2670240
23	2670240	2670720
23	2670720	2672400
23	2672400	2673680
23	2673680	2675120
23	2675120	2675800
23	2675800	2678160
23	2678160	2679400
23	2679400	2680240
23	2680240	2681600
23	2681600	2683480
23	2683480	2685960
23	2685960	2690840
23	2690840	2694680
23	2694680	2695760
23	2695760	2698200
23	2698200	2700800
23	2700800	2702560
23	2702560	2703080
23	2703080	2704240
23	2704240	2705360
23	2705360	2705680
23	2705680	2706240
23	2706240	2706960
23	2706960	2707480
23	2707480	2708200
23	2708200	2709960
23	2709960	2712960
23	2712960	2713920
23	2713920	2715000
23	2715000	2716720
23	2716720	2718680
23	2718680	2719280
23	2719280	2719920
23	2719920	2721200
23	2721200	2721760
23	2721760	2723400
23	2723400	2726080
23	2726080	2727720
23	2727720	2729160
23	2729160	2729800
23	2729800	2732360
23	2732360	2733280
23	2733280	2734200
23	2734200	2735120
23	2735120	2736160
23	2736160	2737960
23	2737960	2738400
23	2738400	2738960
23	2738960	2740000
23	2740000	2741600
23	2741600	2742280
23	2742280	2743120
23	2743120	2743960
23	2743960	2745360
23	2745360	2747080
23	2747080	2749280
23	2749280	2751160
23	2751160	2753720
23	2753720	2755920
23	2755920	2758360
23	2758360	2759920
23	2759920	2762040
23	2762040	2763240
23	2763240	2764080
23	2764080	2764720
23	2764720	2765080
23	2765080	2765880
23	2765880	2766360
23	2766360	2767360
23	2767360	2769440
23	2769440	2772000
23	2772000	2772880
23	2772880	2773600
23	2773600	2774640
23	2774640	2775640
23	2775640	2776320
23	2776320	2777160
23	2777160	2778720
23	2778720	2779560
23	2779560	2780600
23	2780600	2781640
23	2781640	2782480
23	2782480	2783200
23	2783200	2783680
23	2783680	2785960
23	2785960	2786800
23	2786800	2787920
23	2787920	2788880
23	2788880	2791480
23	2791480	2792200
23	2792200	2792840
23	2792840	2793440
23	2793440	2794320
23	2794320	2797480
23	2797480	2799120
23	2799120	2802120
23	2802120	2812360
23	2812360	2819720
24	2819720	2899840
