shot	start	end
0	0	1400
0	1400	6760
0	6760	10960
0	10960	19560
0	19560	20840
0	20840	22680
0	22680	24160
0	24160	32800
0	32800	34680
0	34680	36680
0	36680	38680
0	38680	39400
0	39400	39640
0	39640	39960
0	39960	41600
0	41600	48760
0	48760	62480
0	62480	70440
0	70440	76840
0	76840	84920
0	84920	90240
0	90240	95560
0	95560	110040
1	110040	114640
1	114640	118000
1	118000	122520
1	122520	128320
1	128320	132520
1	132520	136360
1	136360	149040
1	149040	152800
1	152800	161600
1	161600	166480
1	166480	174760
1	174760	181400
1	181400	185680
1	185680	189320
1	189320	195840
1	195840	206000
1	206000	210720
1	210720	214760
1	214760	219240
1	219240	225600
1	225600	234320
1	234320	246760
1	246760	251760
1	251760	253880
1	253880	258600
1	258600	265680
1	265680	267320
1	267320	277600
1	277600	283800
1	283800	288560
1	288560	292320
1	292320	295040
1	295040	297040
1	297040	298920
1	298920	301000
1	301000	301720
1	301720	303160
1	303160	311640
1	311640	315760
1	315760	319320
1	319320	322440
1	322440	330400
1	330400	332840
1	332840	337240
1	337240	344040
1	344040	348360
1	348360	351240
1	351240	362680
1	362680	367400
1	367400	369640
1	369640	372440
1	372440	375760
1	375760	379640
1	379640	381600
1	381600	384160
1	384160	388120
1	388120	392360
1	392360	396040
1	396040	400400
1	400400	408640
1	408640	415960
2	415960	425360
2	425360	430600
2	430600	435600
2	435600	437240
2	437240	441600
2	441600	441960
2	441960	443320
2	443320	445360
2	445360	448920
2	448920	450000
2	450000	450680
2	450680	457680
2	457680	459600
2	459600	464680
3	464680	469800
3	469800	475640
3	475640	477600
3	477600	478840
3	478840	484080
3	484080	486080
3	486080	488480
3	488480	489280
3	489280	491360
3	491360	494880
3	494880	497720
3	497720	498840
3	498840	502840
3	502840	504280
3	504280	509000
3	509000	509680
3	509680	511360
3	511360	515760
3	515760	523160
3	523160	526000
3	526000	529720
3	529720	532400
3	532400	534360
3	534360	540520
3	540520	543360
3	543360	547320
3	547320	549680
3	549680	551120
3	551120	552560
3	552560	553720
3	553720	554920
3	554920	556360
3	556360	559320
3	559320	561560
3	561560	564040
3	564040	566920
3	566920	568160
3	568160	569280
3	569280	570800
3	570800	574240
3	574240	576240
3	576240	579240
3	579240	580920
3	580920	582720
3	582720	583560
3	583560	585680
3	585680	586520
3	586520	587240
3	587240	588360
3	588360	589240
3	589240	590280
3	590280	593360
3	593360	594520
3	594520	600800
3	600800	602800
3	602800	605440
3	605440	612240
3	612240	614200
3	614200	616440
3	616440	618760
3	618760	620760
3	620760	621720
3	621720	625760
3	625760	627040
3	627040	628560
3	628560	632320
3	632320	633520
3	633520	655960
3	655960	659600
3	659600	667000
3	667000	674440
3	674440	680880
3	680880	683880
3	683880	686200
3	686200	688320
3	688320	692080
3	692080	694000
3	694000	697000
3	697000	705040
3	705040	710240
3	710240	715600
3	715600	723480
3	723480	729280
3	729280	739640
3	739640	750440
4	750440	752480
4	752480	754840
4	754840	758200
4	758200	759600
4	759600	761880
4	761880	765120
4	765120	767920
4	767920	775480
4	775480	776920
4	776920	778200
4	778200	784920
4	784920	786880
4	786880	790320
4	790320	801600
4	801600	803880
4	803880	808600
4	808600	816520
4	816520	821600
4	821600	824440
4	824440	826480
4	826480	828760
4	828760	837840
4	837840	840480
4	840480	844280
4	844280	846000
4	846000	855200
4	855200	858760
4	858760	862960
4	862960	865440
4	865440	868080
4	868080	871600
4	871600	873760
4	873760	886720
4	886720	887680
4	887680	890280
4	890280	894240
4	894240	895920
4	895920	898360
4	898360	900360
4	900360	904840
4	904840	910760
5	910760	924880
5	924880	927960
5	927960	930560
5	930560	938160
5	938160	950560
5	950560	952440
5	952440	974080
5	974080	977960
5	977960	981560
5	981560	984120
5	984120	986840
5	986840	989960
5	989960	999960
5	999960	1003760
5	1003760	1011760
5	1011760	1016560
5	1016560	1019680
5	1019680	1020880
5	1020880	1022160
5	1022160	1024280
5	1024280	1027480
5	1027480	1029880
5	1029880	1031600
5	1031600	1033000
5	1033000	1055760
5	1055760	1057240
5	1057240	1059440
5	1059440	1061440
5	1061440	1062480
5	1062480	1065280
5	1065280	1067000
5	1067000	1073120
6	1073120	1094880
6	1094880	1098520
6	1098520	1101960
6	1101960	1107360
6	1107360	1115680
6	1115680	1119720
6	1119720	1122720
6	1122720	1126680
6	1126680	1131600
6	1131600	1137200
7	1137200	1156440
7	1156440	1161840
7	1161840	1164320
7	1164320	1172600
7	1172600	1174800
7	1174800	1189480
7	1189480	1192480
7	1192480	1195760
7	1195760	1199000
7	1199000	1206520
7	1206520	1208200
7	1208200	1211640
7	1211640	1231800
7	1231800	1237440
7	1237440	1241920
7	1241920	1247080
7	1247080	1258080
7	1258080	1261680
7	1261680	1267800
7	1267800	1272920
7	1272920	1277200
7	1277200	1286200
7	1286200	1290480
7	1290480	1293520
7	1293520	1295200
7	1295200	1299600
7	1299600	1305640
7	1305640	1308720
7	1308720	1316040
7	1316040	1318280
7	1318280	1323000
7	1323000	1325200
7	1325200	1327160
7	1327160	1329000
7	1329000	1330840
7	1330840	1332960
7	1332960	1337600
7	1337600	1342240
7	1342240	1345480
7	1345480	1353560
7	1353560	1366600
7	1366600	1371160
7	1371160	1374680
7	1374680	1378440
7	1378440	1381040
7	1381040	1385040
7	1385040	1389520
7	1389520	1393120
7	1393120	1400440
7	1400440	1404960
7	1404960	1408120
7	1408120	1412000
7	1412000	1417480
7	1417480	1419760
7	1419760	1421840
7	1421840	1429360
7	1429360	1439080
8	1439080	1444480
8	1444480	1450240
8	1450240	1452480
8	1452480	1454360
8	1454360	1456240
8	1456240	1461480
8	1461480	1463240
8	1463240	1466520
8	1466520	1473960
8	1473960	1482000
8	1482000	1484280
8	1484280	1486720
8	1486720	1492200
9	1492200	1498440
9	1498440	1500160
9	1500160	1506760
9	1506760	1508960
9	1508960	1512800
9	1512800	1514120
9	1514120	1529360
9	1529360	1532160
9	1532160	1534440
9	1534440	1544600
9	1544600	1551320
9	1551320	1561720
10	1561720	1563320
10	1563320	1589680
10	1589680	1593280
10	1593280	1595280
10	1595280	1597640
10	1597640	1601240
10	1601240	1604040
10	1604040	1607640
10	1607640	1610160
10	1610160	1619560
10	1619560	1622320
10	1622320	1625160
10	1625160	1628320
10	1628320	1631040
10	1631040	1633800
10	1633800	1637600
10	1637600	1645560
10	1645560	1648400
10	1648400	1656480
10	1656480	1659480
10	1659480	1666800
10	1666800	1674720
10	1674720	1678760
10	1678760	1682880
10	1682880	1687360
10	1687360	1697520
10	1697520	1702480
10	1702480	1706160
10	1706160	1716680
10	1716680	1719480
10	1719480	1726720
10	1726720	1731440
10	1731440	1736240
11	1736240	1750280
11	1750280	1760800
11	1760800	1765920
11	1765920	1768880
11	1768880	1771080
11	1771080	1773880
11	1773880	1790760
11	1790760	1793280
11	1793280	1794880
11	1794880	1796320
11	1796320	1799320
11	1799320	1801600
11	1801600	1803560
11	1803560	1805560
11	1805560	1814320
11	1814320	1818680
11	1818680	1820720
11	1820720	1823000
11	1823000	1825840
11	1825840	1827880
11	1827880	1833080
11	1833080	1835360
11	1835360	1838120
11	1838120	1842440
11	1842440	1847520
11	1847520	1851560
11	1851560	1854120
11	1854120	1856440
11	1856440	1858600
11	1858600	1862400
11	1862400	1865080
11	1865080	1868200
11	1868200	1869680
11	1869680	1872000
11	1872000	1873600
11	1873600	1878440
11	1878440	1880800
11	1880800	1882600
11	1882600	1885080
11	1885080	1888280
11	1888280	1891360
11	1891360	1892800
11	1892800	1894120
11	1894120	1894840
11	1894840	1895280
11	1895280	1895680
11	1895680	1896960
11	1896960	1898080
11	1898080	1899240
11	1899240	1902120
11	1902120	1904000
11	1904000	1904840
11	1904840	1906840
11	1906840	1909240
11	1909240	1912680
11	1912680	1914600
11	1914600	1917960
11	1917960	1922320
11	1922320	1929880
12	1929880	1943480
12	1943480	1946240
12	1946240	1948520
12	1948520	1960240
12	1960240	1964080
12	1964080	1965800
12	1965800	1975120
12	1975120	1981760
12	1981760	1983360
12	1983360	1984920
12	1984920	1986440
12	1986440	1989800
12	1989800	1992720
12	1992720	1996960
12	1996960	2001520
12	2001520	2003480
12	2003480	2005040
12	2005040	2008200
12	2008200	2012640
12	2012640	2017800
12	2017800	2020560
12	2020560	2026520
12	2026520	2028000
12	2028000	2030600
12	2030600	2033480
12	2033480	2035640
12	2035640	2037960
12	2037960	2040080
12	2040080	2043000
12	2043000	2051600
12	2051600	2054160
12	2054160	2056040
12	2056040	2058440
12	2058440	2059840
12	2059840	2062720
12	2062720	2064320
12	2064320	2072760
12	2072760	2075440
12	2075440	2077560
12	2077560	2082280
12	2082280	2084400
12	2084400	2085880
12	2085880	2090280
12	2090280	2091920
12	2091920	2093720
12	2093720	2096960
12	2096960	2104800
12	2104800	2111960
12	2111960	2114760
12	2114760	2117880
12	2117880	2125640
12	2125640	2130800
12	2130800	2141360
12	2141360	2144840
12	2144840	2148840
12	2148840	2150320
12	2150320	2152440
12	2152440	2154800
12	2154800	2161720
12	2161720	2163240
12	2163240	2164920
12	2164920	2167240
12	2167240	2170160
12	2170160	2174600
12	2174600	2179680
12	2179680	2183840
12	2183840	2188400
12	2188400	2194680
12	2194680	2197480
12	2197480	2201240
12	2201240	2216560
12	2216560	2219160
12	2219160	2226680
12	2226680	2232320
12	2232320	2236040
12	2236040	2240520
12	2240520	2245280
12	2245280	2248200
12	2248200	2253800
12	2253800	2255600
12	2255600	2258920
12	2258920	2261200
12	2261200	2269920
12	2269920	2273880
12	2273880	2281240
12	2281240	2282760
12	2282760	2285640
12	2285640	2288560
12	2288560	2291840
12	2291840	2294280
13	2294280	2324200
13	2324200	2346840
13	2346840	2351560
13	2351560	2355280
13	2355280	2357360
13	2357360	2361160
13	2361160	2362880
13	2362880	2369640
13	2369640	2375600
13	2375600	2381360
13	2381360	2386360
13	2386360	2392160
13	2392160	2396560
13	2396560	2400280
13	2400280	2402440
13	2402440	2412000
13	2412000	2413840
13	2413840	2416400
13	2416400	2427640
13	2427640	2437880
13	2437880	2440920
13	2440920	2447320
13	2447320	2449880
13	2449880	2451760
13	2451760	2463560
13	2463560	2465720
13	2465720	2468240
13	2468240	2470440
13	2470440	2472480
13	2472480	2479200
13	2479200	2479960
13	2479960	2481000
13	2481000	2486400
13	2486400	2491440
13	2491440	2492280
13	2492280	2494600
13	2494600	2497440
13	2497440	2499400
13	2499400	2500600
13	2500600	2506520
13	2506520	2508560
13	2508560	2512800
13	2512800	2516920
13	2516920	2520960
13	2520960	2526440
13	2526440	2530560
13	2530560	2535640
13	2535640	2540320
13	2540320	2543480
13	2543480	2549240
13	2549240	2551280
13	2551280	2552040
13	2552040	2554720
13	2554720	2555800
13	2555800	2556320
13	2556320	2556920
13	2556920	2557760
13	2557760	2558200
13	2558200	2558560
13	2558560	2559240
13	2559240	2559920
13	2559920	2560440
13	2560440	2561080
13	2561080	2561920
13	2561920	2562480
13	2562480	2563280
13	2563280	2566600
13	2566600	2569280
13	2569280	2572400
13	2572400	2573560
13	2573560	2575480
13	2575480	2577360
13	2577360	2578720
13	2578720	2579560
13	2579560	2582400
13	2582400	2583240
13	2583240	2584960
13	2584960	2585680
13	2585680	2592920
13	2592920	2595600
13	2595600	2597320
13	2597320	2598760
13	2598760	2599880
13	2599880	2602080
13	2602080	2603080
13	2603080	2604800
13	2604800	2606520
13	2606520	2610040
13	2610040	2610760
13	2610760	2611640
13	2611640	2612240
13	2612240	2613240
13	2613240	2614120
13	2614120	2615440
13	2615440	2616640
13	2616640	2617200
13	2617200	2617360
13	2617360	2617880
13	2617880	2618880
13	2618880	2619360
13	2619360	2620360
13	2620360	2621080
13	2621080	2622320
13	2622320	2623120
13	2623120	2625800
13	2625800	2626800
13	2626800	2627360
13	2627360	2628960
13	2628960	2629760
13	2629760	2631640
13	2631640	2632360
13	2632360	2638200
13	2638200	2639800
13	2639800	2640760
13	2640760	2642840
13	2642840	2645960
13	2645960	2649440
13	2649440	2651200
13	2651200	2653520
13	2653520	2655560
13	2655560	2656360
13	2656360	2659960
13	2659960	2661440
13	2661440	2668160
13	2668160	2672400
13	2672400	2674800
13	2674800	2676760
13	2676760	2680600
13	2680600	2681840
13	2681840	2682840
13	2682840	2683680
13	2683680	2684440
13	2684440	2685320
13	2685320	2686920
13	2686920	2688600
13	2688600	2693040
13	2693040	2694320
13	2694320	2697520
13	2697520	2708760
13	2708760	2710960
13	2710960	2712480
13	2712480	2713080
13	2713080	2714320
13	2714320	2715160
13	2715160	2716080
13	2716080	2716560
13	2716560	2717000
13	2717000	2717840
13	2717840	2721840
13	2721840	2726440
13	2726440	2727240
13	2727240	2727760
13	2727760	2728400
13	2728400	2729160
13	2729160	2730920
13	2730920	2733160
13	2733160	2733920
13	2733920	2734880
13	2734880	2735840
13	2735840	2737000
13	2737000	2738320
13	2738320	2739120
13	2739120	2741960
13	2741960	2743640
13	2743640	2746440
13	2746440	2750080
13	2750080	2752400
13	2752400	2753720
13	2753720	2756600
13	2756600	2758360
13	2758360	2762160
13	2762160	2763680
13	2763680	2764440
13	2764440	2765320
13	2765320	2766320
13	2766320	2768720
13	2768720	2769800
13	2769800	2771280
13	2771280	2772040
13	2772040	2773800
13	2773800	2775160
13	2775160	2776560
13	2776560	2778280
13	2778280	2779480
13	2779480	2780680
13	2780680	2782320
13	2782320	2783000
13	2783000	2783640
13	2783640	2787240
13	2787240	2787840
13	2787840	2789040
13	2789040	2791840
13	2791840	2794360
13	2794360	2795240
13	2795240	2799560
13	2799560	2804800
13	2804800	2806080
13	2806080	2809480
13	2809480	2811320
13	2811320	2815040
13	2815040	2816440
13	2816440	2818360
13	2818360	2820000
13	2820000	2822360
13	2822360	2839600
13	2839600	2840440
13	2840440	2843120
13	2843120	2845080
13	2845080	2846240
13	2846240	2847320
13	2847320	2848360
13	2848360	2849800
13	2849800	2851600
13	2851600	2854280
13	2854280	2859720
13	2859720	2862480
13	2862480	2863280
13	2863280	2865880
13	2865880	2868360
13	2868360	2871040
13	2871040	2873160
13	2873160	2878880
13	2878880	2881360
13	2881360	2887360
13	2887360	2887640
13	2887640	2887720
13	2887720	2887800
13	2887800	2888560
13	2888560	2888840
13	2888840	2889120
13	2889120	2889200
13	2889200	2889280
13	2889280	2891520
13	2891520	2894400
13	2894400	2895480
13	2895480	2895920
13	2895920	2896600
13	2896600	2897480
13	2897480	2898840
13	2898840	2899320
13	2899320	2900320
13	2900320	2900840
13	2900840	2902480
13	2902480	2903320
13	2903320	2904280
13	2904280	2905160
13	2905160	2906920
13	2906920	2908720
13	2908720	2909800
13	2909800	2911560
13	2911560	2912920
13	2912920	2913480
13	2913480	2914200
13	2914200	2915000
13	2915000	2916160
13	2916160	2917440
13	2917440	2918840
13	2918840	2920400
13	2920400	2921000
13	2921000	2922520
13	2922520	2923520
13	2923520	2924640
13	2924640	2926080
13	2926080	2926440
13	2926440	2928800
13	2928800	2930600
13	2930600	2931120
13	2931120	2931840
13	2931840	2935360
13	2935360	2935960
13	2935960	2937240
13	2937240	2938000
13	2938000	2938480
13	2938480	2939520
13	2939520	2940000
13	2940000	2940520
13	2940520	2941560
13	2941560	2942120
13	2942120	2942640
13	2942640	2943200
13	2943200	2943880
13	2943880	2944200
13	2944200	2947200
13	2947200	2950480
13	2950480	2955840
13	2955840	2957320
13	2957320	2960240
13	2960240	2962640
13	2962640	2968160
13	2968160	2972760
13	2972760	2974880
13	2974880	2975680
13	2975680	2977440
13	2977440	2978880
13	2978880	2980480
13	2980480	2980960
13	2980960	2981680
13	2981680	2981960
13	2981960	2983560
13	2983560	2984120
13	2984120	2984360
13	2984360	2987440
13	2987440	2994560
13	2994560	2998600
13	2998600	3004120
13	3004120	3011320
13	3011320	3014200
13	3014200	3018760
13	3018760	3019840
13	3019840	3024760
13	3024760	3027160
13	3027160	3031000
13	3031000	3031760
13	3031760	3033360
13	3033360	3034080
13	3034080	3035400
13	3035400	3037080
13	3037080	3038800
13	3038800	3039920
13	3039920	3041920
13	3041920	3044600
13	3044600	3047760
13	3047760	3051040
13	3051040	3052840
13	3052840	3054600
13	3054600	3056600
13	3056600	3066920
13	3066920	3068240
13	3068240	3072320
13	3072320	3076360
13	3076360	3079000
13	3079000	3080560
13	3080560	3088840
13	3088840	3090600
13	3090600	3098640
13	3098640	3099880
13	3099880	3101920
13	3101920	3102360
13	3102360	3102840
13	3102840	3106200
13	3106200	3107080
13	3107080	3109520
13	3109520	3113960
13	3113960	3117440
13	3117440	3119720
13	3119720	3121280
13	3121280	3124160
13	3124160	3125520
13	3125520	3126760
13	3126760	3132600
13	3132600	3134240
13	3134240	3145600
13	3145600	3148440
13	3148440	3150360
13	3150360	3158320
13	3158320	3164960
13	3164960	3168880
13	3168880	3170960
13	3170960	3173720
13	3173720	3176440
13	3176440	3180080
13	3180080	3184080
13	3184080	3186120
13	3186120	3192840
13	3192840	3204320
13	3204320	3214960
13	3214960	3217800
13	3217800	3223640
13	3223640	3228160
13	3228160	3230080
13	3230080	3231000
13	3231000	3232760
13	3232760	3235240
13	3235240	3236520
13	3236520	3239560
13	3239560	3241520
13	3241520	3244440
13	3244440	3246920
13	3246920	3250560
13	3250560	3270000
13	3270000	3273600
13	3273600	3277320
13	3277320	3279800
13	3279800	3284240
13	3284240	3286040
13	3286040	3287800
13	3287800	3290040
13	3290040	3296400
13	3296400	3299400
13	3299400	3304600
13	3304600	3312200
13	3312200	3315960
13	3315960	3317480
13	3317480	3318760
13	3318760	3320560
13	3320560	3325920
13	3325920	3327880
13	3327880	3335080
13	3335080	3338200
13	3338200	3341120
13	3341120	3345320
13	3345320	3353560
13	3353560	3363920
13	3363920	3371800
14	3371800	3453560
