shot	start	end
0	0	1320
0	1320	1400
0	1400	6760
0	6760	9360
0	9360	10960
0	10960	19560
0	19560	20840
0	20840	22680
0	22680	24160
0	24160	32800
0	32800	34680
0	34680	36680
0	36680	38680
0	38680	39400
0	39400	39640
0	39640	39960
0	39960	41600
0	41600	48760
0	48760	62480
0	62480	70440
0	70440	76840
0	76840	84920
0	84920	90240
0	90240	95560
0	95560	109480
1	109480	113760
1	113760	120400
1	120400	122400
1	122400	124680
1	124680	126880
1	126880	129400
1	129400	136440
1	136440	139880
1	139880	142320
1	142320	145040
1	145040	147680
1	147680	149400
1	149400	150800
1	150800	154960
1	154960	157160
1	157160	162640
1	162640	164400
1	164400	167280
1	167280	169280
1	169280	171640
1	171640	173240
1	173240	175680
1	175680	184240
1	184240	190520
1	190520	192240
1	192240	196320
1	196320	200720
1	200720	204680
1	204680	207000
1	207000	213440
1	213440	216720
1	216720	220200
1	220200	222520
1	222520	223600
1	223600	224720
1	224720	228160
1	228160	237480
1	237480	242160
1	242160	246120
1	246120	247720
1	247720	250920
1	250920	256120
1	256120	258720
1	258720	260160
1	260160	261800
1	261800	263160
1	263160	267520
1	267520	273880
1	273880	290920
1	290920	293760
1	293760	302120
1	302120	306200
1	306200	315920
1	315920	321640
1	321640	323560
1	323560	328000
1	328000	329520
1	329520	337920
2	337920	352640
2	352640	354680
2	354680	356600
2	356600	362760
2	362760	367360
2	367360	373400
2	373400	377040
2	377040	378520
2	378520	379640
2	379640	382560
2	382560	388760
2	388760	389040
2	389040	389560
2	389560	390440
2	390440	391320
2	391320	393880
2	393880	400200
2	400200	402440
2	402440	404160
2	404160	404920
2	404920	406600
2	406600	411160
2	411160	414600
2	414600	417160
2	417160	417560
2	417560	420520
2	420520	420800
2	420800	423000
2	423000	423960
2	423960	426400
2	426400	429520
2	429520	431400
2	431400	433600
2	433600	436360
2	436360	441360
2	441360	443320
2	443320	445360
2	445360	450680
2	450680	454960
3	454960	458280
3	458280	461080
3	461080	470920
3	470920	473040
3	473040	474720
3	474720	481120
3	481120	483320
3	483320	484960
3	484960	487840
3	487840	489360
3	489360	493000
3	493000	497000
3	497000	516120
3	516120	518560
3	518560	523200
3	523200	526440
3	526440	535360
3	535360	544960
3	544960	550120
3	550120	553520
3	553520	559280
3	559280	565880
3	565880	571920
3	571920	575600
3	575600	579960
3	579960	583640
3	583640	587000
3	587000	590520
3	590520	596160
3	596160	610000
3	610000	612920
3	612920	619960
4	619960	627400
4	627400	630320
4	630320	634040
4	634040	636840
4	636840	639240
4	639240	651160
4	651160	654960
4	654960	658560
4	658560	660480
4	660480	664080
4	664080	667640
4	667640	672000
4	672000	678400
4	678400	682320
4	682320	687560
4	687560	689640
4	689640	696440
4	696440	697960
4	697960	699320
4	699320	702520
4	702520	706840
4	706840	709760
4	709760	711880
4	711880	716480
4	716480	728880
4	728880	732080
4	732080	739840
4	739840	744880
4	744880	750120
4	750120	755160
4	755160	760680
4	760680	767760
4	767760	774880
4	774880	780800
4	780800	784800
4	784800	788640
4	788640	792800
5	792800	801000
5	801000	805240
5	805240	819840
5	819840	823480
5	823480	826600
5	826600	834560
5	834560	838960
5	838960	843000
5	843000	847800
5	847800	851160
5	851160	857320
5	857320	875600
5	875600	879920
5	879920	889560
5	889560	897920
5	897920	900480
5	900480	904320
5	904320	907200
5	907200	909520
5	909520	917160
5	917160	918960
5	918960	922400
5	922400	927680
5	927680	931560
5	931560	934400
5	934400	940280
5	940280	943480
5	943480	951360
5	951360	953480
5	953480	955440
5	955440	957240
5	957240	959400
5	959400	962640
5	962640	965080
5	965080	970600
5	970600	976880
6	976880	987400
6	987400	995000
6	995000	998160
6	998160	1002320
6	1002320	1008280
6	1008280	1011760
6	1011760	1020080
6	1020080	1026040
6	1026040	1036640
6	1036640	1047440
6	1047440	1053800
6	1053800	1062600
6	1062600	1063960
6	1063960	1069800
6	1069800	1075920
6	1075920	1080080
6	1080080	1081400
6	1081400	1085480
6	1085480	1087480
6	1087480	1090720
6	1090720	1092720
6	1092720	1097600
6	1097600	1099280
6	1099280	1103000
6	1103000	1111560
6	1111560	1113960
6	1113960	1116960
6	1116960	1118240
6	1118240	1120840
6	1120840	1122880
6	1122880	1124320
6	1124320	1126360
6	1126360	1128440
6	1128440	1129960
6	1129960	1131760
6	1131760	1133960
6	1133960	1136200
6	1136200	1137920
6	1137920	1141200
6	1141200	1142960
6	1142960	1146040
6	1146040	1148640
6	1148640	1154560
6	1154560	1157960
6	1157960	1163080
6	1163080	1166160
6	1166160	1169600
6	1169600	1172280
6	1172280	1174560
6	1174560	1176920
6	1176920	1180680
6	1180680	1182800
6	1182800	1183680
6	1183680	1185240
6	1185240	1191360
6	1191360	1196880
6	1196880	1203520
6	1203520	1206560
6	1206560	1208400
6	1208400	1211840
6	1211840	1216400
6	1216400	1219480
6	1219480	1222520
6	1222520	1232120
6	1232120	1234240
6	1234240	1236280
6	1236280	1240920
6	1240920	1254560
6	1254560	1257120
6	1257120	1263160
7	1263160	1266520
7	1266520	1270360
7	1270360	1273560
7	1273560	1278840
7	1278840	1285280
7	1285280	1287080
7	1287080	1291920
7	1291920	1298160
7	1298160	1299160
7	1299160	1303640
7	1303640	1305720
7	1305720	1309360
7	1309360	1314720
7	1314720	1318520
7	1318520	1332600
8	1332600	1337600
8	1337600	1341320
8	1341320	1343360
8	1343360	1347160
8	1347160	1349040
8	1349040	1358160
8	1358160	1359840
8	1359840	1363920
8	1363920	1365560
8	1365560	1370040
8	1370040	1372880
8	1372880	1375280
8	1375280	1382760
8	1382760	1386840
8	1386840	1393600
8	1393600	1396480
8	1396480	1403800
8	1403800	1405400
8	1405400	1414480
8	1414480	1416920
8	1416920	1419760
8	1419760	1424720
8	1424720	1428160
8	1428160	1431040
8	1431040	1433280
8	1433280	1443560
8	1443560	1448240
8	1448240	1451120
8	1451120	1460560
8	1460560	1467400
8	1467400	1475800
8	1475800	1481400
8	1481400	1484120
8	1484120	1488640
8	1488640	1493040
8	1493040	1496200
8	1496200	1500840
8	1500840	1505040
8	1505040	1510080
8	1510080	1513400
8	1513400	1529120
8	1529120	1531480
8	1531480	1533040
8	1533040	1535000
8	1535000	1544720
8	1544720	1547640
8	1547640	1553720
8	1553720	1557200
9	1557200	1562000
9	1562000	1568120
9	1568120	1576640
9	1576640	1583600
9	1583600	1588160
9	1588160	1594960
9	1594960	1600960
9	1600960	1604720
9	1604720	1614240
9	1614240	1617320
10	1617320	1620560
10	1620560	1623760
10	1623760	1632240
10	1632240	1635520
10	1635520	1638040
10	1638040	1641680
10	1641680	1644840
11	1644840	1649840
11	1649840	1656360
11	1656360	1661280
11	1661280	1666400
11	1666400	1675280
11	1675280	1680280
11	1680280	1684000
11	1684000	1694760
12	1694760	1698680
12	1698680	1701480
12	1701480	1703480
12	1703480	1707800
13	1707800	1712880
13	1712880	1715560
13	1715560	1717240
13	1717240	1725120
13	1725120	1727560
13	1727560	1730280
13	1730280	1732240
13	1732240	1734760
13	1734760	1736840
13	1736840	1739320
13	1739320	1741440
13	1741440	1743600
13	1743600	1745880
13	1745880	1749120
13	1749120	1754480
13	1754480	1756000
13	1756000	1759040
13	1759040	1762280
13	1762280	1766440
13	1766440	1773040
13	1773040	1775480
13	1775480	1776200
13	1776200	1777680
13	1777680	1778400
13	1778400	1779880
13	1779880	1780920
13	1780920	1783000
13	1783000	1785640
13	1785640	1786880
13	1786880	1788960
13	1788960	1790040
13	1790040	1792040
13	1792040	1793080
13	1793080	1794160
13	1794160	1794600
13	1794600	1795040
13	1795040	1796400
13	1796400	1797040
13	1797040	1798160
13	1798160	1799680
13	1799680	1801280
13	1801280	1802520
13	1802520	1803480
13	1803480	1804280
13	1804280	1804920
13	1804920	1805760
13	1805760	1807240
13	1807240	1808440
13	1808440	1809040
13	1809040	1809880
13	1809880	1810400
13	1810400	1810720
13	1810720	1811280
13	1811280	1813800
13	1813800	1814280
13	1814280	1814680
13	1814680	1815440
13	1815440	1816120
13	1816120	1816760
13	1816760	1817560
13	1817560	1818360
13	1818360	1820600
13	1820600	1821520
13	1821520	1821880
13	1821880	1822360
13	1822360	1823840
13	1823840	1824720
13	1824720	1825080
13	1825080	1826200
13	1826200	1826680
13	1826680	1827440
13	1827440	1828040
13	1828040	1828960
13	1828960	1830560
13	1830560	1831800
13	1831800	1832480
13	1832480	1833520
13	1833520	1834000
13	1834000	1834960
13	1834960	1835520
13	1835520	1836200
13	1836200	1836800
13	1836800	1837720
13	1837720	1838160
13	1838160	1840040
13	1840040	1840520
13	1840520	1840920
13	1840920	1841320
13	1841320	1842240
13	1842240	1842800
13	1842800	1843120
13	1843120	1844080
13	1844080	1844760
13	1844760	1845400
13	1845400	1845840
13	1845840	1846240
13	1846240	1847120
13	1847120	1847720
13	1847720	1848320
13	1848320	1849120
13	1849120	1849760
13	1849760	1850280
13	1850280	1852760
13	1852760	1853840
13	1853840	1854960
13	1854960	1856800
13	1856800	1857160
13	1857160	1858640
13	1858640	1859600
13	1859600	1860120
13	1860120	1860480
13	1860480	1861880
13	1861880	1862480
13	1862480	1862800
13	1862800	1863080
13	1863080	1864160
13	1864160	1866080
13	1866080	1867800
13	1867800	1869760
13	1869760	1872400
13	1872400	1874320
13	1874320	1875840
13	1875840	1877520
13	1877520	1879840
13	1879840	1881760
13	1881760	1883120
13	1883120	1888160
13	1888160	1890760
13	1890760	1892760
13	1892760	1893800
13	1893800	1896200
13	1896200	1898200
13	1898200	1898920
13	1898920	1899360
13	1899360	1900040
13	1900040	1901800
13	1901800	1903600
13	1903600	1905920
13	1905920	1907480
13	1907480	1911240
13	1911240	1913840
13	1913840	1915760
13	1915760	1917240
13	1917240	1921920
14	1921920	1923680
14	1923680	1925680
14	1925680	1927280
14	1927280	1928600
14	1928600	1930600
14	1930600	1933040
15	1933040	1935520
15	1935520	1941000
15	1941000	1944840
15	1944840	1951000
15	1951000	1956720
16	1956720	1960480
16	1960480	1967440
16	1967440	1978400
16	1978400	1987200
17	1987200	1991120
17	1991120	1997920
17	1997920	2001600
17	2001600	2005680
17	2005680	2007840
17	2007840	2010160
17	2010160	2013080
17	2013080	2014360
17	2014360	2017600
17	2017600	2020120
17	2020120	2023800
17	2023800	2025400
17	2025400	2035960
17	2035960	2042360
17	2042360	2047400
17	2047400	2050600
17	2050600	2052840
17	2052840	2058000
17	2058000	2067640
17	2067640	2072280
17	2072280	2078320
17	2078320	2083280
17	2083280	2085360
17	2085360	2089800
17	2089800	2100760
17	2100760	2105280
17	2105280	2108480
17	2108480	2114480
17	2114480	2117520
17	2117520	2125800
18	2125800	2136720
18	2136720	2141000
18	2141000	2146360
18	2146360	2148920
18	2148920	2154800
18	2154800	2161920
18	2161920	2167720
18	2167720	2171000
18	2171000	2174480
18	2174480	2176000
18	2176000	2178040
18	2178040	2183480
18	2183480	2188840
18	2188840	2191240
18	2191240	2197880
18	2197880	2199080
18	2199080	2200440
18	2200440	2202920
18	2202920	2204680
18	2204680	2208480
18	2208480	2211040
18	2211040	2214320
18	2214320	2219280
18	2219280	2224800
18	2224800	2226840
18	2226840	2232720
18	2232720	2234400
18	2234400	2240120
18	2240120	2243040
18	2243040	2245880
18	2245880	2249720
18	2249720	2254240
18	2254240	2259080
18	2259080	2260040
18	2260040	2262600
18	2262600	2266320
18	2266320	2270200
18	2270200	2275000
18	2275000	2277920
18	2277920	2281720
18	2281720	2285160
18	2285160	2292760
18	2292760	2296920
18	2296920	2302720
18	2302720	2309440
18	2309440	2312200
18	2312200	2315560
18	2315560	2319480
18	2319480	2323960
18	2323960	2329600
18	2329600	2331680
18	2331680	2336920
18	2336920	2339720
18	2339720	2342680
18	2342680	2343360
18	2343360	2344200
18	2344200	2345120
18	2345120	2346240
18	2346240	2346840
18	2346840	2348240
18	2348240	2350520
18	2350520	2354960
18	2354960	2357080
18	2357080	2358840
18	2358840	2360160
18	2360160	2362120
18	2362120	2364640
18	2364640	2365520
18	2365520	2366000
18	2366000	2366360
18	2366360	2367800
18	2367800	2369040
18	2369040	2369840
18	2369840	2370960
18	2370960	2372760
18	2372760	2373960
18	2373960	2375360
18	2375360	2376560
18	2376560	2378440
18	2378440	2380520
18	2380520	2382880
19	2382880	2396800
19	2396800	2403520
19	2403520	2406520
19	2406520	2410200
19	2410200	2418440
19	2418440	2420640
19	2420640	2426160
19	2426160	2428040
19	2428040	2431960
19	2431960	2433080
19	2433080	2435000
19	2435000	2438600
19	2438600	2442160
19	2442160	2446680
19	2446680	2450560
19	2450560	2452920
19	2452920	2455640
19	2455640	2458400
19	2458400	2462920
19	2462920	2469000
19	2469000	2470520
19	2470520	2471680
19	2471680	2472000
19	2472000	2472400
19	2472400	2473040
19	2473040	2473240
19	2473240	2473720
19	2473720	2474640
19	2474640	2475280
19	2475280	2479400
19	2479400	2482240
19	2482240	2484920
19	2484920	2485800
19	2485800	2488680
19	2488680	2494360
19	2494360	2496560
19	2496560	2496720
19	2496720	2500160
19	2500160	2500720
19	2500720	2500800
19	2500800	2502240
19	2502240	2503000
19	2503000	2503320
19	2503320	2506000
19	2506000	2506640
19	2506640	2506920
19	2506920	2507280
19	2507280	2508960
19	2508960	2531400
19	2531400	2533280
19	2533280	2535640
19	2535640	2539320
19	2539320	2540800
19	2540800	2542520
19	2542520	2542720
19	2542720	2542800
19	2542800	2542880
19	2542880	2543840
19	2543840	2543920
19	2543920	2547400
19	2547400	2552160
19	2552160	2554480
19	2554480	2557560
19	2557560	2560800
19	2560800	2567800
19	2567800	2573120
20	2573120	2583480
20	2583480	2586520
20	2586520	2592480
20	2592480	2600960
20	2600960	2605760
20	2605760	2607080
20	2607080	2614560
20	2614560	2623960
21	2623960	2632680
21	2632680	2643920
21	2643920	2646600
21	2646600	2648200
21	2648200	2648560
21	2648560	2652160
21	2652160	2664120
21	2664120	2668560
21	2668560	2672080
21	2672080	2677360
21	2677360	2681000
21	2681000	2684640
21	2684640	2692040
21	2692040	2698400
21	2698400	2701560
21	2701560	2706880
21	2706880	2710880
21	2710880	2713840
21	2713840	2716880
21	2716880	2725120
21	2725120	2728600
21	2728600	2731080
21	2731080	2733360
21	2733360	2746280
21	2746280	2749800
21	2749800	2751840
21	2751840	2756000
21	2756000	2759280
21	2759280	2761360
21	2761360	2763760
21	2763760	2768160
21	2768160	2774000
21	2774000	2777680
21	2777680	2784120
21	2784120	2787400
22	2787400	2799440
22	2799440	2811560
22	2811560	2814440
22	2814440	2818160
22	2818160	2821400
22	2821400	2824680
22	2824680	2834800
22	2834800	2837000
22	2837000	2842760
22	2842760	2847120
22	2847120	2849120
22	2849120	2854120
22	2854120	2859080
22	2859080	2863320
22	2863320	2869080
22	2869080	2871440
22	2871440	2878200
22	2878200	2886920
22	2886920	2892360
22	2892360	2894600
22	2894600	2896280
22	2896280	2898080
22	2898080	2902120
22	2902120	2905080
22	2905080	2909720
22	2909720	2912000
22	2912000	2917400
22	2917400	2924800
22	2924800	2930800
22	2930800	2937600
22	2937600	2941480
22	2941480	2948000
22	2948000	2951920
22	2951920	2954880
22	2954880	2963360
22	2963360	2966320
22	2966320	2973000
22	2973000	2976560
22	2976560	2989040
22	2989040	3008400
23	3008400	3088200
