shot	start	end
0	0	1320
0	1320	1400
0	1400	6760
0	6760	9360
0	9360	10960
0	10960	19560
0	19560	20840
0	20840	22680
0	22680	24160
0	24160	32800
0	32800	34680
0	34680	36680
0	36680	38680
0	38680	39400
0	39400	39640
0	39640	39960
0	39960	41600
0	41600	48760
0	48760	62480
0	62480	70440
0	70440	76840
0	76840	84920
0	84920	90240
0	90240	95560
0	95560	110200
1	110200	112760
1	112760	113840
1	113840	116360
1	116360	117840
1	117840	119800
1	119800	122080
1	122080	123160
1	123160	125840
1	125840	128360
1	128360	131800
1	131800	133520
1	133520	135000
1	135000	136680
1	136680	139160
1	139160	141640
1	141640	143840
1	143840	145640
1	145640	150840
1	150840	153240
1	153240	155360
1	155360	156520
1	156520	158920
1	158920	160800
1	160800	169200
1	169200	174560
1	174560	178760
1	178760	182680
1	182680	185000
1	185000	187880
1	187880	189040
1	189040	192520
1	192520	193640
1	193640	195920
1	195920	198120
1	198120	200840
1	200840	202320
1	202320	209600
1	209600	211800
1	211800	213800
1	213800	215960
1	215960	220840
1	220840	225840
1	225840	231800
1	231800	239600
1	239600	244560
2	244560	249840
2	249840	253600
2	253600	257600
2	257600	259280
2	259280	262080
2	262080	272120
2	272120	277840
2	277840	281320
2	281320	287200
2	287200	289080
2	289080	292840
2	292840	297240
3	297240	307760
3	307760	311120
3	311120	319320
3	319320	321400
3	321400	328120
3	328120	333840
3	333840	336000
3	336000	338040
3	338040	342600
3	342600	344240
3	344240	345960
3	345960	349640
3	349640	353120
3	353120	354640
3	354640	365240
3	365240	368360
3	368360	370560
3	370560	377600
3	377600	378760
3	378760	380720
3	380720	381520
3	381520	384400
3	384400	387000
3	387000	389080
3	389080	392200
3	392200	393560
3	393560	395000
3	395000	397520
3	397520	401040
3	401040	407440
3	407440	412120
3	412120	417640
3	417640	426160
3	426160	430160
3	430160	434360
3	434360	438760
4	438760	441560
4	441560	444080
4	444080	447800
4	447800	450880
4	450880	453960
5	453960	469040
5	469040	480440
5	480440	483840
6	483840	488400
6	488400	491520
7	491520	497520
7	497520	500480
7	500480	504080
7	504080	507480
7	507480	513040
7	513040	517240
7	517240	522080
7	522080	528680
7	528680	533880
7	533880	555320
7	555320	561360
8	561360	593560
8	593560	609680
8	609680	615520
8	615520	618560
8	618560	620440
8	620440	624000
8	624000	626920
8	626920	631920
8	631920	633760
8	633760	639920
8	639920	642960
8	642960	645680
8	645680	648680
8	648680	654880
9	654880	660000
9	660000	666440
9	666440	673640
9	673640	676400
9	676400	681480
9	681480	687960
9	687960	692960
9	692960	695400
9	695400	701040
9	701040	703040
9	703040	709160
9	709160	715240
9	715240	720520
9	720520	725320
9	725320	732280
9	732280	738080
9	738080	745040
9	745040	751160
9	751160	759160
9	759160	762240
9	762240	764520
9	764520	769880
9	769880	772520
9	772520	775680
9	775680	779880
9	779880	783320
9	783320	784920
9	784920	799600
9	799600	803440
9	803440	807880
9	807880	810960
9	810960	815560
9	815560	818120
9	818120	820040
9	820040	822400
9	822400	824560
9	824560	827160
9	827160	829520
9	829520	833720
9	833720	836320
9	836320	838760
9	838760	843200
9	843200	846120
9	846120	849080
9	849080	859000
9	859000	862520
9	862520	867680
10	867680	874240
10	874240	877240
10	877240	880320
10	880320	883240
10	883240	888440
10	888440	893280
10	893280	896040
10	896040	899160
11	899160	901880
11	901880	905960
11	905960	909120
11	909120	910440
11	910440	912160
11	912160	915000
11	915000	919760
11	919760	921600
11	921600	924120
11	924120	927200
11	927200	931240
11	931240	933240
11	933240	934760
11	934760	936400
11	936400	937920
11	937920	945960
11	945960	949160
11	949160	959120
11	959120	963400
11	963400	967320
11	967320	971040
11	971040	976320
11	976320	982120
11	982120	984160
11	984160	988440
11	988440	992040
11	992040	997520
11	997520	1001240
11	1001240	1005440
11	1005440	1006640
11	1006640	1008800
11	1008800	1011680
11	1011680	1015600
11	1015600	1024360
11	1024360	1028520
11	1028520	1029360
11	1029360	1030880
11	1030880	1034320
11	1034320	1037320
11	1037320	1039760
11	1039760	1042600
11	1042600	1047480
11	1047480	1053080
11	1053080	1059200
11	1059200	1064320
11	1064320	1068320
11	1068320	1072680
11	1072680	1075800
11	1075800	1078480
11	1078480	1082440
11	1082440	1087280
11	1087280	1102360
12	1102360	1115880
12	1115880	1122160
12	1122160	1127760
12	1127760	1135400
12	1135400	1136920
12	1136920	1139080
12	1139080	1142000
12	1142000	1143280
12	1143280	1144800
12	1144800	1146360
12	1146360	1151680
12	1151680	1155240
12	1155240	1157200
12	1157200	1159640
12	1159640	1162240
12	1162240	1163760
12	1163760	1165800
12	1165800	1168280
12	1168280	1168360
12	1168360	1171640
12	1171640	1172480
12	1172480	1172880
12	1172880	1173840
12	1173840	1174360
12	1174360	1175040
12	1175040	1175840
12	1175840	1177440
12	1177440	1179880
12	1179880	1182000
12	1182000	1183280
12	1183280	1185200
12	1185200	1187040
12	1187040	1188400
12	1188400	1190120
12	1190120	1191280
12	1191280	1193720
12	1193720	1194960
12	1194960	1195560
12	1195560	1197040
12	1197040	1197960
12	1197960	1198520
12	1198520	1199760
12	1199760	1200640
12	1200640	1201120
12	1201120	1201520
12	1201520	1202200
12	1202200	1202880
12	1202880	1203520
12	1203520	1205360
12	1205360	1205720
12	1205720	1206160
12	1206160	1206480
12	1206480	1207280
12	1207280	1207920
12	1207920	1208200
12	1208200	1209880
12	1209880	1211400
12	1211400	1215760
12	1215760	1216480
12	1216480	1217440
12	1217440	1218880
12	1218880	1220440
12	1220440	1221240
12	1221240	1222520
12	1222520	1223200
12	1223200	1226000
12	1226000	1227400
12	1227400	1229560
12	1229560	1231040
12	1231040	1233600
12	1233600	1235560
12	1235560	1236400
12	1236400	1238120
12	1238120	1241600
12	1241600	1244280
12	1244280	1245200
12	1245200	1248440
12	1248440	1252680
12	1252680	1254960
12	1254960	1261240
12	1261240	1262000
12	1262000	1264280
12	1264280	1267960
12	1267960	1280880
12	1280880	1287040
12	1287040	1291880
12	1291880	1297080
12	1297080	1299560
12	1299560	1305480
12	1305480	1309000
12	1309000	1314760
12	1314760	1316600
12	1316600	1318400
12	1318400	1322840
12	1322840	1325160
12	1325160	1327360
12	1327360	1331200
12	1331200	1334000
12	1334000	1336800
12	1336800	1339480
12	1339480	1343960
12	1343960	1354240
12	1354240	1357520
12	1357520	1359720
12	1359720	1368560
12	1368560	1371160
12	1371160	1375560
12	1375560	1383080
12	1383080	1385840
12	1385840	1388600
12	1388600	1391800
12	1391800	1401120
12	1401120	1403960
12	1403960	1408880
12	1408880	1419160
12	1419160	1422200
12	1422200	1427160
12	1427160	1434200
13	1434200	1448560
13	1448560	1450880
13	1450880	1457640
13	1457640	1462280
13	1462280	1466520
13	1466520	1468800
13	1468800	1471320
13	1471320	1473000
13	1473000	1476800
13	1476800	1478120
13	1478120	1480240
13	1480240	1482520
13	1482520	1485640
13	1485640	1486360
13	1486360	1489040
13	1489040	1489600
13	1489600	1493600
13	1493600	1495200
13	1495200	1496720
13	1496720	1498520
13	1498520	1499120
13	1499120	1499920
13	1499920	1501040
13	1501040	1503360
13	1503360	1506240
13	1506240	1507880
13	1507880	1510280
13	1510280	1513080
13	1513080	1517280
13	1517280	1518280
13	1518280	1520400
13	1520400	1521320
13	1521320	1523080
13	1523080	1526040
13	1526040	1526840
13	1526840	1527480
13	1527480	1528200
13	1528200	1529600
13	1529600	1531680
13	1531680	1533200
13	1533200	1535560
13	1535560	1537080
13	1537080	1538640
13	1538640	1540640
13	1540640	1542480
13	1542480	1544000
13	1544000	1547040
13	1547040	1551280
13	1551280	1553600
13	1553600	1554320
13	1554320	1555760
13	1555760	1558560
13	1558560	1576040
13	1576040	1579520
13	1579520	1582320
13	1582320	1584720
14	1584720	1625240
14	1625240	1630400
14	1630400	1646200
14	1646200	1653520
14	1653520	1658040
14	1658040	1661360
14	1661360	1667320
14	1667320	1670880
14	1670880	1676440
14	1676440	1679240
14	1679240	1684000
14	1684000	1689760
14	1689760	1696520
14	1696520	1701200
14	1701200	1704440
14	1704440	1714760
14	1714760	1721560
14	1721560	1729200
14	1729200	1733880
15	1733880	1738360
15	1738360	1741480
15	1741480	1744200
15	1744200	1747400
15	1747400	1752400
15	1752400	1755600
15	1755600	1757640
15	1757640	1762600
15	1762600	1764080
15	1764080	1765360
15	1765360	1771080
15	1771080	1773360
15	1773360	1774760
15	1774760	1779400
15	1779400	1783200
15	1783200	1785360
15	1785360	1787600
15	1787600	1789600
15	1789600	1797440
15	1797440	1803600
15	1803600	1805960
15	1805960	1807520
15	1807520	1809600
15	1809600	1811000
15	1811000	1817320
15	1817320	1818200
15	1818200	1826520
15	1826520	1830520
15	1830520	1834720
15	1834720	1839720
15	1839720	1843680
15	1843680	1852000
15	1852000	1858720
15	1858720	1862320
15	1862320	1866720
15	1866720	1874120
15	1874120	1878400
15	1878400	1880960
15	1880960	1884880
15	1884880	1890040
15	1890040	1895640
15	1895640	1897720
15	1897720	1902440
15	1902440	1904360
15	1904360	1907240
15	1907240	1910480
15	1910480	1925440
15	1925440	1929480
16	1929480	1936440
16	1936440	1939040
16	1939040	1942040
17	1942040	1948760
17	1948760	1958360
17	1958360	1964000
17	1964000	1971000
17	1971000	1976960
17	1976960	1985720
17	1985720	1990320
17	1990320	1993200
17	1993200	2004920
17	2004920	2015960
17	2015960	2020200
17	2020200	2025840
17	2025840	2035520
17	2035520	2040520
17	2040520	2046480
17	2046480	2051880
17	2051880	2064840
17	2064840	2068160
17	2068160	2071480
17	2071480	2076680
17	2076680	2083360
17	2083360	2088080
17	2088080	2098560
17	2098560	2103600
17	2103600	2107480
17	2107480	2110320
17	2110320	2113120
17	2113120	2125480
18	2125480	2128480
18	2128480	2131800
18	2131800	2135520
18	2135520	2140200
18	2140200	2143520
18	2143520	2146480
18	2146480	2147840
18	2147840	2149360
18	2149360	2150560
18	2150560	2153080
18	2153080	2154600
18	2154600	2156360
18	2156360	2160200
18	2160200	2163920
18	2163920	2167360
18	2167360	2169400
18	2169400	2171080
18	2171080	2172920
18	2172920	2175480
18	2175480	2180120
18	2180120	2182840
18	2182840	2184680
18	2184680	2188320
18	2188320	2191320
18	2191320	2193080
18	2193080	2198560
19	2198560	2203400
19	2203400	2208200
19	2208200	2213560
19	2213560	2217760
19	2217760	2226360
19	2226360	2228080
19	2228080	2230520
19	2230520	2232760
19	2232760	2234000
19	2234000	2235680
19	2235680	2238760
19	2238760	2241000
19	2241000	2242560
19	2242560	2245480
19	2245480	2250000
19	2250000	2251560
19	2251560	2256560
19	2256560	2258960
19	2258960	2260840
19	2260840	2264160
19	2264160	2267520
19	2267520	2272480
19	2272480	2275160
19	2275160	2277960
19	2277960	2279800
19	2279800	2284080
19	2284080	2286520
19	2286520	2290760
19	2290760	2292600
19	2292600	2294600
19	2294600	2296840
19	2296840	2298560
19	2298560	2303520
19	2303520	2305320
19	2305320	2309360
19	2309360	2313120
19	2313120	2318120
19	2318120	2321400
19	2321400	2326120
19	2326120	2327800
19	2327800	2329200
19	2329200	2331360
19	2331360	2332800
19	2332800	2334680
19	2334680	2338600
19	2338600	2341440
19	2341440	2343080
19	2343080	2346840
19	2346840	2350160
19	2350160	2353560
19	2353560	2356120
19	2356120	2357160
19	2357160	2359400
19	2359400	2363760
19	2363760	2368160
19	2368160	2370040
19	2370040	2374240
19	2374240	2376880
19	2376880	2379160
19	2379160	2381000
19	2381000	2383400
19	2383400	2384920
19	2384920	2387520
19	2387520	2390240
19	2390240	2391040
19	2391040	2392320
19	2392320	2394720
19	2394720	2396640
19	2396640	2400120
19	2400120	2402720
19	2402720	2405200
19	2405200	2406480
19	2406480	2413880
20	2413880	2418800
20	2418800	2425320
20	2425320	2434280
20	2434280	2440640
20	2440640	2444000
20	2444000	2446960
20	2446960	2453360
20	2453360	2461160
20	2461160	2468800
20	2468800	2472000
20	2472000	2476720
20	2476720	2479280
20	2479280	2483560
20	2483560	2492600
20	2492600	2497800
20	2497800	2505280
20	2505280	2508560
20	2508560	2511040
20	2511040	2513840
20	2513840	2517680
20	2517680	2523480
20	2523480	2530000
20	2530000	2532200
20	2532200	2536120
20	2536120	2539520
20	2539520	2544440
20	2544440	2547000
21	2547000	2548800
21	2548800	2551120
21	2551120	2552880
21	2552880	2553960
21	2553960	2562920
21	2562920	2570920
21	2570920	2578960
21	2578960	2588840
21	2588840	2594160
21	2594160	2596520
21	2596520	2598480
21	2598480	2601240
21	2601240	2603840
21	2603840	2614760
21	2614760	2618520
21	2618520	2622320
21	2622320	2626040
21	2626040	2628360
21	2628360	2631520
21	2631520	2633520
21	2633520	2635800
21	2635800	2637120
21	2637120	2646040
21	2646040	2648320
21	2648320	2650840
21	2650840	2653200
21	2653200	2659960
21	2659960	2664080
21	2664080	2665520
21	2665520	2666480
21	2666480	2669680
21	2669680	2676400
21	2676400	2679600
21	2679600	2681320
21	2681320	2682720
21	2682720	2685840
21	2685840	2688200
21	2688200	2689080
21	2689080	2689720
21	2689720	2690360
21	2690360	2691680
21	2691680	2693720
21	2693720	2696520
21	2696520	2699080
21	2699080	2701560
21	2701560	2702640
21	2702640	2705920
21	2705920	2707600
21	2707600	2708440
21	2708440	2709040
21	2709040	2709840
21	2709840	2711880
21	2711880	2713840
21	2713840	2714720
21	2714720	2715760
21	2715760	2717680
21	2717680	2718920
21	2718920	2719680
21	2719680	2720760
21	2720760	2722080
21	2722080	2723720
21	2723720	2724520
21	2724520	2728040
21	2728040	2729640
21	2729640	2731440
21	2731440	2732280
21	2732280	2735080
21	2735080	2737840
21	2737840	2739520
21	2739520	2741080
21	2741080	2742240
21	2742240	2745160
21	2745160	2746520
21	2746520	2748160
21	2748160	2748720
21	2748720	2749640
21	2749640	2750840
21	2750840	2751600
21	2751600	2752240
21	2752240	2753640
21	2753640	2755520
21	2755520	2758120
21	2758120	2759520
21	2759520	2760160
21	2760160	2760840
21	2760840	2762240
21	2762240	2765720
21	2765720	2767880
21	2767880	2768480
21	2768480	2771360
21	2771360	2774400
21	2774400	2775480
21	2775480	2776320
21	2776320	2778000
21	2778000	2779280
21	2779280	2785040
21	2785040	2786960
21	2786960	2787720
21	2787720	2788680
21	2788680	2789360
21	2789360	2791160
21	2791160	2791800
21	2791800	2794680
21	2794680	2796000
21	2796000	2796800
21	2796800	2798120
21	2798120	2798800
21	2798800	2800880
21	2800880	2805800
21	2805800	2806920
21	2806920	2808200
21	2808200	2808960
21	2808960	2809720
21	2809720	2813200
21	2813200	2815040
21	2815040	2818600
21	2818600	2823000
21	2823000	2826800
21	2826800	2829160
21	2829160	2831520
21	2831520	2835960
21	2835960	2838160
21	2838160	2840560
21	2840560	2842200
21	2842200	2844880
21	2844880	2848560
21	2848560	2850200
21	2850200	2855120
21	2855120	2857920
21	2857920	2860920
21	2860920	2863440
21	2863440	2866600
22	2866600	2870280
22	2870280	2872720
22	2872720	2875720
22	2875720	2880200
22	2880200	2883840
22	2883840	2889640
22	2889640	2894600
22	2894600	2904560
22	2904560	2907680
22	2907680	2918200
22	2918200	2923960
22	2923960	2932400
22	2932400	2939080
22	2939080	2944440
22	2944440	2952560
22	2952560	2961160
22	2961160	2965400
22	2965400	2969440
22	2969440	2972000
22	2972000	2980160
22	2980160	2982600
22	2982600	2985800
22	2985800	2993120
22	2993120	2997160
22	2997160	3002920
22	3002920	3005360
22	3005360	3009720
22	3009720	3013560
22	3013560	3015040
22	3015040	3015280
22	3015280	3016240
22	3016240	3017040
22	3017040	3017640
23	3017640	3026200
23	3026200	3028440
23	3028440	3037000
23	3037000	3039160
23	3039160	3040760
23	3040760	3046600
23	3046600	3050800
23	3050800	3054840
23	3054840	3057960
23	3057960	3060680
23	3060680	3062920
23	3062920	3063160
23	3063160	3064440
23	3064440	3065440
23	3065440	3071320
23	3071320	3079120
23	3079120	3082840
23	3082840	3087520
23	3087520	3092280
23	3092280	3096120
23	3096120	3096840
23	3096840	3098200
23	3098200	3102040
23	3102040	3109120
23	3109120	3112680
23	3112680	3118840
23	3118840	3125200
23	3125200	3130200
23	3130200	3134520
23	3134520	3140520
23	3140520	3147640
23	3147640	3157920
23	3157920	3159400
23	3159400	3159480
23	3159480	3159920
23	3159920	3160120
23	3160120	3160280
23	3160280	3160800
23	3160800	3160920
23	3160920	3161480
23	3161480	3162840
23	3162840	3163120
23	3163120	3163320
23	3163320	3163480
23	3163480	3164040
23	3164040	3164400
23	3164400	3172200
23	3172200	3177960
23	3177960	3178520
23	3178520	3180160
23	3180160	3180240
23	3180240	3180480
23	3180480	3181760
23	3181760	3181960
23	3181960	3182560
23	3182560	3183400
23	3183400	3183840
23	3183840	3184120
23	3184120	3184360
23	3184360	3184800
23	3184800	3186240
23	3186240	3192920
23	3192920	3199920
23	3199920	3204600
23	3204600	3211160
23	3211160	3212840
23	3212840	3217160
23	3217160	3220120
23	3220120	3220720
23	3220720	3220880
23	3220880	3225200
23	3225200	3226000
23	3226000	3226360
23	3226360	3227120
23	3227120	3231000
23	3231000	3232440
23	3232440	3233400
23	3233400	3235840
23	3235840	3235920
23	3235920	3237920
23	3237920	3239040
23	3239040	3245360
23	3245360	3247440
23	3247440	3249240
23	3249240	3251240
23	3251240	3252480
23	3252480	3253680
23	3253680	3255000
23	3255000	3256240
23	3256240	3260440
23	3260440	3264240
23	3264240	3265880
23	3265880	3268920
23	3268920	3270400
23	3270400	3271440
23	3271440	3274200
23	3274200	3275720
23	3275720	3277120
23	3277120	3277520
24	3277520	3278640
24	3278640	3286920
24	3286920	3289160
24	3289160	3291040
24	3291040	3294960
24	3294960	3296280
24	3296280	3308040
25	3308040	3385280
