shot	start	end
0	0	1320
0	1320	1400
0	1400	6760
0	6760	9360
0	9360	10960
0	10960	19560
0	19560	20840
0	20840	22680
0	22680	24160
0	24160	31000
0	31000	36480
0	36480	43840
0	43840	45920
0	45920	47920
0	47920	49920
0	49920	50640
0	50640	50880
0	50880	51200
0	51200	52880
0	52880	60040
0	60040	73680
0	73680	81080
0	81080	87480
0	87480	95560
0	95560	111160
1	111160	115560
1	115560	118880
1	118880	125200
1	125200	131080
1	131080	133960
1	133960	145360
1	145360	159120
2	159120	163840
2	163840	167480
2	167480	169680
2	169680	171760
2	171760	174080
2	174080	178040
2	178040	180600
2	180600	185960
2	185960	194000
2	194000	198160
2	198160	202600
2	202600	205640
2	205640	207560
2	207560	210960
2	210960	214320
2	214320	217680
2	217680	224400
2	224400	226960
2	226960	236160
2	236160	238800
2	238800	245360
2	245360	252360
2	252360	255600
2	255600	259800
2	259800	265800
2	265800	270920
2	270920	273840
2	273840	275960
2	275960	280160
2	280160	282520
2	282520	289280
2	289280	291760
2	291760	296480
2	296480	297560
2	297560	299880
2	299880	302160
2	302160	304080
2	304080	304800
2	304800	306040
2	306040	308200
2	308200	314160
2	314160	324920
3	324920	345840
3	345840	355560
4	355560	377120
4	377120	388480
4	388480	390000
4	390000	395720
5	395720	403960
5	403960	407200
5	407200	408880
5	408880	411560
5	411560	415520
5	415520	419520
5	419520	421320
5	421320	424360
5	424360	427760
5	427760	432720
5	432720	435480
5	435480	438880
5	438880	440040
5	440040	442760
5	442760	445680
5	445680	448400
5	448400	449640
5	449640	450720
5	450720	453040
5	453040	455240
5	455240	456360
5	456360	459920
5	459920	462480
5	462480	464120
5	464120	469600
5	469600	471360
5	471360	472800
5	472800	474240
5	474240	475240
5	475240	480400
5	480400	483720
5	483720	488080
5	488080	489640
5	489640	491840
5	491840	493120
5	493120	495640
5	495640	497880
5	497880	498760
5	498760	500440
5	500440	503600
5	503600	505640
5	505640	508080
5	508080	511200
5	511200	515880
5	515880	517360
5	517360	519560
5	519560	521320
5	521320	526880
5	526880	530120
5	530120	542640
5	542640	545760
5	545760	551520
5	551520	553360
5	553360	555200
5	555200	557160
5	557160	559240
5	559240	562360
5	562360	567120
5	567120	570080
5	570080	572560
5	572560	573520
5	573520	575000
5	575000	579200
5	579200	581520
5	581520	584200
5	584200	586240
5	586240	590680
5	590680	593840
5	593840	597200
5	597200	598440
5	598440	602120
5	602120	604600
5	604600	609360
5	609360	614200
5	614200	615880
5	615880	618960
5	618960	619920
5	619920	622120
5	622120	624440
5	624440	629560
5	629560	631600
5	631600	636840
5	636840	638320
5	638320	640280
5	640280	641440
5	641440	643000
5	643000	645360
5	645360	648120
5	648120	649000
5	649000	650280
5	650280	650720
5	650720	651200
5	651200	651480
5	651480	652480
6	652480	653080
6	653080	653720
6	653720	654560
6	654560	657400
6	657400	658600
6	658600	659560
6	659560	660000
6	660000	660480
6	660480	661160
6	661160	663800
6	663800	666000
6	666000	667520
6	667520	668160
6	668160	671520
6	671520	674440
6	674440	679320
6	679320	681120
6	681120	682320
6	682320	684160
6	684160	687440
6	687440	688080
6	688080	689200
6	689200	689840
6	689840	690920
6	690920	692520
6	692520	693440
6	693440	694200
6	694200	695080
6	695080	696760
6	696760	700320
6	700320	701880
6	701880	703640
6	703640	705760
6	705760	716760
6	716760	726680
6	726680	733000
6	733000	737520
6	737520	740920
6	740920	742560
6	742560	745560
6	745560	749560
6	749560	750240
6	750240	752960
6	752960	755360
6	755360	758000
6	758000	761680
6	761680	763520
6	763520	766560
6	766560	767680
6	767680	768920
6	768920	771160
6	771160	772240
6	772240	774920
6	774920	775760
6	775760	776760
6	776760	777960
6	777960	780000
6	780000	780480
6	780480	781520
6	781520	782120
6	782120	783560
6	783560	785000
6	785000	785880
6	785880	789880
6	789880	791200
6	791200	794720
6	794720	800160
6	800160	803920
6	803920	809040
6	809040	812400
6	812400	818480
6	818480	820680
6	820680	821680
6	821680	823920
6	823920	831360
6	831360	835240
7	835240	839160
7	839160	842240
7	842240	844520
7	844520	847920
7	847920	850280
7	850280	850920
7	850920	852800
7	852800	853880
7	853880	855520
7	855520	856560
7	856560	858720
7	858720	861240
7	861240	863360
7	863360	864400
7	864400	866080
7	866080	867880
7	867880	874240
7	874240	877520
7	877520	884880
7	884880	893160
7	893160	898200
7	898200	900640
7	900640	916200
7	916200	924480
7	924480	926360
7	926360	929400
7	929400	935520
7	935520	943280
7	943280	948320
7	948320	949880
7	949880	959880
7	959880	962440
7	962440	964240
7	964240	968160
7	968160	974040
8	974040	984360
8	984360	992440
8	992440	1005720
8	1005720	1009600
8	1009600	1017600
8	1017600	1024600
8	1024600	1029440
8	1029440	1036240
8	1036240	1038400
8	1038400	1059040
8	1059040	1061280
8	1061280	1066520
8	1066520	1073240
8	1073240	1077120
8	1077120	1079200
8	1079200	1086040
8	1086040	1091280
8	1091280	1100000
8	1100000	1102120
8	1102120	1104280
8	1104280	1121400
8	1121400	1125800
8	1125800	1130840
8	1130840	1135840
8	1135840	1138080
8	1138080	1140280
9	1140280	1154360
9	1154360	1158240
9	1158240	1160560
9	1160560	1163120
9	1163120	1167760
9	1167760	1170520
9	1170520	1171440
9	1171440	1173720
9	1173720	1176760
9	1176760	1179840
9	1179840	1182520
9	1182520	1185080
9	1185080	1189080
9	1189080	1192080
9	1192080	1195080
9	1195080	1197560
9	1197560	1201680
9	1201680	1204720
9	1204720	1206160
9	1206160	1207160
9	1207160	1208720
9	1208720	1216960
9	1216960	1219400
9	1219400	1222800
9	1222800	1225320
9	1225320	1229280
9	1229280	1232960
9	1232960	1239720
9	1239720	1242800
9	1242800	1248040
9	1248040	1253840
9	1253840	1255400
9	1255400	1261280
9	1261280	1263560
9	1263560	1265240
9	1265240	1268640
9	1268640	1271760
9	1271760	1274680
9	1274680	1279480
10	1279480	1286080
10	1286080	1291160
10	1291160	1294560
10	1294560	1313760
10	1313760	1317000
10	1317000	1318200
10	1318200	1320400
10	1320400	1323560
10	1323560	1334240
10	1334240	1336240
10	1336240	1337640
10	1337640	1339160
10	1339160	1341880
10	1341880	1343840
10	1343840	1351480
10	1351480	1353800
10	1353800	1355120
10	1355120	1356720
10	1356720	1357600
10	1357600	1358840
10	1358840	1359600
10	1359600	1360600
10	1360600	1361840
10	1361840	1362960
10	1362960	1364000
10	1364000	1365640
10	1365640	1370480
10	1370480	1373560
10	1373560	1375600
10	1375600	1376960
10	1376960	1378800
10	1378800	1380920
10	1380920	1381960
10	1381960	1384120
10	1384120	1388200
10	1388200	1391840
11	1391840	1393760
11	1393760	1396560
11	1396560	1398720
11	1398720	1400880
11	1400880	1402680
11	1402680	1404200
11	1404200	1407040
11	1407040	1408320
11	1408320	1410320
11	1410320	1412760
11	1412760	1413840
11	1413840	1416040
11	1416040	1418440
11	1418440	1420360
11	1420360	1422400
11	1422400	1424800
11	1424800	1426400
11	1426400	1430360
11	1430360	1432240
11	1432240	1439480
11	1439480	1441800
11	1441800	1455320
11	1455320	1456720
11	1456720	1458880
11	1458880	1460800
11	1460800	1463080
11	1463080	1465080
11	1465080	1466640
11	1466640	1467880
11	1467880	1470600
11	1470600	1471920
11	1471920	1478960
11	1478960	1480480
11	1480480	1481560
11	1481560	1483800
11	1483800	1485600
11	1485600	1486640
11	1486640	1493840
11	1493840	1496240
11	1496240	1503680
11	1503680	1514360
11	1514360	1518840
11	1518840	1523080
11	1523080	1525560
11	1525560	1539280
11	1539280	1547840
11	1547840	1550200
11	1550200	1553320
12	1553320	1558400
12	1558400	1563520
12	1563520	1570480
12	1570480	1577520
12	1577520	1581080
12	1581080	1582400
12	1582400	1584160
12	1584160	1587680
12	1587680	1591800
12	1591800	1599720
12	1599720	1602200
12	1602200	1605040
12	1605040	1607920
12	1607920	1610080
12	1610080	1612760
12	1612760	1616240
12	1616240	1623800
12	1623800	1629880
12	1629880	1632480
12	1632480	1636280
12	1636280	1640200
12	1640200	1649560
12	1649560	1651040
12	1651040	1657560
12	1657560	1663560
12	1663560	1671240
12	1671240	1679320
12	1679320	1685800
12	1685800	1693120
13	1693120	1698400
13	1698400	1700280
13	1700280	1704040
13	1704040	1718400
13	1718400	1726920
14	1726920	1731440
14	1731440	1735680
14	1735680	1738600
14	1738600	1741840
14	1741840	1743000
14	1743000	1745240
14	1745240	1746440
14	1746440	1752280
14	1752280	1754840
14	1754840	1763640
14	1763640	1768480
14	1768480	1772000
14	1772000	1774760
14	1774760	1777480
14	1777480	1780880
14	1780880	1783280
14	1783280	1784880
14	1784880	1787880
14	1787880	1789880
14	1789880	1792360
14	1792360	1795600
14	1795600	1799320
14	1799320	1801440
14	1801440	1805320
14	1805320	1812760
14	1812760	1814800
14	1814800	1817280
14	1817280	1819840
14	1819840	1821440
14	1821440	1823240
14	1823240	1827240
14	1827240	1839080
14	1839080	1841480
14	1841480	1847480
14	1847480	1856920
14	1856920	1858440
14	1858440	1859800
14	1859800	1861240
14	1861240	1863200
14	1863200	1871000
14	1871000	1877440
14	1877440	1879880
14	1879880	1880880
14	1880880	1887080
14	1887080	1892280
14	1892280	1894760
14	1894760	1898000
15	1898000	1907280
15	1907280	1911640
15	1911640	1916080
15	1916080	1920680
15	1920680	1926600
15	1926600	1929120
15	1929120	1933880
15	1933880	1936120
15	1936120	1943000
15	1943000	1945440
15	1945440	1951480
15	1951480	1952920
15	1952920	1958040
15	1958040	1960920
15	1960920	1977560
15	1977560	1982600
15	1982600	1984800
15	1984800	1988120
15	1988120	1996200
15	1996200	1999320
15	1999320	2005200
15	2005200	2007560
15	2007560	2019600
15	2019600	2021600
15	2021600	2026520
15	2026520	2029080
15	2029080	2031000
15	2031000	2034080
15	2034080	2038720
15	2038720	2043440
15	2043440	2057280
15	2057280	2065680
15	2065680	2067920
15	2067920	2071720
16	2071720	2076840
16	2076840	2081320
16	2081320	2083280
16	2083280	2085360
16	2085360	2086760
16	2086760	2090600
16	2090600	2097760
16	2097760	2102520
16	2102520	2107200
16	2107200	2112200
16	2112200	2115240
16	2115240	2120720
16	2120720	2122800
16	2122800	2125360
16	2125360	2127080
16	2127080	2128840
16	2128840	2139280
16	2139280	2141560
16	2141560	2149720
16	2149720	2151360
16	2151360	2157120
16	2157120	2166400
16	2166400	2172880
16	2172880	2178600
16	2178600	2181800
16	2181800	2183960
16	2183960	2186480
16	2186480	2193400
16	2193400	2199600
16	2199600	2206240
17	2206240	2245120
17	2245120	2249160
17	2249160	2251480
17	2251480	2254120
17	2254120	2264440
17	2264440	2269920
17	2269920	2273320
17	2273320	2275560
17	2275560	2278440
17	2278440	2287400
17	2287400	2290400
17	2290400	2293760
17	2293760	2296880
17	2296880	2303280
17	2303280	2304800
17	2304800	2314520
17	2314520	2318360
17	2318360	2328280
17	2328280	2331920
17	2331920	2334520
17	2334520	2336480
17	2336480	2338360
17	2338360	2341520
17	2341520	2344320
17	2344320	2347640
17	2347640	2349720
17	2349720	2351600
17	2351600	2353600
17	2353600	2361880
17	2361880	2363880
17	2363880	2404200
17	2404200	2405680
17	2405680	2412680
17	2412680	2415120
17	2415120	2425720
17	2425720	2431520
17	2431520	2435960
17	2435960	2451080
17	2451080	2454000
17	2454000	2455720
17	2455720	2468520
17	2468520	2475880
17	2475880	2476760
17	2476760	2478760
17	2478760	2480600
17	2480600	2483120
17	2483120	2483720
17	2483720	2484800
17	2484800	2509040
17	2509040	2511400
17	2511400	2512920
17	2512920	2514640
17	2514640	2519560
17	2519560	2522000
17	2522000	2524040
17	2524040	2526680
17	2526680	2528120
17	2528120	2530520
17	2530520	2535520
18	2535520	2542520
18	2542520	2552360
18	2552360	2557600
18	2557600	2559440
18	2559440	2561640
18	2561640	2563600
18	2563600	2564880
18	2564880	2568760
18	2568760	2572560
18	2572560	2576680
18	2576680	2577560
18	2577560	2580960
18	2580960	2584040
18	2584040	2585720
18	2585720	2588120
19	2588120	2595440
19	2595440	2598400
19	2598400	2600440
19	2600440	2601280
19	2601280	2602840
19	2602840	2603480
19	2603480	2608240
19	2608240	2613200
19	2613200	2626400
19	2626400	2629600
19	2629600	2633360
19	2633360	2636800
19	2636800	2639760
19	2639760	2645880
19	2645880	2652120
20	2652120	2654520
20	2654520	2659440
20	2659440	2666360
20	2666360	2671800
20	2671800	2674720
20	2674720	2677520
20	2677520	2680600
20	2680600	2684520
21	2684520	2696640
22	2696640	2699280
22	2699280	2702240
22	2702240	2706680
22	2706680	2712720
22	2712720	2714400
22	2714400	2717640
22	2717640	2723480
22	2723480	2729160
22	2729160	2732080
22	2732080	2734360
22	2734360	2737360
22	2737360	2747120
22	2747120	2749280
22	2749280	2753120
22	2753120	2756000
22	2756000	2764320
22	2764320	2768600
22	2768600	2770880
22	2770880	2773400
22	2773400	2774800
22	2774800	2776640
22	2776640	2779400
22	2779400	2782760
22	2782760	2784640
22	2784640	2785960
22	2785960	2789520
22	2789520	2792280
23	2792280	2796600
23	2796600	2801600
23	2801600	2804120
23	2804120	2805520
23	2805520	2807680
23	2807680	2809520
23	2809520	2811240
23	2811240	2812800
23	2812800	2815280
23	2815280	2816640
23	2816640	2817840
23	2817840	2818920
23	2818920	2820600
23	2820600	2826240
23	2826240	2828120
23	2828120	2835480
23	2835480	2837400
23	2837400	2839840
23	2839840	2841160
23	2841160	2843080
23	2843080	2847920
23	2847920	2849840
23	2849840	2856040
23	2856040	2859720
23	2859720	2860920
23	2860920	2862120
23	2862120	2864320
23	2864320	2865200
23	2865200	2868160
23	2868160	2873960
23	2873960	2877240
23	2877240	2886960
23	2886960	2891240
23	2891240	2892720
23	2892720	2895280
23	2895280	2897280
23	2897280	2898200
23	2898200	2899320
23	2899320	2901040
23	2901040	2902280
23	2902280	2903720
23	2903720	2908680
23	2908680	2910960
23	2910960	2912720
23	2912720	2914440
23	2914440	2917480
23	2917480	2919600
23	2919600	2920440
23	2920440	2921560
23	2921560	2925080
23	2925080	2926160
23	2926160	2927400
23	2927400	2928880
23	2928880	2930800
23	2930800	2932320
23	2932320	2937080
23	2937080	2938760
23	2938760	2942000
23	2942000	2943240
23	2943240	2944400
23	2944400	2948840
23	2948840	2950200
23	2950200	2954840
23	2954840	2955840
23	2955840	2956640
23	2956640	2957080
23	2957080	2958120
23	2958120	2959200
23	2959200	2960200
23	2960200	2961040
23	2961040	2961880
23	2961880	2962720
23	2962720	2963680
23	2963680	2964480
23	2964480	2965600
23	2965600	2966640
23	2966640	2967680
23	2967680	2973480
23	2973480	2974640
23	2974640	2977320
23	2977320	2979800
23	2979800	2983160
23	2983160	2985440
23	2985440	2986880
23	2986880	2987880
23	2987880	2990200
23	2990200	2991360
23	2991360	2992760
23	2992760	2993480
23	2993480	2994120
23	2994120	2995600
23	2995600	2998600
24	2998600	3004880
24	3004880	3007880
24	3007880	3009600
24	3009600	3012200
24	3012200	3014360
24	3014360	3017960
24	3017960	3026560
24	3026560	3032720
24	3032720	3037600
24	3037600	3052880
24	3052880	3057800
24	3057800	3061320
24	3061320	3066200
24	3066200	3073720
24	3073720	3075680
24	3075680	3079280
24	3079280	3082520
24	3082520	3085640
24	3085640	3088960
24	3088960	3092760
24	3092760	3094960
24	3094960	3098400
24	3098400	3099080
24	3099080	3108520
24	3108520	3112600
24	3112600	3117200
25	3117200	3196280
