shot	start	end
0	0	1320
0	1320	1400
0	1400	6760
0	6760	9360
0	9360	10960
0	10960	19560
0	19560	20840
0	20840	22680
0	22680	24160
0	24160	32800
0	32800	34680
0	34680	36680
0	36680	38680
0	38680	39400
0	39400	39640
0	39640	39960
0	39960	41600
0	41600	48760
0	48760	62480
0	62480	70440
0	70440	76840
0	76840	84920
0	84920	90240
0	90240	95560
0	95560	115440
1	115440	125320
1	125320	134160
1	134160	140240
1	140240	143400
1	143400	145160
1	145160	146320
1	146320	148160
1	148160	149480
1	149480	150520
1	150520	156880
1	156880	157600
1	157600	158360
1	158360	158720
1	158720	159440
1	159440	161320
1	161320	164120
1	164120	165080
1	165080	167400
1	167400	172360
2	172360	178960
2	178960	181400
2	181400	186920
2	186920	200560
2	200560	204800
2	204800	207720
2	207720	209840
2	209840	212920
2	212920	215600
2	215600	216920
2	216920	219240
2	219240	223760
2	223760	225480
2	225480	230720
2	230720	238520
2	238520	241200
3	241200	249720
3	249720	258880
3	258880	264280
3	264280	269800
3	269800	276400
3	276400	278680
3	278680	281760
3	281760	285000
3	285000	287480
3	287480	290240
3	290240	294480
3	294480	298520
3	298520	301400
3	301400	306720
3	306720	308640
3	308640	312720
3	312720	315120
3	315120	320960
3	320960	322080
3	322080	324680
3	324680	326840
3	326840	331280
4	331280	335520
4	335520	345400
4	345400	347960
4	347960	349880
4	349880	356920
4	356920	358840
4	358840	359880
4	359880	361440
4	361440	363240
4	363240	367960
4	367960	370160
4	370160	371840
4	371840	375640
4	375640	377840
4	377840	381760
4	381760	383640
4	383640	385800
4	385800	387560
4	387560	390000
4	390000	393840
4	393840	395280
4	395280	397160
4	397160	399280
4	399280	402600
4	402600	404560
4	404560	406960
4	406960	410240
4	410240	412480
4	412480	415200
4	415200	417200
4	417200	418520
4	418520	422680
4	422680	428280
5	428280	436680
5	436680	444560
5	444560	447600
5	447600	450160
5	450160	454080
5	454080	457760
5	457760	459960
5	459960	464040
5	464040	472640
5	472640	475040
5	475040	477240
5	477240	479800
5	479800	481960
5	481960	486920
5	486920	488440
5	488440	497920
5	497920	500800
5	500800	505360
5	505360	510680
5	510680	513640
6	513640	533640
6	533640	541320
6	541320	545040
6	545040	548360
6	548360	553280
6	553280	555640
6	555640	557680
6	557680	560640
6	560640	562280
6	562280	564080
6	564080	567040
6	567040	568440
6	568440	574600
6	574600	579200
6	579200	580520
6	580520	582400
6	582400	585480
6	585480	587440
6	587440	589120
6	589120	592040
6	592040	605240
6	605240	607520
6	607520	613200
6	613200	615280
6	615280	617360
6	617360	620840
6	620840	622760
6	622760	628800
6	628800	630840
6	630840	637280
6	637280	638760
6	638760	640200
6	640200	644480
7	644480	650920
7	650920	653720
7	653720	655400
7	655400	656280
7	656280	658160
7	658160	660600
7	660600	662200
7	662200	664000
7	664000	665160
7	665160	666760
7	666760	669600
7	669600	673320
7	673320	676520
7	676520	679280
7	679280	680960
7	680960	683160
7	683160	688160
7	688160	692600
7	692600	694160
7	694160	696360
7	696360	697600
7	697600	699560
7	699560	701440
7	701440	703080
7	703080	704480
7	704480	710160
7	710160	711800
7	711800	714040
7	714040	720440
7	720440	722120
7	722120	724720
7	724720	726840
7	726840	729920
7	729920	731920
7	731920	734480
7	734480	736320
7	736320	738040
7	738040	743200
7	743200	744920
7	744920	747120
7	747120	751200
7	751200	752640
7	752640	754000
7	754000	756720
7	756720	759640
7	759640	760880
7	760880	762920
7	762920	764280
7	764280	766760
7	766760	769480
7	769480	771960
7	771960	773600
7	773600	778680
7	778680	780640
7	780640	782080
7	782080	787800
7	787800	790800
7	790800	792800
7	792800	794000
7	794000	795200
7	795200	797400
7	797400	798880
7	798880	803760
7	803760	805720
7	805720	808480
7	808480	812760
7	812760	813920
7	813920	815440
7	815440	819080
7	819080	823840
7	823840	828720
7	828720	830560
7	830560	831480
7	831480	833360
7	833360	837760
7	837760	842240
7	842240	844000
7	844000	845600
7	845600	846840
7	846840	853040
7	853040	856120
7	856120	858920
8	858920	864800
8	864800	865320
8	865320	866280
8	866280	867280
8	867280	868600
8	868600	869160
8	869160	870880
8	870880	873640
8	873640	875240
8	875240	875720
8	875720	876960
8	876960	877480
8	877480	877760
8	877760	878320
8	878320	879280
8	879280	880160
8	880160	880600
8	880600	881440
8	881440	885120
8	885120	888240
8	888240	889160
8	889160	890760
8	890760	892200
8	892200	893000
8	893000	893840
8	893840	894480
8	894480	896360
8	896360	898200
8	898200	899000
8	899000	900400
8	900400	901480
8	901480	902480
8	902480	904240
8	904240	907480
8	907480	908280
8	908280	908520
8	908520	910960
8	910960	911680
8	911680	912040
8	912040	913120
8	913120	915480
8	915480	917200
8	917200	919880
8	919880	921400
8	921400	925440
8	925440	927320
8	927320	931960
8	931960	933280
8	933280	936240
8	936240	937200
8	937200	938600
8	938600	941040
9	941040	945760
9	945760	948280
9	948280	952240
9	952240	956240
9	956240	958640
9	958640	960120
9	960120	967120
9	967120	969520
9	969520	971080
9	971080	972240
9	972240	973360
9	973360	973640
9	973640	976600
9	976600	978240
9	978240	979480
9	979480	982320
10	982320	990480
10	990480	994320
10	994320	995440
10	995440	996360
10	996360	999240
10	999240	1001280
10	1001280	1003560
10	1003560	1006880
10	1006880	1014560
10	1014560	1016880
10	1016880	1020920
10	1020920	1025640
10	1025640	1027440
10	1027440	1033400
10	1033400	1037080
10	1037080	1038600
10	1038600	1039800
10	1039800	1041920
10	1041920	1043240
10	1043240	1050840
10	1050840	1052960
10	1052960	1056480
10	1056480	1059480
10	1059480	1060840
10	1060840	1064560
10	1064560	1066360
10	1066360	1069560
10	1069560	1075120
10	1075120	1081280
10	1081280	1084760
10	1084760	1087920
10	1087920	1090160
10	1090160	1093720
10	1093720	1095000
10	1095000	1097080
10	1097080	1100720
10	1100720	1114000
10	1114000	1122160
10	1122160	1124640
10	1124640	1129520
10	1129520	1131880
10	1131880	1134000
10	1134000	1135920
10	1135920	1138560
10	1138560	1139560
10	1139560	1140920
10	1140920	1142160
10	1142160	1143640
10	1143640	1147800
10	1147800	1149360
10	1149360	1151480
10	1151480	1153000
10	1153000	1155000
10	1155000	1156240
10	1156240	1158040
10	1158040	1161000
10	1161000	1167400
10	1167400	1170360
10	1170360	1172680
10	1172680	1174640
10	1174640	1177000
10	1177000	1178760
10	1178760	1180880
10	1180880	1184720
10	1184720	1186960
10	1186960	1191000
11	1191000	1203760
11	1203760	1210000
11	1210000	1212200
11	1212200	1213920
11	1213920	1217400
11	1217400	1220240
11	1220240	1224760
11	1224760	1228680
11	1228680	1230160
11	1230160	1232280
11	1232280	1233280
11	1233280	1235000
11	1235000	1236880
11	1236880	1238280
11	1238280	1239680
11	1239680	1240920
11	1240920	1243600
11	1243600	1244880
11	1244880	1246840
11	1246840	1249360
11	1249360	1250600
11	1250600	1252560
11	1252560	1254200
11	1254200	1255360
11	1255360	1258080
11	1258080	1260160
12	1260160	1269200
12	1269200	1271840
12	1271840	1273720
12	1273720	1275560
12	1275560	1277600
12	1277600	1279520
12	1279520	1281040
12	1281040	1284040
12	1284040	1287040
12	1287040	1290040
12	1290040	1292400
12	1292400	1295720
12	1295720	1297880
12	1297880	1300080
12	1300080	1301400
12	1301400	1305400
12	1305400	1306960
12	1306960	1308680
12	1308680	1316600
12	1316600	1319280
12	1319280	1320840
12	1320840	1322000
12	1322000	1323440
12	1323440	1325400
12	1325400	1327080
12	1327080	1328720
12	1328720	1332320
12	1332320	1334880
12	1334880	1337640
12	1337640	1338480
12	1338480	1339440
12	1339440	1341000
12	1341000	1341880
12	1341880	1342880
12	1342880	1347960
12	1347960	1350520
12	1350520	1352400
12	1352400	1353680
12	1353680	1355240
12	1355240	1356480
12	1356480	1358760
12	1358760	1359960
12	1359960	1360320
12	1360320	1360960
12	1360960	1362600
12	1362600	1363520
12	1363520	1365520
12	1365520	1367000
12	1367000	1368760
12	1368760	1372160
12	1372160	1373640
12	1373640	1375600
12	1375600	1377400
12	1377400	1382960
12	1382960	1384120
12	1384120	1385280
12	1385280	1386920
12	1386920	1390280
12	1390280	1391600
12	1391600	1393640
12	1393640	1396080
12	1396080	1397560
12	1397560	1401120
12	1401120	1403280
12	1403280	1405280
12	1405280	1406960
12	1406960	1408760
12	1408760	1409400
12	1409400	1410120
12	1410120	1412680
12	1412680	1413880
12	1413880	1415720
13	1415720	1424920
13	1424920	1427600
13	1427600	1430040
13	1430040	1431680
13	1431680	1443000
13	1443000	1445640
13	1445640	1447760
13	1447760	1449440
13	1449440	1452400
13	1452400	1462240
13	1462240	1465600
13	1465600	1468080
14	1468080	1474240
14	1474240	1477520
14	1477520	1481720
14	1481720	1484520
14	1484520	1488920
14	1488920	1493040
14	1493040	1495840
14	1495840	1498760
14	1498760	1501160
14	1501160	1504360
14	1504360	1506320
14	1506320	1509600
14	1509600	1515360
14	1515360	1518880
14	1518880	1525160
15	1525160	1532320
15	1532320	1540440
15	1540440	1544000
15	1544000	1546240
15	1546240	1549200
15	1549200	1553040
15	1553040	1556160
15	1556160	1560640
15	1560640	1564800
15	1564800	1567080
15	1567080	1569600
15	1569600	1572200
15	1572200	1576040
15	1576040	1588840
15	1588840	1591880
15	1591880	1599760
15	1599760	1602840
15	1602840	1606320
15	1606320	1610160
15	1610160	1614240
15	1614240	1616280
15	1616280	1621480
15	1621480	1626880
16	1626880	1630240
16	1630240	1630960
16	1630960	1635600
16	1635600	1637560
16	1637560	1641160
16	1641160	1643440
16	1643440	1650200
16	1650200	1651440
16	1651440	1654720
16	1654720	1656920
16	1656920	1659640
16	1659640	1664800
16	1664800	1676400
16	1676400	1688320
16	1688320	1690880
16	1690880	1694360
16	1694360	1696720
16	1696720	1705480
16	1705480	1710960
16	1710960	1719800
16	1719800	1722920
16	1722920	1732560
16	1732560	1735440
16	1735440	1745240
16	1745240	1757480
16	1757480	1766480
16	1766480	1768160
16	1768160	1770320
16	1770320	1773160
16	1773160	1775200
16	1775200	1779080
16	1779080	1780640
16	1780640	1792760
17	1792760	1802000
17	1802000	1807240
17	1807240	1810200
17	1810200	1813560
17	1813560	1816680
17	1816680	1819800
17	1819800	1822720
17	1822720	1826480
17	1826480	1832680
17	1832680	1835520
17	1835520	1837240
17	1837240	1838080
17	1838080	1839480
17	1839480	1840680
17	1840680	1842080
17	1842080	1845840
17	1845840	1848360
17	1848360	1851160
17	1851160	1854800
17	1854800	1856240
17	1856240	1859800
17	1859800	1862120
17	1862120	1867200
17	1867200	1869920
17	1869920	1872840
17	1872840	1874280
17	1874280	1876240
17	1876240	1879720
17	1879720	1881040
17	1881040	1882240
17	1882240	1886720
17	1886720	1888840
17	1888840	1891000
17	1891000	1892760
17	1892760	1896080
17	1896080	1897200
17	1897200	1899920
17	1899920	1901200
17	1901200	1902760
17	1902760	1904240
17	1904240	1905720
17	1905720	1906960
17	1906960	1909440
17	1909440	1910400
17	1910400	1911640
17	1911640	1914520
17	1914520	1916040
17	1916040	1917600
17	1917600	1918720
17	1918720	1920680
17	1920680	1923160
17	1923160	1926840
17	1926840	1928840
17	1928840	1930680
17	1930680	1932720
17	1932720	1939400
17	1939400	1942360
17	1942360	1945440
17	1945440	1953880
17	1953880	1955080
17	1955080	1963400
17	1963400	1971480
18	1971480	1990440
18	1990440	1999240
18	1999240	2001320
18	2001320	2003720
18	2003720	2005120
18	2005120	2017080
18	2017080	2018480
18	2018480	2019720
18	2019720	2023480
18	2023480	2025720
18	2025720	2027160
18	2027160	2028760
18	2028760	2030680
18	2030680	2035080
18	2035080	2042680
18	2042680	2044720
18	2044720	2047120
18	2047120	2049600
18	2049600	2055360
18	2055360	2059600
18	2059600	2061160
18	2061160	2066280
18	2066280	2068760
18	2068760	2071360
18	2071360	2077720
18	2077720	2080360
18	2080360	2081640
18	2081640	2083040
18	2083040	2085560
18	2085560	2086960
18	2086960	2090200
18	2090200	2091720
18	2091720	2094600
18	2094600	2097520
18	2097520	2099640
18	2099640	2101560
18	2101560	2105680
18	2105680	2109040
18	2109040	2110600
18	2110600	2114640
18	2114640	2121080
18	2121080	2121880
18	2121880	2122720
18	2122720	2123920
18	2123920	2125800
18	2125800	2127960
18	2127960	2129240
18	2129240	2130600
18	2130600	2132240
18	2132240	2133240
18	2133240	2136400
18	2136400	2138800
18	2138800	2141720
18	2141720	2144160
18	2144160	2147000
18	2147000	2151040
18	2151040	2152640
18	2152640	2156000
18	2156000	2158800
18	2158800	2160440
18	2160440	2163080
18	2163080	2164720
18	2164720	2166120
18	2166120	2168920
18	2168920	2170720
18	2170720	2173640
18	2173640	2175480
18	2175480	2176920
18	2176920	2177760
18	2177760	2178480
18	2178480	2179280
18	2179280	2179920
18	2179920	2181680
18	2181680	2187040
18	2187040	2189000
18	2189000	2191600
18	2191600	2192520
18	2192520	2194800
18	2194800	2198480
18	2198480	2202600
18	2202600	2206800
18	2206800	2213560
18	2213560	2215120
18	2215120	2219160
18	2219160	2225280
18	2225280	2229160
18	2229160	2230280
18	2230280	2232160
18	2232160	2233080
18	2233080	2235400
18	2235400	2245360
18	2245360	2248080
18	2248080	2253200
18	2253200	2256000
18	2256000	2257240
18	2257240	2258240
18	2258240	2259320
18	2259320	2262320
18	2262320	2263440
18	2263440	2264600
18	2264600	2266920
18	2266920	2267800
18	2267800	2270360
18	2270360	2271480
18	2271480	2275600
18	2275600	2279040
18	2279040	2281520
18	2281520	2282600
18	2282600	2287680
18	2287680	2288720
18	2288720	2289720
18	2289720	2291400
18	2291400	2295840
18	2295840	2299360
18	2299360	2300440
18	2300440	2301760
18	2301760	2306360
18	2306360	2310680
18	2310680	2314240
18	2314240	2321840
18	2321840	2324440
18	2324440	2327680
18	2327680	2329360
18	2329360	2330720
18	2330720	2332640
18	2332640	2334040
18	2334040	2336080
18	2336080	2338040
18	2338040	2340960
18	2340960	2341920
18	2341920	2343120
18	2343120	2344640
18	2344640	2346680
18	2346680	2347920
18	2347920	2349640
18	2349640	2350320
18	2350320	2351520
18	2351520	2353480
18	2353480	2354720
18	2354720	2355560
18	2355560	2356280
18	2356280	2356840
18	2356840	2357920
18	2357920	2359520
18	2359520	2361240
18	2361240	2363760
18	2363760	2365960
18	2365960	2366640
18	2366640	2367400
18	2367400	2369200
18	2369200	2370000
18	2370000	2371440
18	2371440	2372600
18	2372600	2374080
18	2374080	2375160
18	2375160	2377160
18	2377160	2378760
18	2378760	2380440
18	2380440	2380880
18	2380880	2381360
18	2381360	2382440
18	2382440	2384760
18	2384760	2386760
18	2386760	2389800
18	2389800	2394200
18	2394200	2397000
18	2397000	2397720
18	2397720	2398480
18	2398480	2399120
18	2399120	2401360
18	2401360	2403360
18	2403360	2404680
18	2404680	2406240
18	2406240	2409800
18	2409800	2410680
18	2410680	2411720
18	2411720	2413000
18	2413000	2415200
18	2415200	2416320
18	2416320	2418720
18	2418720	2420800
18	2420800	2422120
18	2422120	2423680
18	2423680	2424680
18	2424680	2426600
18	2426600	2428560
18	2428560	2429560
18	2429560	2432320
18	2432320	2434120
18	2434120	2436800
18	2436800	2437720
18	2437720	2438720
18	2438720	2439640
18	2439640	2440960
18	2440960	2442040
18	2442040	2444160
18	2444160	2445680
18	2445680	2446520
18	2446520	2449080
18	2449080	2450680
18	2450680	2453520
18	2453520	2456080
18	2456080	2457360
18	2457360	2459360
18	2459360	2460200
18	2460200	2462760
18	2462760	2463760
18	2463760	2464400
18	2464400	2465800
18	2465800	2466120
18	2466120	2467120
18	2467120	2467760
18	2467760	2469280
18	2469280	2470720
18	2470720	2473600
18	2473600	2474720
18	2474720	2475400
18	2475400	2476240
18	2476240	2477360
18	2477360	2479800
18	2479800	2482920
18	2482920	2486920
18	2486920	2489360
18	2489360	2490400
18	2490400	2490840
18	2490840	2491920
18	2491920	2492360
18	2492360	2493320
18	2493320	2493720
18	2493720	2494400
18	2494400	2495680
18	2495680	2497120
18	2497120	2497840
18	2497840	2499520
18	2499520	2501320
18	2501320	2501880
18	2501880	2502600
18	2502600	2503600
18	2503600	2504160
18	2504160	2506000
18	2506000	2506920
18	2506920	2508120
18	2508120	2510160
18	2510160	2510800
18	2510800	2512040
18	2512040	2512640
18	2512640	2513320
18	2513320	2514400
18	2514400	2517000
18	2517000	2520880
18	2520880	2522800
18	2522800	2523880
18	2523880	2527520
18	2527520	2530800
18	2530800	2534720
18	2534720	2536280
18	2536280	2536920
18	2536920	2537720
18	2537720	2540840
18	2540840	2541840
18	2541840	2542480
18	2542480	2544400
18	2544400	2545760
18	2545760	2547120
18	2547120	2548240
18	2548240	2549720
18	2549720	2551040
18	2551040	2552320
18	2552320	2553440
18	2553440	2554480
18	2554480	2555360
18	2555360	2556200
18	2556200	2557800
18	2557800	2559600
18	2559600	2561440
18	2561440	2563160
18	2563160	2565640
18	2565640	2567080
18	2567080	2568520
18	2568520	2570400
18	2570400	2573640
18	2573640	2574480
18	2574480	2575280
18	2575280	2576760
18	2576760	2577520
18	2577520	2578480
18	2578480	2579160
18	2579160	2579960
18	2579960	2580800
18	2580800	2582640
18	2582640	2584960
18	2584960	2587560
18	2587560	2588680
18	2588680	2589480
18	2589480	2589920
18	2589920	2590640
18	2590640	2591240
18	2591240	2593520
18	2593520	2594720
18	2594720	2595840
18	2595840	2597200
18	2597200	2597840
18	2597840	2598760
18	2598760	2599200
18	2599200	2599960
18	2599960	2600520
18	2600520	2601760
18	2601760	2604360
18	2604360	2605920
18	2605920	2606920
18	2606920	2610000
18	2610000	2611720
18	2611720	2612840
18	2612840	2614600
18	2614600	2615520
18	2615520	2618560
18	2618560	2620400
18	2620400	2622480
18	2622480	2624320
18	2624320	2626080
18	2626080	2626760
18	2626760	2628560
18	2628560	2629560
18	2629560	2631600
18	2631600	2632760
18	2632760	2634440
18	2634440	2636640
18	2636640	2637600
18	2637600	2639920
18	2639920	2641760
18	2641760	2643200
18	2643200	2645400
18	2645400	2647960
18	2647960	2648680
18	2648680	2650680
18	2650680	2653520
18	2653520	2655400
18	2655400	2657560
18	2657560	2658560
18	2658560	2659600
18	2659600	2660240
18	2660240	2661960
18	2661960	2663040
18	2663040	2664200
18	2664200	2668480
18	2668480	2670200
18	2670200	2671040
18	2671040	2672080
18	2672080	2676760
18	2676760	2679400
18	2679400	2680600
18	2680600	2681400
18	2681400	2683760
18	2683760	2687640
18	2687640	2689800
18	2689800	2691560
18	2691560	2694040
18	2694040	2695600
18	2695600	2696760
18	2696760	2697960
18	2697960	2699080
18	2699080	2699840
18	2699840	2700280
18	2700280	2701400
18	2701400	2702000
18	2702000	2703240
18	2703240	2705520
18	2705520	2707800
18	2707800	2708800
18	2708800	2709640
18	2709640	2710360
18	2710360	2711400
18	2711400	2714880
18	2714880	2715840
18	2715840	2716760
18	2716760	2717760
18	2717760	2721280
18	2721280	2722520
18	2722520	2723520
18	2723520	2724600
18	2724600	2727240
18	2727240	2728360
18	2728360	2730080
18	2730080	2734040
18	2734040	2736320
18	2736320	2739440
18	2739440	2748320
18	2748320	2750160
18	2750160	2751120
18	2751120	2752680
18	2752680	2754000
18	2754000	2754920
18	2754920	2757640
18	2757640	2758960
18	2758960	2763680
18	2763680	2765240
18	2765240	2766880
18	2766880	2769280
18	2769280	2771600
18	2771600	2773360
18	2773360	2774960
18	2774960	2775440
18	2775440	2776440
18	2776440	2782720
18	2782720	2784240
18	2784240	2784840
18	2784840	2786720
18	2786720	2787640
18	2787640	2791160
18	2791160	2791680
18	2791680	2792720
18	2792720	2796960
18	2796960	2798800
18	2798800	2801120
18	2801120	2804520
18	2804520	2806920
18	2806920	2811960
18	2811960	2813120
18	2813120	2816000
18	2816000	2816600
18	2816600	2817920
18	2817920	2819200
18	2819200	2819920
18	2819920	2821680
18	2821680	2823400
18	2823400	2824920
18	2824920	2826400
18	2826400	2828040
18	2828040	2829560
18	2829560	2833720
18	2833720	2834680
18	2834680	2837120
18	2837120	2838680
18	2838680	2839840
18	2839840	2840560
18	2840560	2843000
18	2843000	2843720
18	2843720	2844920
18	2844920	2847200
18	2847200	2848360
18	2848360	2850280
18	2850280	2852560
18	2852560	2855800
18	2855800	2858280
18	2858280	2861000
18	2861000	2863480
18	2863480	2864160
18	2864160	2865760
18	2865760	2866760
18	2866760	2868320
18	2868320	2870280
18	2870280	2871760
18	2871760	2874960
18	2874960	2877400
18	2877400	2880360
18	2880360	2881800
18	2881800	2884480
18	2884480	2888840
18	2888840	2892200
18	2892200	2894320
18	2894320	2896240
18	2896240	2898200
18	2898200	2899800
18	2899800	2900840
18	2900840	2902680
18	2902680	2905200
18	2905200	2908040
18	2908040	2918520
18	2918520	2933280
19	2933280	3012360
