shot	start	end
0	0	1320
0	1320	1400
0	1400	6760
0	6760	9360
0	9360	10960
0	10960	19560
0	19560	20880
0	20880	22720
0	22720	24200
0	24200	31040
0	31040	36640
0	36640	44320
0	44320	46200
0	46200	48160
0	48160	50240
0	50240	51120
0	51120	51360
0	51360	51680
0	51680	53680
0	53680	60560
0	60560	78640
0	78640	87720
0	87720	95560
0	95560	111960
1	111960	118960
1	118960	130360
1	130360	136920
1	136920	138800
1	138800	145320
1	145320	153040
1	153040	159520
1	159520	164760
1	164760	169120
1	169120	181240
1	181240	186720
1	186720	196880
1	196880	209120
1	209120	215080
1	215080	217440
1	217440	222400
1	222400	224360
1	224360	229520
1	229520	245520
1	245520	248320
1	248320	267360
1	267360	269160
1	269160	270840
1	270840	277120
1	277120	278520
1	278520	281440
1	281440	290120
1	290120	303400
1	303400	305840
1	305840	313840
1	313840	326920
1	326920	331360
1	331360	332480
1	332480	345920
1	345920	347040
1	347040	350240
2	350240	363520
2	363520	368360
2	368360	375600
2	375600	378880
2	378880	381600
2	381600	382840
2	382840	385520
2	385520	389480
2	389480	395400
2	395400	397000
2	397000	399400
2	399400	403240
2	403240	407280
3	407280	410880
3	410880	414920
3	414920	418560
3	418560	422360
3	422360	431200
3	431200	435000
3	435000	451920
3	451920	456320
3	456320	460760
3	460760	466680
3	466680	468280
3	468280	473160
3	473160	478720
3	478720	486520
3	486520	494160
3	494160	497160
3	497160	499200
3	499200	504640
3	504640	508760
3	508760	510880
3	510880	514200
3	514200	517160
3	517160	519640
3	519640	521480
3	521480	524560
3	524560	527800
3	527800	532720
3	532720	538000
4	538000	542760
4	542760	543240
4	543240	544240
4	544240	544640
4	544640	547600
4	547600	552360
4	552360	567680
4	567680	570680
4	570680	572360
4	572360	574680
4	574680	588080
4	588080	590480
4	590480	596160
4	596160	598960
4	598960	602720
4	602720	607840
4	607840	620040
4	620040	628640
4	628640	633880
4	633880	637040
4	637040	639480
4	639480	647880
4	647880	654760
4	654760	657880
4	657880	679520
4	679520	685680
4	685680	699360
4	699360	708600
4	708600	710960
4	710960	713800
4	713800	726840
4	726840	729440
4	729440	739920
5	739920	764840
5	764840	771920
5	771920	777320
5	777320	785360
5	785360	787520
5	787520	792440
5	792440	803200
5	803200	809840
5	809840	811840
5	811840	827040
5	827040	831200
5	831200	835800
5	835800	844680
5	844680	846880
5	846880	849120
5	849120	852960
5	852960	857640
5	857640	892920
5	892920	897440
5	897440	901280
6	901280	905640
6	905640	913760
6	913760	917760
6	917760	919440
6	919440	922200
6	922200	927920
6	927920	935360
6	935360	937920
6	937920	940600
6	940600	941960
6	941960	944360
6	944360	945800
6	945800	947320
6	947320	948800
6	948800	952280
6	952280	954480
6	954480	957440
6	957440	959920
6	959920	961720
7	961720	966480
7	966480	969680
7	969680	972040
7	972040	976600
7	976600	978440
7	978440	980600
7	980600	981960
7	981960	984760
7	984760	987760
7	987760	990320
7	990320	994160
7	994160	1000680
7	1000680	1003320
7	1003320	1011720
7	1011720	1017680
7	1017680	1019840
7	1019840	1022120
7	1022120	1029320
7	1029320	1034480
8	1034480	1037000
8	1037000	1039560
8	1039560	1041800
8	1041800	1043280
8	1043280	1046480
8	1046480	1047840
8	1047840	1049000
8	1049000	1052200
8	1052200	1055400
8	1055400	1063880
8	1063880	1065040
8	1065040	1068360
8	1068360	1071120
8	1071120	1073160
8	1073160	1078320
8	1078320	1080760
8	1080760	1082480
8	1082480	1085360
8	1085360	1086560
8	1086560	1090480
8	1090480	1092520
8	1092520	1095280
8	1095280	1096960
8	1096960	1100320
8	1100320	1103800
8	1103800	1105480
8	1105480	1107640
8	1107640	1110400
8	1110400	1115400
8	1115400	1120000
8	1120000	1122240
8	1122240	1127880
8	1127880	1130040
8	1130040	1131120
8	1131120	1134400
8	1134400	1140520
8	1140520	1143400
9	1143400	1152840
9	1152840	1159480
9	1159480	1167080
9	1167080	1173080
9	1173080	1176160
9	1176160	1179320
9	1179320	1182320
9	1182320	1185360
9	1185360	1196000
10	1196000	1203560
10	1203560	1207640
10	1207640	1210040
10	1210040	1212640
10	1212640	1216080
10	1216080	1218640
10	1218640	1225320
10	1225320	1231840
10	1231840	1236040
10	1236040	1238520
10	1238520	1242440
10	1242440	1246240
10	1246240	1249280
10	1249280	1254760
10	1254760	1265760
10	1265760	1270760
10	1270760	1272600
10	1272600	1274480
10	1274480	1275400
10	1275400	1276720
10	1276720	1277840
10	1277840	1279560
10	1279560	1282480
10	1282480	1285920
10	1285920	1290240
10	1290240	1292680
10	1292680	1295080
10	1295080	1296800
10	1296800	1301560
10	1301560	1303120
10	1303120	1304520
10	1304520	1306560
10	1306560	1312440
10	1312440	1313680
10	1313680	1315640
10	1315640	1317640
10	1317640	1321440
10	1321440	1323880
11	1323880	1327320
11	1327320	1330760
11	1330760	1333560
11	1333560	1336160
11	1336160	1338640
11	1338640	1342680
11	1342680	1345280
11	1345280	1346440
11	1346440	1347920
11	1347920	1349800
11	1349800	1350960
11	1350960	1352720
11	1352720	1355440
11	1355440	1358880
11	1358880	1361040
11	1361040	1364920
11	1364920	1368640
11	1368640	1372280
11	1372280	1374840
11	1374840	1377320
11	1377320	1383840
11	1383840	1386000
11	1386000	1388120
11	1388120	1390920
11	1390920	1394280
12	1394280	1399120
12	1399120	1408400
12	1408400	1412680
12	1412680	1418160
12	1418160	1422360
12	1422360	1432880
12	1432880	1434840
12	1434840	1438040
12	1438040	1441720
12	1441720	1443040
12	1443040	1445640
12	1445640	1448440
12	1448440	1455960
12	1455960	1460840
12	1460840	1465520
12	1465520	1469320
12	1469320	1472640
12	1472640	1476760
12	1476760	1478880
12	1478880	1480880
12	1480880	1483360
13	1483360	1493400
13	1493400	1495440
13	1495440	1504520
13	1504520	1509720
13	1509720	1516840
13	1516840	1527480
13	1527480	1533720
14	1533720	1544480
14	1544480	1547480
14	1547480	1549080
14	1549080	1554120
14	1554120	1556280
14	1556280	1558200
14	1558200	1565520
14	1565520	1570320
14	1570320	1572560
14	1572560	1575280
14	1575280	1580000
14	1580000	1582840
14	1582840	1587240
14	1587240	1591800
14	1591800	1595160
14	1595160	1605080
14	1605080	1606560
14	1606560	1615280
14	1615280	1619600
15	1619600	1623440
15	1623440	1632640
15	1632640	1636720
15	1636720	1646160
15	1646160	1648800
15	1648800	1651920
15	1651920	1655440
15	1655440	1657560
15	1657560	1660800
15	1660800	1665360
15	1665360	1667120
15	1667120	1673120
15	1673120	1679920
15	1679920	1683560
15	1683560	1686960
15	1686960	1689120
15	1689120	1696600
15	1696600	1698160
15	1698160	1708920
16	1708920	1714240
16	1714240	1738360
16	1738360	1744320
16	1744320	1754000
16	1754000	1759280
16	1759280	1761520
16	1761520	1762840
16	1762840	1764760
16	1764760	1768960
16	1768960	1771320
16	1771320	1774360
16	1774360	1777800
16	1777800	1780160
16	1780160	1788320
16	1788320	1793360
16	1793360	1799960
16	1799960	1803720
16	1803720	1805360
16	1805360	1806880
16	1806880	1812840
16	1812840	1815560
16	1815560	1835200
16	1835200	1837320
16	1837320	1840640
16	1840640	1845160
16	1845160	1846520
16	1846520	1848280
16	1848280	1854080
16	1854080	1859360
16	1859360	1861440
16	1861440	1865160
17	1865160	1869440
17	1869440	1873680
17	1873680	1881000
17	1881000	1893160
17	1893160	1908320
17	1908320	1916480
17	1916480	1921160
17	1921160	1926680
17	1926680	1933680
17	1933680	1938200
17	1938200	1947280
17	1947280	1949720
17	1949720	1955800
17	1955800	1964000
17	1964000	1965960
17	1965960	1973560
17	1973560	1979040
17	1979040	1981600
17	1981600	1983960
17	1983960	1986240
17	1986240	1993160
17	1993160	2005600
17	2005600	2016680
17	2016680	2019040
17	2019040	2021640
17	2021640	2023840
17	2023840	2026840
17	2026840	2030040
17	2030040	2043240
17	2043240	2051760
18	2051760	2054360
18	2054360	2059680
18	2059680	2069720
19	2069720	2083520
19	2083520	2085840
19	2085840	2088040
19	2088040	2090880
19	2090880	2093840
19	2093840	2097640
19	2097640	2100200
19	2100200	2103320
19	2103320	2107480
19	2107480	2109720
19	2109720	2111280
19	2111280	2114320
19	2114320	2116680
19	2116680	2117880
19	2117880	2119160
19	2119160	2121320
19	2121320	2122600
19	2122600	2124960
19	2124960	2126000
19	2126000	2130080
19	2130080	2133080
19	2133080	2133880
19	2133880	2136440
19	2136440	2138680
20	2138680	2144680
20	2144680	2146520
20	2146520	2155320
20	2155320	2162480
20	2162480	2171160
20	2171160	2182680
20	2182680	2190520
20	2190520	2210920
20	2210920	2213560
20	2213560	2216240
20	2216240	2220920
20	2220920	2223320
20	2223320	2230000
20	2230000	2233480
20	2233480	2243200
20	2243200	2248640
20	2248640	2259440
20	2259440	2263120
20	2263120	2271960
20	2271960	2275160
20	2275160	2281800
21	2281800	2313560
21	2313560	2323320
21	2323320	2343600
21	2343600	2357400
21	2357400	2365240
21	2365240	2366080
21	2366080	2372680
21	2372680	2380440
22	2380440	2387120
22	2387120	2391040
22	2391040	2405920
22	2405920	2410720
22	2410720	2433360
22	2433360	2436920
22	2436920	2444640
22	2444640	2446720
22	2446720	2449080
22	2449080	2453320
22	2453320	2458840
22	2458840	2468280
22	2468280	2470240
22	2470240	2476120
22	2476120	2479680
22	2479680	2481800
22	2481800	2484080
22	2484080	2485600
22	2485600	2492320
22	2492320	2495000
22	2495000	2498320
22	2498320	2506480
22	2506480	2511760
22	2511760	2515680
22	2515680	2517720
22	2517720	2523280
22	2523280	2533680
22	2533680	2537720
22	2537720	2542760
22	2542760	2566560
22	2566560	2583360
22	2583360	2611680
22	2611680	2620040
22	2620040	2629640
22	2629640	2633080
22	2633080	2639360
23	2639360	2680080
23	2680080	2684680
23	2684680	2688440
23	2688440	2692520
23	2692520	2701040
23	2701040	2704000
23	2704000	2705920
23	2705920	2708840
23	2708840	2711600
23	2711600	2713960
23	2713960	2717280
23	2717280	2726760
23	2726760	2729240
23	2729240	2733360
23	2733360	2734920
23	2734920	2736520
23	2736520	2740040
23	2740040	2742600
23	2742600	2754440
23	2754440	2756760
23	2756760	2760920
23	2760920	2764480
23	2764480	2774960
23	2774960	2780680
23	2780680	2783560
23	2783560	2789000
23	2789000	2792320
23	2792320	2795160
23	2795160	2802240
23	2802240	2803520
23	2803520	2804800
23	2804800	2805880
23	2805880	2808240
23	2808240	2811160
23	2811160	2814480
23	2814480	2818880
23	2818880	2823160
23	2823160	2825760
23	2825760	2829520
23	2829520	2831960
23	2831960	2836440
23	2836440	2837960
23	2837960	2839120
23	2839120	2840880
23	2840880	2845480
23	2845480	2847200
23	2847200	2850520
23	2850520	2859680
23	2859680	2861800
23	2861800	2863360
23	2863360	2866000
23	2866000	2879320
23	2879320	2883800
23	2883800	2885960
23	2885960	2886040
23	2886040	2886720
23	2886720	2894080
23	2894080	2897800
23	2897800	2898520
23	2898520	2899720
23	2899720	2903680
23	2903680	2907920
23	2907920	2915720
23	2915720	2917760
23	2917760	2920040
23	2920040	3001400
