shot	start	end
0	0	1320
0	1320	1400
0	1400	6760
0	6760	9600
0	9600	11120
0	11120	19520
0	19520	21240
0	21240	22720
0	22720	24320
0	24320	25680
0	25680	31840
0	31840	36040
0	36040	40440
0	40440	43480
0	43480	45680
0	45680	48880
0	48880	49120
0	49120	49440
0	49440	51360
0	51360	59200
0	59200	73120
0	73120	81080
0	81080	87480
0	87480	95560
0	95560	109720
1	109720	112400
1	112400	114960
1	114960	117280
1	117280	119920
1	119920	123400
1	123400	126720
1	126720	140680
1	140680	145360
1	145360	147920
1	147920	155240
1	155240	160080
1	160080	163000
1	163000	167040
1	167040	169400
1	169400	174800
1	174800	177160
1	177160	180440
1	180440	188520
1	188520	194800
1	194800	199760
1	199760	207760
1	207760	211080
1	211080	213480
1	213480	214960
1	214960	217360
1	217360	219360
1	219360	221120
1	221120	229240
1	229240	231920
1	231920	235120
1	235120	239760
1	239760	243720
1	243720	248040
1	248040	252560
1	252560	254240
1	254240	259600
1	259600	266120
1	266120	270280
1	270280	275120
1	275120	278520
1	278520	281240
1	281240	284880
1	284880	289360
1	289360	296360
1	296360	298640
1	298640	306320
2	306320	310400
2	310400	313720
2	313720	316320
2	316320	318480
2	318480	322680
2	322680	325840
2	325840	327320
2	327320	329920
2	329920	338760
2	338760	346040
2	346040	350320
2	350320	353400
2	353400	361000
2	361000	364920
2	364920	367600
2	367600	370440
3	370440	389400
3	389400	393800
3	393800	397040
3	397040	401760
3	401760	404440
3	404440	405880
3	405880	415400
3	415400	440320
3	440320	451200
3	451200	459600
3	459600	464800
3	464800	467280
3	467280	469160
3	469160	471120
3	471120	473360
3	473360	476280
3	476280	481360
3	481360	482480
3	482480	484840
3	484840	498800
3	498800	501160
3	501160	503560
3	503560	506360
3	506360	508440
3	508440	510920
3	510920	512360
3	512360	513800
3	513800	518240
3	518240	519560
3	519560	521720
3	521720	526440
3	526440	532400
3	532400	543440
4	543440	548880
4	548880	569640
4	569640	573480
4	573480	575480
4	575480	577320
4	577320	582280
4	582280	591920
4	591920	593280
4	593280	596440
4	596440	601280
4	601280	605040
4	605040	608720
5	608720	614040
5	614040	616280
5	616280	617360
5	617360	620920
5	620920	623040
5	623040	629200
5	629200	634000
5	634000	644200
5	644200	650680
5	650680	660360
5	660360	667520
5	667520	670920
5	670920	672960
5	672960	677520
5	677520	679880
5	679880	685480
5	685480	688760
5	688760	694920
5	694920	696640
5	696640	699240
5	699240	700440
5	700440	707280
5	707280	708480
5	708480	713680
6	713680	718760
6	718760	748760
6	748760	753000
6	753000	755320
6	755320	760560
6	760560	761520
6	761520	762280
6	762280	765360
6	765360	788000
6	788000	791280
6	791280	793440
6	793440	795360
6	795360	796560
6	796560	802440
6	802440	804640
6	804640	808480
6	808480	810600
6	810600	812080
6	812080	814080
6	814080	817520
6	817520	821840
6	821840	828000
6	828000	831000
6	831000	836280
6	836280	839320
6	839320	844400
6	844400	846560
6	846560	849280
6	849280	857840
6	857840	859920
6	859920	863040
6	863040	865280
6	865280	867200
6	867200	874600
7	874600	880680
7	880680	886480
7	886480	894160
7	894160	897800
7	897800	908920
7	908920	912360
7	912360	913920
7	913920	918200
7	918200	920360
7	920360	935320
7	935320	939400
7	939400	951280
7	951280	956880
7	956880	972240
7	972240	977200
7	977200	981440
7	981440	989240
7	989240	992800
7	992800	996440
7	996440	1005560
7	1005560	1011840
7	1011840	1023640
7	1023640	1029320
7	1029320	1035120
7	1035120	1038840
7	1038840	1041680
7	1041680	1043400
7	1043400	1047240
7	1047240	1051640
8	1051640	1061400
8	1061400	1066480
8	1066480	1071240
8	1071240	1076880
9	1076880	1079440
9	1079440	1083360
9	1083360	1087160
9	1087160	1089000
9	1089000	1091280
9	1091280	1097160
9	1097160	1102800
9	1102800	1106400
9	1106400	1109680
9	1109680	1113040
9	1113040	1118880
9	1118880	1121880
9	1121880	1127200
9	1127200	1130200
9	1130200	1134400
9	1134400	1137880
9	1137880	1139720
9	1139720	1141960
9	1141960	1145880
9	1145880	1149280
9	1149280	1166960
9	1166960	1168840
9	1168840	1174440
9	1174440	1176960
9	1176960	1185000
9	1185000	1187640
9	1187640	1194080
9	1194080	1196520
9	1196520	1213040
9	1213040	1222000
9	1222000	1228200
9	1228200	1245840
9	1245840	1250600
9	1250600	1267800
9	1267800	1274640
9	1274640	1289440
9	1289440	1292200
9	1292200	1309000
9	1309000	1311080
9	1311080	1313080
9	1313080	1320880
9	1320880	1324600
9	1324600	1326080
9	1326080	1341880
9	1341880	1343800
9	1343800	1353880
9	1353880	1358720
9	1358720	1361240
9	1361240	1364000
9	1364000	1366320
9	1366320	1369000
9	1369000	1371320
9	1371320	1373120
9	1373120	1376800
10	1376800	1379040
10	1379040	1380520
10	1380520	1386880
10	1386880	1389000
10	1389000	1399720
10	1399720	1409800
10	1409800	1411360
10	1411360	1417120
10	1417120	1418840
10	1418840	1441120
10	1441120	1444920
10	1444920	1452680
10	1452680	1456720
10	1456720	1458320
10	1458320	1463080
10	1463080	1465480
10	1465480	1482720
10	1482720	1487240
10	1487240	1494720
10	1494720	1504400
10	1504400	1507760
10	1507760	1510200
10	1510200	1512600
10	1512600	1520480
10	1520480	1522280
10	1522280	1523520
10	1523520	1526440
10	1526440	1527960
10	1527960	1534720
10	1534720	1540440
10	1540440	1542600
10	1542600	1563200
10	1563200	1571480
10	1571480	1573720
10	1573720	1584960
10	1584960	1587320
10	1587320	1616040
10	1616040	1626120
11	1626120	1631360
11	1631360	1638880
11	1638880	1640960
11	1640960	1642640
11	1642640	1645040
11	1645040	1648400
11	1648400	1650840
11	1650840	1656640
11	1656640	1660160
11	1660160	1660640
11	1660640	1661400
11	1661400	1662880
11	1662880	1665080
11	1665080	1665600
11	1665600	1666200
11	1666200	1667160
11	1667160	1667600
11	1667600	1668080
11	1668080	1669560
11	1669560	1670640
11	1670640	1672680
11	1672680	1676560
11	1676560	1678320
11	1678320	1679600
11	1679600	1680400
11	1680400	1681800
11	1681800	1684800
11	1684800	1686400
11	1686400	1688080
11	1688080	1689120
11	1689120	1690600
11	1690600	1693360
11	1693360	1695880
11	1695880	1702080
11	1702080	1708640
11	1708640	1715000
12	1715000	1719560
12	1719560	1722680
12	1722680	1725240
12	1725240	1732600
12	1732600	1739840
12	1739840	1745280
12	1745280	1747840
12	1747840	1749840
12	1749840	1753200
12	1753200	1774480
12	1774480	1784520
12	1784520	1786680
12	1786680	1791960
12	1791960	1795160
12	1795160	1798800
12	1798800	1804920
12	1804920	1821200
12	1821200	1823800
13	1823800	1845440
13	1845440	1851720
13	1851720	1855040
13	1855040	1856880
13	1856880	1861880
13	1861880	1865400
13	1865400	1869400
13	1869400	1872760
13	1872760	1875920
13	1875920	1879720
13	1879720	1885840
13	1885840	1889240
13	1889240	1893400
13	1893400	1896360
13	1896360	1899000
13	1899000	1902800
13	1902800	1906080
13	1906080	1908200
13	1908200	1911760
13	1911760	1914480
13	1914480	1922080
13	1922080	1923080
13	1923080	1924880
13	1924880	1925960
13	1925960	1927920
13	1927920	1930200
13	1930200	1936760
13	1936760	1940320
13	1940320	1946400
13	1946400	1951160
13	1951160	1953760
13	1953760	1961960
13	1961960	1966960
13	1966960	1973200
13	1973200	1976600
13	1976600	1990000
14	1990000	1995120
14	1995120	1997160
14	1997160	2000880
14	2000880	2003160
14	2003160	2007560
14	2007560	2010880
14	2010880	2012720
14	2012720	2014720
14	2014720	2018720
14	2018720	2025000
14	2025000	2027680
14	2027680	2030520
14	2030520	2038120
15	2038120	2048040
15	2048040	2052920
15	2052920	2055720
15	2055720	2057240
15	2057240	2060120
15	2060120	2063800
16	2063800	2066720
16	2066720	2068760
16	2068760	2072440
16	2072440	2085520
16	2085520	2087520
16	2087520	2089520
16	2089520	2092600
16	2092600	2094920
16	2094920	2098320
16	2098320	2100480
16	2100480	2102880
16	2102880	2105200
16	2105200	2109600
16	2109600	2110400
16	2110400	2114040
16	2114040	2117360
16	2117360	2119640
16	2119640	2121200
16	2121200	2126120
16	2126120	2129360
16	2129360	2131520
16	2131520	2138880
16	2138880	2143120
16	2143120	2144240
16	2144240	2148080
16	2148080	2149800
16	2149800	2152720
16	2152720	2160320
16	2160320	2161720
16	2161720	2164960
16	2164960	2170000
16	2170000	2172480
16	2172480	2176520
16	2176520	2179920
16	2179920	2181480
16	2181480	2187000
16	2187000	2188720
16	2188720	2191240
16	2191240	2193280
16	2193280	2194560
16	2194560	2195760
16	2195760	2199800
16	2199800	2201760
16	2201760	2203960
16	2203960	2205720
16	2205720	2209280
16	2209280	2213200
16	2213200	2214680
16	2214680	2221720
16	2221720	2226400
16	2226400	2228320
16	2228320	2229280
16	2229280	2233080
16	2233080	2234760
16	2234760	2237360
16	2237360	2245320
16	2245320	2247000
16	2247000	2249440
16	2249440	2253920
16	2253920	2254600
16	2254600	2255400
16	2255400	2256080
16	2256080	2267840
16	2267840	2270640
16	2270640	2271880
16	2271880	2273240
16	2273240	2274960
16	2274960	2277640
16	2277640	2279160
16	2279160	2283480
16	2283480	2284760
16	2284760	2294040
16	2294040	2298680
16	2298680	2305720
16	2305720	2307320
16	2307320	2308200
16	2308200	2308960
16	2308960	2310480
16	2310480	2311840
16	2311840	2313080
16	2313080	2314760
16	2314760	2316560
16	2316560	2318960
16	2318960	2324760
16	2324760	2338480
16	2338480	2341360
16	2341360	2343760
17	2343760	2344480
17	2344480	2351120
17	2351120	2353960
17	2353960	2355920
17	2355920	2358080
17	2358080	2366800
17	2366800	2369960
17	2369960	2371000
17	2371000	2372640
17	2372640	2375800
17	2375800	2377280
17	2377280	2378920
17	2378920	2383200
17	2383200	2386600
17	2386600	2388920
17	2388920	2390320
17	2390320	2391080
17	2391080	2393160
17	2393160	2394200
17	2394200	2394880
17	2394880	2408320
18	2408320	2409160
18	2409160	2409720
18	2409720	2416600
18	2416600	2423880
18	2423880	2424840
18	2424840	2425840
18	2425840	2427880
18	2427880	2429120
18	2429120	2431240
19	2431240	2438560
19	2438560	2441680
19	2441680	2446840
19	2446840	2449200
19	2449200	2453840
19	2453840	2458200
19	2458200	2464960
19	2464960	2467400
19	2467400	2472480
19	2472480	2475080
19	2475080	2476960
19	2476960	2479160
19	2479160	2483440
19	2483440	2486600
19	2486600	2491160
19	2491160	2493160
19	2493160	2495880
19	2495880	2499960
19	2499960	2507400
19	2507400	2509960
19	2509960	2514960
20	2514960	2531040
20	2531040	2535000
20	2535000	2542560
20	2542560	2550400
20	2550400	2553440
20	2553440	2561640
20	2561640	2563160
20	2563160	2570000
20	2570000	2574280
20	2574280	2576600
20	2576600	2578600
20	2578600	2587720
20	2587720	2590640
20	2590640	2593960
20	2593960	2595360
20	2595360	2603160
20	2603160	2610640
20	2610640	2613240
20	2613240	2617440
20	2617440	2630320
20	2630320	2636880
20	2636880	2644320
20	2644320	2652440
20	2652440	2658240
20	2658240	2664040
20	2664040	2670040
20	2670040	2677080
20	2677080	2679960
20	2679960	2686400
20	2686400	2690320
20	2690320	2693000
21	2693000	2697280
21	2697280	2700800
21	2700800	2702840
21	2702840	2707120
21	2707120	2709240
21	2709240	2715080
21	2715080	2724200
21	2724200	2726360
21	2726360	2729360
21	2729360	2745320
21	2745320	2746560
21	2746560	2754440
22	2754440	2759600
22	2759600	2763320
22	2763320	2774280
22	2774280	2777480
22	2777480	2783160
22	2783160	2792640
22	2792640	2795680
22	2795680	2798440
22	2798440	2806920
22	2806920	2812720
22	2812720	2817440
22	2817440	2823680
22	2823680	2826880
22	2826880	2830800
22	2830800	2835040
22	2835040	2837720
22	2837720	2840080
22	2840080	2844840
22	2844840	2850520
22	2850520	2856360
22	2856360	2864280
22	2864280	2875920
22	2875920	2877320
22	2877320	2878760
22	2878760	2883840
22	2883840	2888440
22	2888440	2891160
22	2891160	2893240
22	2893240	2896600
22	2896600	2899160
22	2899160	2905160
22	2905160	2908800
22	2908800	2912320
22	2912320	2916640
22	2916640	2922520
22	2922520	2932840
22	2932840	2935360
22	2935360	2940200
22	2940200	2942440
22	2942440	2946520
23	2946520	2950000
23	2950000	2954080
23	2954080	2956080
23	2956080	2960960
23	2960960	2966080
23	2966080	2967520
23	2967520	2970520
23	2970520	2973600
23	2973600	2975080
23	2975080	2977760
23	2977760	2981400
23	2981400	2990080
23	2990080	2991760
23	2991760	2996880
23	2996880	2999040
23	2999040	3000240
23	3000240	3002360
23	3002360	3003480
23	3003480	3005440
23	3005440	3008840
24	3008840	3031840
24	3031840	3038360
24	3038360	3045600
24	3045600	3048080
24	3048080	3050680
24	3050680	3053720
24	3053720	3064240
24	3064240	3065920
24	3065920	3068520
24	3068520	3075600
24	3075600	3077280
24	3077280	3079880
24	3079880	3082440
24	3082440	3089240
24	3089240	3091000
24	3091000	3093160
24	3093160	3095880
24	3095880	3098120
24	3098120	3104720
24	3104720	3108920
24	3108920	3111360
24	3111360	3114160
24	3114160	3115600
24	3115600	3118040
24	3118040	3121040
24	3121040	3122640
24	3122640	3129320
24	3129320	3131800
24	3131800	3135080
24	3135080	3136480
24	3136480	3142520
25	3142520	3149880
25	3149880	3157240
25	3157240	3158680
25	3158680	3162400
25	3162400	3166880
25	3166880	3169840
26	3169840	3173760
26	3173760	3176040
26	3176040	3178240
26	3178240	3180000
26	3180000	3183200
26	3183200	3186640
26	3186640	3189080
26	3189080	3192080
26	3192080	3195000
26	3195000	3195840
26	3195840	3199840
26	3199840	3216640
26	3216640	3218080
26	3218080	3222520
26	3222520	3224080
26	3224080	3226280
26	3226280	3227640
26	3227640	3230040
26	3230040	3235160
26	3235160	3245080
26	3245080	3251480
26	3251480	3256760
26	3256760	3257840
26	3257840	3258840
26	3258840	3265920
26	3265920	3270720
26	3270720	3277760
26	3277760	3280800
26	3280800	3288720
26	3288720	3289920
26	3289920	3295400
26	3295400	3298160
26	3298160	3301200
26	3301200	3304120
26	3304120	3306720
26	3306720	3310560
26	3310560	3327480
26	3327480	3332160
27	3332160	3335120
27	3335120	3338360
27	3338360	3355120
27	3355120	3357360
27	3357360	3358960
27	3358960	3359800
27	3359800	3364400
27	3364400	3369640
28	3369640	3447600
