Scene	start	end
0	0	219600
1	219600	243480
2	243480	300960
3	300960	393400
4	393400	516480
5	516480	567440
6	567440	596840
7	596840	614600
8	614600	777640
9	777640	927560
10	927560	965960
11	965960	1030880
12	1030880	1046360
13	1046360	1113080
14	1113080	1173400
15	1173400	1231760
16	1231760	1304600
17	1304600	1557280
18	1557280	1732720
19	1732720	1823240
20	1823240	1852960
21	1852960	2037880
22	2037880	2140480
23	2140480	2292360
24	2292360	2527800
25	2527800	2665200
26	2665200	2807160
27	2807160	3175040
28	3175040	3291600
29	3291600	3344560
