Scene	start	end
0	0	103680
1	103680	131560
2	131560	187320
3	187320	209000
4	209000	275440
5	275440	422080
6	422080	492320
7	492320	607440
8	607440	612760
9	612760	695240
10	695240	769080
11	769080	883600
12	883600	925240
13	925240	960440
14	960440	975720
15	975720	1117000
16	1117000	1195760
17	1195760	1303000
18	1303000	1454040
19	1454040	1557400
20	1557400	1922360
21	1922360	2132040
22	2132040	2286320
23	2286320	2352600
24	2352600	2430000
25	2430000	2630200
26	2630200	2682160
27	2682160	2726000
