shot	start	end
0	0	1240
0	1240	1320
0	1320	2840
0	2840	6680
0	6680	9640
0	9640	11160
0	11160	19560
0	19560	21640
0	21640	23400
0	23400	25360
0	25360	26800
0	26800	30280
0	30280	35040
0	35040	39320
0	39320	43720
0	43720	49400
0	49400	52200
0	52200	54400
0	54400	58000
0	58000	58240
0	58240	58560
0	58560	60560
0	60560	69160
0	69160	70760
0	70760	72040
0	72040	88160
0	88160	94920
0	94920	110760
1	110760	121280
1	121280	124920
1	124920	128120
1	128120	134680
1	134680	138200
1	138200	143040
1	143040	145240
1	145240	148360
1	148360	155960
1	155960	161800
1	161800	165000
1	165000	166640
1	166640	169080
1	169080	172320
1	172320	181760
1	181760	187720
1	187720	193960
1	193960	196960
1	196960	198560
1	198560	202160
1	202160	208880
1	208880	212880
1	212880	220680
1	220680	227920
1	227920	232480
1	232480	238800
1	238800	244040
2	244040	247600
2	247600	252080
2	252080	256680
2	256680	259720
2	259720	260880
2	260880	262400
2	262400	263520
2	263520	265320
2	265320	267320
2	267320	272240
2	272240	279560
2	279560	281280
2	281280	285400
2	285400	287360
2	287360	290400
2	290400	294120
2	294120	297480
2	297480	299400
2	299400	301160
2	301160	306920
2	306920	310720
2	310720	314000
3	314000	354800
3	354800	358120
3	358120	363840
3	363840	368560
3	368560	375760
3	375760	377480
3	377480	379440
3	379440	382720
3	382720	386360
3	386360	389880
3	389880	394360
3	394360	398160
3	398160	400640
3	400640	404760
3	404760	407560
3	407560	414640
3	414640	418440
3	418440	422040
3	422040	423800
3	423800	442880
3	442880	448040
3	448040	454160
3	454160	458560
3	458560	465400
3	465400	468720
3	468720	472840
3	472840	476920
3	476920	480480
3	480480	484520
3	484520	488720
3	488720	492320
3	492320	494840
3	494840	523440
3	523440	532880
3	532880	534080
3	534080	539880
3	539880	545880
4	545880	549360
4	549360	552680
4	552680	554720
4	554720	556480
4	556480	558960
4	558960	562120
4	562120	564240
4	564240	565920
4	565920	568400
4	568400	571880
4	571880	573400
4	573400	575440
4	575440	577200
4	577200	578600
4	578600	584160
4	584160	585760
4	585760	594880
4	594880	613080
4	613080	616560
4	616560	622400
4	622400	627600
4	627600	630520
4	630520	634600
4	634600	637920
4	637920	640760
4	640760	645280
4	645280	646960
4	646960	651000
4	651000	656320
5	656320	671760
5	671760	674240
5	674240	676840
5	676840	680440
5	680440	701720
5	701720	705960
5	705960	711560
5	711560	714320
5	714320	733120
5	733120	742680
5	742680	746440
5	746440	750320
5	750320	754760
5	754760	757200
5	757200	762640
5	762640	770800
5	770800	778520
5	778520	784040
5	784040	798400
5	798400	803320
5	803320	811760
5	811760	818200
5	818200	824440
5	824440	827280
5	827280	829840
5	829840	837960
6	837960	841160
6	841160	843120
6	843120	848400
6	848400	854040
6	854040	861800
6	861800	867040
6	867040	869480
6	869480	877360
6	877360	883880
6	883880	886080
6	886080	889400
6	889400	891360
6	891360	894200
6	894200	897240
6	897240	906360
6	906360	909360
6	909360	915640
7	915640	920200
7	920200	923080
7	923080	926800
7	926800	934000
7	934000	937000
7	937000	949240
7	949240	954480
7	954480	960200
7	960200	964720
7	964720	967920
7	967920	979560
7	979560	986640
7	986640	991720
7	991720	997440
7	997440	1001280
7	1001280	1007120
7	1007120	1012360
7	1012360	1017920
7	1017920	1021320
7	1021320	1031600
7	1031600	1039040
7	1039040	1047120
7	1047120	1050240
7	1050240	1055760
7	1055760	1064800
7	1064800	1070120
7	1070120	1076960
7	1076960	1079720
7	1079720	1082640
7	1082640	1087880
7	1087880	1090560
7	1090560	1093480
7	1093480	1095400
7	1095400	1098400
7	1098400	1102640
7	1102640	1110640
7	1110640	1114680
8	1114680	1130440
8	1130440	1133720
8	1133720	1138360
8	1138360	1142760
8	1142760	1151800
8	1151800	1158480
8	1158480	1164400
8	1164400	1166320
8	1166320	1169720
8	1169720	1171640
8	1171640	1174000
8	1174000	1178000
8	1178000	1180680
8	1180680	1186360
9	1186360	1187440
9	1187440	1188520
9	1188520	1189320
9	1189320	1189920
9	1189920	1190480
9	1190480	1191800
9	1191800	1197040
9	1197040	1203880
9	1203880	1209760
9	1209760	1212080
9	1212080	1215360
9	1215360	1219200
9	1219200	1221560
9	1221560	1226360
9	1226360	1231160
9	1231160	1233880
9	1233880	1236000
9	1236000	1238360
9	1238360	1240680
9	1240680	1246600
9	1246600	1249520
9	1249520	1252320
9	1252320	1263200
9	1263200	1266520
9	1266520	1268520
9	1268520	1271480
9	1271480	1273960
9	1273960	1278560
9	1278560	1283080
9	1283080	1286120
9	1286120	1289080
9	1289080	1291720
9	1291720	1297200
9	1297200	1302520
9	1302520	1304600
9	1304600	1309360
9	1309360	1317680
9	1317680	1321040
9	1321040	1324280
9	1324280	1330520
9	1330520	1333280
9	1333280	1339160
9	1339160	1347080
9	1347080	1348480
9	1348480	1350680
9	1350680	1354320
9	1354320	1355680
9	1355680	1358600
9	1358600	1361720
9	1361720	1363400
9	1363400	1365600
9	1365600	1369400
9	1369400	1374680
9	1374680	1380880
9	1380880	1384000
9	1384000	1385840
9	1385840	1387960
9	1387960	1389000
9	1389000	1390280
9	1390280	1393480
9	1393480	1398880
9	1398880	1401760
9	1401760	1405320
9	1405320	1408960
9	1408960	1412160
9	1412160	1413560
9	1413560	1415960
9	1415960	1425400
9	1425400	1427680
9	1427680	1429840
9	1429840	1432400
9	1432400	1435040
9	1435040	1438480
9	1438480	1440480
9	1440480	1442200
9	1442200	1444240
9	1444240	1447920
9	1447920	1448880
9	1448880	1451160
9	1451160	1458800
9	1458800	1459960
9	1459960	1462440
9	1462440	1465600
9	1465600	1468240
9	1468240	1470160
9	1470160	1473360
9	1473360	1475480
9	1475480	1477760
9	1477760	1480520
9	1480520	1481040
9	1481040	1490760
10	1490760	1494680
10	1494680	1496480
10	1496480	1499880
10	1499880	1502040
10	1502040	1505120
10	1505120	1506760
10	1506760	1511160
10	1511160	1514880
10	1514880	1520200
10	1520200	1522840
10	1522840	1528280
10	1528280	1530280
10	1530280	1531440
10	1531440	1532600
10	1532600	1540720
10	1540720	1546040
10	1546040	1549160
10	1549160	1555640
10	1555640	1559840
10	1559840	1575480
10	1575480	1581880
10	1581880	1583680
10	1583680	1586320
10	1586320	1587960
10	1587960	1592560
10	1592560	1594920
10	1594920	1598760
10	1598760	1603800
10	1603800	1605760
10	1605760	1610800
10	1610800	1615600
10	1615600	1620480
11	1620480	1633320
11	1633320	1641080
11	1641080	1646080
11	1646080	1654280
11	1654280	1655280
11	1655280	1656960
11	1656960	1663920
11	1663920	1667520
11	1667520	1671280
11	1671280	1675240
11	1675240	1679280
11	1679280	1682720
11	1682720	1684880
11	1684880	1689200
11	1689200	1690440
11	1690440	1692880
11	1692880	1696680
11	1696680	1702960
11	1702960	1707560
11	1707560	1712040
11	1712040	1715520
11	1715520	1720040
11	1720040	1722360
11	1722360	1724880
11	1724880	1728040
12	1728040	1730960
12	1730960	1731280
12	1731280	1732040
12	1732040	1732360
12	1732360	1734640
12	1734640	1736440
12	1736440	1737040
12	1737040	1737120
12	1737120	1741240
12	1741240	1746240
12	1746240	1747000
12	1747000	1747120
12	1747120	1748240
12	1748240	1748960
12	1748960	1749120
12	1749120	1749200
12	1749200	1750160
12	1750160	1750280
12	1750280	1754200
12	1754200	1754440
12	1754440	1758240
12	1758240	1760320
12	1760320	1760640
12	1760640	1760760
12	1760760	1761400
12	1761400	1761640
12	1761640	1765640
12	1765640	1766160
12	1766160	1766240
12	1766240	1767560
12	1767560	1767960
12	1767960	1769000
12	1769000	1769840
12	1769840	1773920
12	1773920	1774320
12	1774320	1774520
12	1774520	1774800
12	1774800	1774920
12	1774920	1776640
12	1776640	1776880
12	1776880	1778600
12	1778600	1781200
12	1781200	1783680
12	1783680	1785760
12	1785760	1787800
12	1787800	1788240
12	1788240	1789280
12	1789280	1789480
12	1789480	1792000
12	1792000	1793320
12	1793320	1795400
12	1795400	1797240
12	1797240	1798440
12	1798440	1799440
12	1799440	1800040
12	1800040	1800200
12	1800200	1800280
12	1800280	1800400
12	1800400	1800600
12	1800600	1800680
12	1800680	1801360
12	1801360	1802040
12	1802040	1806520
12	1806520	1808600
12	1808600	1810680
12	1810680	1812280
12	1812280	1812360
12	1812360	1815640
12	1815640	1819360
12	1819360	1821560
12	1821560	1822680
12	1822680	1823360
12	1823360	1826800
12	1826800	1827240
12	1827240	1829600
13	1829600	1832440
13	1832440	1841000
13	1841000	1842920
13	1842920	1844240
13	1844240	1848320
13	1848320	1854960
13	1854960	1860800
14	1860800	1865360
14	1865360	1870200
14	1870200	1874920
14	1874920	1877680
14	1877680	1883760
14	1883760	1893680
14	1893680	1897480
14	1897480	1903560
14	1903560	1911920
14	1911920	1914800
14	1914800	1921680
14	1921680	1929440
14	1929440	1936360
14	1936360	1943480
14	1943480	1948240
15	1948240	1953880
15	1953880	1956240
15	1956240	1960040
15	1960040	1962720
15	1962720	1964560
15	1964560	1966520
15	1966520	1971360
15	1971360	1973600
15	1973600	1979960
15	1979960	1982960
15	1982960	1986440
15	1986440	1988760
15	1988760	1991640
15	1991640	1994320
15	1994320	1996680
15	1996680	1998600
15	1998600	2000960
15	2000960	2005520
15	2005520	2007320
15	2007320	2012200
15	2012200	2015280
16	2015280	2016640
16	2016640	2019320
16	2019320	2020440
16	2020440	2023280
16	2023280	2025240
16	2025240	2027360
16	2027360	2029040
16	2029040	2030160
16	2030160	2032000
16	2032000	2033840
16	2033840	2037800
16	2037800	2039360
16	2039360	2041200
16	2041200	2043720
16	2043720	2045200
16	2045200	2045280
16	2045280	2045360
16	2045360	2045560
16	2045560	2045800
16	2045800	2046480
16	2046480	2047440
16	2047440	2049680
16	2049680	2054720
16	2054720	2056240
16	2056240	2058160
16	2058160	2059320
16	2059320	2060920
16	2060920	2063080
16	2063080	2064640
16	2064640	2066520
16	2066520	2070880
16	2070880	2073480
16	2073480	2075320
16	2075320	2076800
16	2076800	2078320
16	2078320	2081000
16	2081000	2082320
16	2082320	2084480
16	2084480	2091600
16	2091600	2093480
16	2093480	2095040
16	2095040	2097200
16	2097200	2099080
16	2099080	2101240
16	2101240	2105720
16	2105720	2109560
16	2109560	2112520
16	2112520	2116040
16	2116040	2117840
16	2117840	2118000
16	2118000	2123000
16	2123000	2125240
16	2125240	2131280
16	2131280	2135400
16	2135400	2138760
16	2138760	2142160
16	2142160	2144800
16	2144800	2148280
16	2148280	2151440
16	2151440	2153800
16	2153800	2155440
16	2155440	2158120
16	2158120	2160280
16	2160280	2162120
16	2162120	2165200
16	2165200	2174880
16	2174880	2176000
16	2176000	2180400
16	2180400	2185080
16	2185080	2185440
16	2185440	2191120
16	2191120	2195720
16	2195720	2199520
16	2199520	2200640
16	2200640	2203720
16	2203720	2207520
16	2207520	2212960
16	2212960	2214280
16	2214280	2217760
16	2217760	2219280
16	2219280	2220760
16	2220760	2224040
16	2224040	2227400
16	2227400	2230280
16	2230280	2238920
16	2238920	2249800
16	2249800	2251800
16	2251800	2253680
16	2253680	2254040
16	2254040	2257400
16	2257400	2261760
16	2261760	2262480
16	2262480	2263040
16	2263040	2275160
16	2275160	2277800
16	2277800	2282040
16	2282040	2284040
16	2284040	2285200
16	2285200	2291800
16	2291800	2292240
16	2292240	2292680
16	2292680	2294880
16	2294880	2297040
16	2297040	2298960
16	2298960	2299280
16	2299280	2301120
16	2301120	2304040
16	2304040	2307920
16	2307920	2308560
16	2308560	2312800
16	2312800	2316520
16	2316520	2319880
16	2319880	2322920
16	2322920	2325960
17	2325960	2330200
17	2330200	2336080
17	2336080	2342600
17	2342600	2346120
17	2346120	2351080
17	2351080	2353480
17	2353480	2355840
17	2355840	2357600
17	2357600	2360160
17	2360160	2364440
17	2364440	2367240
17	2367240	2371920
17	2371920	2376600
17	2376600	2379680
17	2379680	2382440
17	2382440	2389080
17	2389080	2393040
17	2393040	2394760
17	2394760	2397760
17	2397760	2401920
17	2401920	2404760
17	2404760	2408800
17	2408800	2413760
17	2413760	2415920
17	2415920	2417640
17	2417640	2419240
17	2419240	2420120
17	2420120	2427000
17	2427000	2431440
17	2431440	2439240
17	2439240	2442040
17	2442040	2443680
17	2443680	2447800
17	2447800	2449920
17	2449920	2456600
17	2456600	2461200
17	2461200	2463240
17	2463240	2466240
17	2466240	2471920
17	2471920	2476280
17	2476280	2480720
17	2480720	2490080
17	2490080	2496680
17	2496680	2500040
17	2500040	2501040
17	2501040	2509280
17	2509280	2517960
17	2517960	2520800
17	2520800	2522560
17	2522560	2524440
17	2524440	2547320
17	2547320	2553360
18	2553360	2562560
18	2562560	2565840
18	2565840	2575240
18	2575240	2577760
18	2577760	2579400
18	2579400	2581640
18	2581640	2584280
18	2584280	2587120
18	2587120	2588760
18	2588760	2590800
18	2590800	2597480
18	2597480	2599520
18	2599520	2601480
18	2601480	2608120
18	2608120	2610440
18	2610440	2612560
18	2612560	2617640
18	2617640	2619040
18	2619040	2622000
18	2622000	2624680
18	2624680	2631080
18	2631080	2633760
18	2633760	2639600
18	2639600	2645960
18	2645960	2652520
18	2652520	2654600
18	2654600	2656840
18	2656840	2659360
18	2659360	2663440
18	2663440	2666800
18	2666800	2669040
18	2669040	2670920
18	2670920	2673960
18	2673960	2680400
18	2680400	2685360
18	2685360	2688120
18	2688120	2691440
18	2691440	2695040
18	2695040	2700880
18	2700880	2705120
18	2705120	2710400
18	2710400	2719760
18	2719760	2723440
18	2723440	2726200
18	2726200	2732440
18	2732440	2736640
18	2736640	2740000
18	2740000	2749120
18	2749120	2752000
18	2752000	2756000
18	2756000	2762440
18	2762440	2767440
18	2767440	2770600
18	2770600	2771960
18	2771960	2774320
18	2774320	2777160
18	2777160	2780480
19	2780480	2784040
19	2784040	2786960
19	2786960	2789920
19	2789920	2791440
19	2791440	2795240
19	2795240	2798400
19	2798400	2801120
19	2801120	2804720
19	2804720	2807080
19	2807080	2812720
19	2812720	2814920
19	2814920	2816840
19	2816840	2819800
19	2819800	2821680
19	2821680	2825320
19	2825320	2827560
19	2827560	2836200
19	2836200	2841800
19	2841800	2858680
19	2858680	2861440
19	2861440	2867600
19	2867600	2869440
19	2869440	2872240
19	2872240	2877000
19	2877000	2880280
19	2880280	2882920
19	2882920	2893880
19	2893880	2896000
19	2896000	2904240
19	2904240	2905880
19	2905880	2908720
19	2908720	2912480
19	2912480	2914840
19	2914840	2924520
19	2924520	2927440
19	2927440	2929840
19	2929840	2938400
19	2938400	2953520
19	2953520	2957800
19	2957800	2964760
19	2964760	2971000
19	2971000	2973720
19	2973720	2981080
19	2981080	2983720
19	2983720	2988680
19	2988680	2991560
19	2991560	3004080
20	3004080	3009360
20	3009360	3017880
20	3017880	3021800
20	3021800	3024360
20	3024360	3031520
20	3031520	3034200
20	3034200	3036120
20	3036120	3040200
20	3040200	3043520
20	3043520	3045200
20	3045200	3046920
20	3046920	3048680
20	3048680	3050560
20	3050560	3051640
20	3051640	3053040
20	3053040	3055440
20	3055440	3056680
20	3056680	3059560
20	3059560	3062760
20	3062760	3068520
20	3068520	3070440
20	3070440	3071920
20	3071920	3073040
20	3073040	3074800
20	3074800	3079560
20	3079560	3080320
20	3080320	3081400
20	3081400	3082120
20	3082120	3083320
20	3083320	3085160
20	3085160	3086480
20	3086480	3087760
20	3087760	3088800
20	3088800	3089680
20	3089680	3090840
20	3090840	3091600
20	3091600	3093120
20	3093120	3093680
20	3093680	3094720
20	3094720	3095960
20	3095960	3096840
20	3096840	3097800
20	3097800	3099280
20	3099280	3100720
20	3100720	3102040
20	3102040	3106240
20	3106240	3107080
20	3107080	3109160
20	3109160	3109800
20	3109800	3111240
20	3111240	3115280
20	3115280	3116760
20	3116760	3118080
20	3118080	3119240
20	3119240	3121040
20	3121040	3122680
20	3122680	3124600
20	3124600	3125840
20	3125840	3127360
20	3127360	3128240
20	3128240	3129520
20	3129520	3131960
20	3131960	3133560
20	3133560	3134840
20	3134840	3135520
20	3135520	3137240
20	3137240	3138440
20	3138440	3140240
20	3140240	3141440
20	3141440	3141920
20	3141920	3142360
20	3142360	3143120
20	3143120	3143960
20	3143960	3145160
20	3145160	3146240
20	3146240	3147200
20	3147200	3148120
20	3148120	3149040
20	3149040	3150480
20	3150480	3151880
20	3151880	3152800
20	3152800	3153640
20	3153640	3155120
20	3155120	3155800
20	3155800	3156280
20	3156280	3157280
20	3157280	3157800
20	3157800	3158920
20	3158920	3159920
20	3159920	3161120
20	3161120	3163880
20	3163880	3166200
20	3166200	3168800
20	3168800	3171840
20	3171840	3177760
20	3177760	3179840
20	3179840	3181960
20	3181960	3184720
20	3184720	3187440
20	3187440	3191320
20	3191320	3193840
20	3193840	3196320
20	3196320	3200560
20	3200560	3202920
20	3202920	3205840
20	3205840	3210280
20	3210280	3212960
20	3212960	3214560
20	3214560	3215840
20	3215840	3224000
20	3224000	3226080
20	3226080	3233240
20	3233240	3238640
21	3238640	3316120
