shot	start	end
0	0	1240
0	1240	1320
0	1320	2840
0	2840	6680
0	6680	11160
0	11160	11480
0	11480	19560
0	19560	21280
0	21280	22760
0	22760	24360
0	24360	25720
0	25720	31320
0	31320	35400
0	35400	42840
0	42840	47880
0	47880	52960
0	52960	56000
0	56000	58200
0	58200	61400
0	61400	61640
0	61640	61960
0	61960	63880
0	63880	72480
0	72480	88480
0	88480	95240
0	95240	110520
1	110520	113640
1	113640	115960
1	115960	120360
1	120360	123480
1	123480	139080
1	139080	142920
1	142920	146520
1	146520	150120
1	150120	154320
1	154320	157400
1	157400	159800
1	159800	162640
1	162640	165440
1	165440	168720
1	168720	172720
1	172720	177280
1	177280	180280
1	180280	182480
1	182480	184440
1	184440	186360
1	186360	190960
1	190960	195280
1	195280	197560
1	197560	200280
1	200280	202360
1	202360	205680
1	205680	211440
1	211440	218120
1	218120	221880
2	221880	237360
2	237360	242440
2	242440	253160
2	253160	255280
2	255280	263640
2	263640	266040
2	266040	269200
2	269200	274640
2	274640	279000
2	279000	282880
2	282880	287720
2	287720	291160
2	291160	293800
2	293800	296680
2	296680	298240
2	298240	299480
2	299480	300800
2	300800	310200
2	310200	315440
2	315440	320120
2	320120	323080
2	323080	325280
2	325280	326880
2	326880	329960
2	329960	332280
2	332280	337920
2	337920	340160
2	340160	341680
2	341680	344000
2	344000	345400
2	345400	347320
2	347320	348520
2	348520	351880
2	351880	353800
2	353800	355360
2	355360	356600
2	356600	359160
2	359160	362200
2	362200	365440
2	365440	367560
2	367560	369920
2	369920	374200
2	374200	378200
2	378200	380080
2	380080	383800
2	383800	386160
2	386160	387960
2	387960	393800
2	393800	397280
2	397280	398600
2	398600	401360
2	401360	404160
2	404160	406960
2	406960	409600
2	409600	412200
2	412200	415400
2	415400	422200
2	422200	423520
2	423520	425240
2	425240	427640
2	427640	431240
2	431240	433320
2	433320	437440
2	437440	439920
2	439920	442280
2	442280	447040
2	447040	449560
2	449560	451320
2	451320	453400
2	453400	455320
2	455320	457200
2	457200	458760
2	458760	460640
2	460640	463400
2	463400	467480
2	467480	469920
2	469920	477840
2	477840	484360
2	484360	488560
2	488560	493080
2	493080	498040
2	498040	499960
2	499960	501640
2	501640	503360
2	503360	505000
2	505000	507680
2	507680	510520
2	510520	514160
2	514160	517440
2	517440	520800
2	520800	522760
2	522760	527400
2	527400	529640
2	529640	531480
2	531480	532920
2	532920	537160
3	537160	539680
3	539680	542040
3	542040	545360
3	545360	549680
3	549680	553440
3	553440	554600
3	554600	556600
3	556600	559800
3	559800	562800
3	562800	564440
3	564440	566560
3	566560	568120
3	568120	569680
3	569680	571320
3	571320	572840
3	572840	574280
3	574280	577600
3	577600	579360
3	579360	581200
3	581200	582600
3	582600	586360
3	586360	588480
3	588480	591600
3	591600	594120
3	594120	596720
3	596720	600000
3	600000	605200
3	605200	609560
3	609560	614200
3	614200	617640
3	617640	623160
3	623160	625240
3	625240	630640
3	630640	631600
3	631600	633880
3	633880	635360
3	635360	637400
3	637400	638960
3	638960	642840
3	642840	644960
3	644960	647720
3	647720	649880
3	649880	651640
3	651640	653880
4	653880	659080
4	659080	668920
4	668920	683080
4	683080	690920
4	690920	693680
4	693680	695160
4	695160	696760
4	696760	699280
4	699280	707640
4	707640	711800
4	711800	713720
4	713720	717080
4	717080	722440
4	722440	725760
4	725760	735640
4	735640	738960
4	738960	747400
5	747400	749720
5	749720	753920
5	753920	756320
5	756320	758320
5	758320	761200
5	761200	763440
5	763440	764640
5	764640	766080
5	766080	769320
5	769320	771480
5	771480	775840
5	775840	779400
5	779400	780520
5	780520	782320
5	782320	783440
5	783440	787000
5	787000	789360
5	789360	791960
5	791960	794320
5	794320	798160
5	798160	800160
5	800160	802760
5	802760	804680
5	804680	806960
5	806960	809560
5	809560	811280
5	811280	814400
5	814400	816160
5	816160	819200
5	819200	820960
5	820960	823960
5	823960	825480
5	825480	827480
5	827480	830120
5	830120	832080
5	832080	834000
5	834000	836280
5	836280	837160
5	837160	838320
5	838320	840960
5	840960	848560
6	848560	856280
6	856280	858920
6	858920	861000
6	861000	863160
6	863160	867200
6	867200	869120
6	869120	870680
6	870680	872200
6	872200	873800
6	873800	875600
6	875600	877160
6	877160	878720
6	878720	879920
6	879920	884040
6	884040	886680
6	886680	888320
6	888320	889800
6	889800	892040
6	892040	893360
6	893360	894800
6	894800	895920
6	895920	898360
6	898360	900840
6	900840	905920
7	905920	908520
7	908520	910960
7	910960	914200
7	914200	916160
7	916160	922320
7	922320	924320
7	924320	926360
7	926360	930840
7	930840	933560
7	933560	937800
7	937800	938880
7	938880	940320
7	940320	942800
7	942800	947320
7	947320	949480
7	949480	954400
7	954400	960680
7	960680	963680
7	963680	965320
7	965320	969400
7	969400	976440
7	976440	978360
7	978360	980760
7	980760	981920
7	981920	983760
7	983760	989280
7	989280	991480
7	991480	992760
7	992760	995240
7	995240	997680
7	997680	999520
7	999520	1001360
7	1001360	1002560
7	1002560	1004440
7	1004440	1005200
7	1005200	1006680
7	1006680	1007480
7	1007480	1009160
7	1009160	1012720
7	1012720	1013360
7	1013360	1016000
7	1016000	1021960
8	1021960	1035000
8	1035000	1038760
8	1038760	1041920
8	1041920	1044760
8	1044760	1048080
8	1048080	1051880
8	1051880	1054160
8	1054160	1063760
8	1063760	1066720
8	1066720	1070840
8	1070840	1074000
8	1074000	1079440
8	1079440	1082880
8	1082880	1086080
8	1086080	1088880
8	1088880	1091320
8	1091320	1093440
8	1093440	1095200
8	1095200	1096800
8	1096800	1099800
8	1099800	1101880
8	1101880	1104040
8	1104040	1108600
8	1108600	1111720
8	1111720	1116600
8	1116600	1122320
8	1122320	1124040
8	1124040	1142840
8	1142840	1150600
8	1150600	1152320
8	1152320	1153640
8	1153640	1162280
8	1162280	1165040
9	1165040	1168280
9	1168280	1174480
9	1174480	1177760
9	1177760	1180160
9	1180160	1182080
9	1182080	1183960
9	1183960	1186120
9	1186120	1187800
9	1187800	1190040
9	1190040	1192800
9	1192800	1195960
9	1195960	1197880
9	1197880	1199160
9	1199160	1200280
9	1200280	1201160
9	1201160	1202280
9	1202280	1206880
9	1206880	1208840
9	1208840	1211440
9	1211440	1214240
9	1214240	1215840
9	1215840	1217680
9	1217680	1219000
9	1219000	1220560
9	1220560	1222960
9	1222960	1224200
9	1224200	1225280
9	1225280	1226200
9	1226200	1227880
9	1227880	1229160
9	1229160	1233360
9	1233360	1235800
9	1235800	1237240
9	1237240	1238960
9	1238960	1240480
9	1240480	1243600
9	1243600	1244720
9	1244720	1245640
9	1245640	1246600
9	1246600	1247600
9	1247600	1249760
9	1249760	1250040
9	1250040	1250120
9	1250120	1251080
9	1251080	1251760
9	1251760	1253200
9	1253200	1253920
9	1253920	1255440
9	1255440	1256280
9	1256280	1257360
9	1257360	1258160
9	1258160	1260080
9	1260080	1261640
9	1261640	1262320
9	1262320	1263600
9	1263600	1264320
9	1264320	1266360
9	1266360	1268120
9	1268120	1270640
9	1270640	1274600
9	1274600	1276680
10	1276680	1278840
10	1278840	1280440
11	1280440	1281520
11	1281520	1283120
11	1283120	1284720
11	1284720	1286600
11	1286600	1287840
11	1287840	1289480
11	1289480	1290960
11	1290960	1292160
11	1292160	1294680
11	1294680	1297920
11	1297920	1299360
11	1299360	1302720
11	1302720	1304080
11	1304080	1305880
11	1305880	1307280
11	1307280	1308760
11	1308760	1310960
12	1310960	1316480
12	1316480	1318000
12	1318000	1320240
12	1320240	1321560
12	1321560	1324400
12	1324400	1328280
12	1328280	1330400
12	1330400	1334160
12	1334160	1335960
12	1335960	1336880
12	1336880	1338320
12	1338320	1340400
12	1340400	1342400
12	1342400	1343680
12	1343680	1345360
12	1345360	1347440
12	1347440	1349840
12	1349840	1351480
12	1351480	1354760
12	1354760	1356640
12	1356640	1357760
12	1357760	1359200
12	1359200	1362120
12	1362120	1364000
12	1364000	1367280
12	1367280	1368440
12	1368440	1370640
12	1370640	1372160
12	1372160	1373760
12	1373760	1376040
12	1376040	1380400
12	1380400	1382320
12	1382320	1384560
13	1384560	1386960
13	1386960	1389160
13	1389160	1391480
13	1391480	1393560
13	1393560	1395440
13	1395440	1398280
13	1398280	1400920
13	1400920	1402120
13	1402120	1403480
13	1403480	1404600
13	1404600	1406360
14	1406360	1409520
14	1409520	1413680
14	1413680	1415520
14	1415520	1418680
14	1418680	1420400
14	1420400	1423000
14	1423000	1425440
14	1425440	1427240
14	1427240	1430280
14	1430280	1432480
14	1432480	1433880
14	1433880	1436040
14	1436040	1438400
14	1438400	1440640
14	1440640	1442120
14	1442120	1443880
14	1443880	1444640
14	1444640	1446400
14	1446400	1448240
14	1448240	1449600
14	1449600	1451240
14	1451240	1452360
14	1452360	1453320
14	1453320	1454600
14	1454600	1456240
14	1456240	1458200
14	1458200	1458840
14	1458840	1460440
14	1460440	1461040
14	1461040	1461480
14	1461480	1462000
14	1462000	1462880
14	1462880	1463920
14	1463920	1464480
14	1464480	1465560
14	1465560	1466640
14	1466640	1467760
14	1467760	1468920
14	1468920	1469600
14	1469600	1469920
14	1469920	1471680
14	1471680	1473560
14	1473560	1475280
14	1475280	1479200
14	1479200	1480680
14	1480680	1484400
14	1484400	1489280
15	1489280	1490400
15	1490400	1491720
15	1491720	1493520
15	1493520	1494920
15	1494920	1496200
15	1496200	1499320
15	1499320	1500560
15	1500560	1503120
16	1503120	1505120
16	1505120	1506600
16	1506600	1507080
16	1507080	1508440
16	1508440	1509800
16	1509800	1510400
16	1510400	1512320
16	1512320	1512920
16	1512920	1513560
16	1513560	1513880
16	1513880	1515080
16	1515080	1515920
16	1515920	1516560
16	1516560	1517160
16	1517160	1517720
16	1517720	1518280
16	1518280	1519160
16	1519160	1519840
16	1519840	1521920
16	1521920	1523840
16	1523840	1525440
16	1525440	1526400
16	1526400	1527200
16	1527200	1528400
16	1528400	1528760
16	1528760	1529440
16	1529440	1534560
16	1534560	1537160
16	1537160	1541360
16	1541360	1544040
16	1544040	1545880
16	1545880	1547280
16	1547280	1550160
16	1550160	1551560
16	1551560	1554320
16	1554320	1556360
16	1556360	1561200
17	1561200	1571200
17	1571200	1577160
17	1577160	1579840
17	1579840	1583160
17	1583160	1589600
17	1589600	1593800
17	1593800	1595880
17	1595880	1600000
17	1600000	1600400
17	1600400	1603320
17	1603320	1605160
17	1605160	1605600
17	1605600	1605760
17	1605760	1608000
17	1608000	1609200
17	1609200	1611280
17	1611280	1618000
17	1618000	1620600
17	1620600	1621000
17	1621000	1621560
17	1621560	1622520
17	1622520	1622960
17	1622960	1623720
17	1623720	1624360
17	1624360	1625160
17	1625160	1626840
17	1626840	1627600
17	1627600	1630560
17	1630560	1632320
17	1632320	1633360
17	1633360	1635440
17	1635440	1636600
17	1636600	1638000
17	1638000	1638960
17	1638960	1639720
17	1639720	1640360
17	1640360	1640720
17	1640720	1641160
17	1641160	1641800
17	1641800	1643000
17	1643000	1643480
17	1643480	1645000
17	1645000	1645640
17	1645640	1646000
17	1646000	1646280
17	1646280	1646960
17	1646960	1647640
17	1647640	1648840
17	1648840	1649560
17	1649560	1650600
17	1650600	1651160
17	1651160	1653400
17	1653400	1654600
17	1654600	1657360
17	1657360	1662160
17	1662160	1663760
17	1663760	1665160
17	1665160	1666720
17	1666720	1667720
17	1667720	1668880
17	1668880	1669720
17	1669720	1670600
17	1670600	1672160
17	1672160	1672960
17	1672960	1673760
17	1673760	1675480
17	1675480	1678040
18	1678040	1687200
18	1687200	1690600
18	1690600	1693640
19	1693640	1695680
19	1695680	1696600
19	1696600	1696800
19	1696800	1697840
19	1697840	1701160
19	1701160	1704200
19	1704200	1710480
19	1710480	1712520
19	1712520	1714040
19	1714040	1715920
19	1715920	1717600
19	1717600	1724560
19	1724560	1727520
19	1727520	1731520
19	1731520	1734400
19	1734400	1737040
19	1737040	1738920
19	1738920	1744720
19	1744720	1754960
19	1754960	1759960
19	1759960	1763560
19	1763560	1767520
19	1767520	1768960
19	1768960	1773960
19	1773960	1777080
19	1777080	1779560
19	1779560	1783080
19	1783080	1786560
19	1786560	1789120
19	1789120	1791760
19	1791760	1793280
19	1793280	1794400
19	1794400	1797800
19	1797800	1801440
19	1801440	1802840
19	1802840	1804800
19	1804800	1806640
19	1806640	1809240
19	1809240	1811040
19	1811040	1815480
19	1815480	1819840
19	1819840	1831040
19	1831040	1833520
19	1833520	1837800
19	1837800	1839160
19	1839160	1841280
19	1841280	1843960
20	1843960	1849200
20	1849200	1852280
20	1852280	1858840
20	1858840	1863600
20	1863600	1866520
20	1866520	1869480
20	1869480	1871440
20	1871440	1873960
20	1873960	1875800
20	1875800	1877520
20	1877520	1879320
20	1879320	1881280
20	1881280	1884920
20	1884920	1888400
20	1888400	1890000
20	1890000	1891280
20	1891280	1892480
20	1892480	1893640
20	1893640	1895360
20	1895360	1897160
20	1897160	1899560
20	1899560	1902120
20	1902120	1904040
20	1904040	1906840
20	1906840	1909640
20	1909640	1911000
20	1911000	1912920
20	1912920	1915760
20	1915760	1918560
20	1918560	1920600
20	1920600	1922240
20	1922240	1923520
20	1923520	1925240
20	1925240	1927680
20	1927680	1930080
20	1930080	1933320
20	1933320	1938080
20	1938080	1942680
20	1942680	1946040
20	1946040	1950400
20	1950400	1952320
20	1952320	1955480
20	1955480	1960120
20	1960120	1962880
20	1962880	1965840
20	1965840	1966880
20	1966880	1969360
20	1969360	1970960
20	1970960	1973400
20	1973400	1975600
20	1975600	1980640
20	1980640	1982120
20	1982120	1983840
20	1983840	1989240
20	1989240	1992200
20	1992200	1995400
20	1995400	1997080
20	1997080	2001000
20	2001000	2003280
20	2003280	2006520
20	2006520	2007920
20	2007920	2010520
20	2010520	2012520
20	2012520	2015960
20	2015960	2018240
20	2018240	2020280
20	2020280	2022160
20	2022160	2023960
20	2023960	2027080
20	2027080	2031800
20	2031800	2035320
21	2035320	2038800
21	2038800	2048280
21	2048280	2052120
21	2052120	2055440
21	2055440	2058920
21	2058920	2061280
21	2061280	2065520
21	2065520	2068720
21	2068720	2073960
21	2073960	2080360
21	2080360	2084440
21	2084440	2087680
21	2087680	2091840
21	2091840	2094800
21	2094800	2098800
21	2098800	2102600
21	2102600	2106160
22	2106160	2118360
22	2118360	2123720
22	2123720	2131040
22	2131040	2138880
22	2138880	2141360
22	2141360	2145640
22	2145640	2149040
22	2149040	2150640
22	2150640	2156280
22	2156280	2158440
22	2158440	2160040
22	2160040	2163600
22	2163600	2168040
22	2168040	2169920
22	2169920	2173480
22	2173480	2175480
22	2175480	2179120
22	2179120	2182320
22	2182320	2184680
22	2184680	2187240
22	2187240	2189520
22	2189520	2195280
22	2195280	2199080
22	2199080	2205280
22	2205280	2208560
22	2208560	2210200
22	2210200	2211760
22	2211760	2214720
22	2214720	2216680
22	2216680	2218080
22	2218080	2222160
22	2222160	2223720
22	2223720	2225440
22	2225440	2229520
22	2229520	2231120
22	2231120	2232200
22	2232200	2234040
22	2234040	2235560
22	2235560	2243120
22	2243120	2246560
22	2246560	2257280
22	2257280	2259280
22	2259280	2261000
22	2261000	2268080
22	2268080	2270520
22	2270520	2271920
22	2271920	2278800
22	2278800	2281440
22	2281440	2283480
22	2283480	2287400
22	2287400	2290200
22	2290200	2293760
22	2293760	2295960
22	2295960	2297680
22	2297680	2300440
22	2300440	2302040
22	2302040	2306160
22	2306160	2308320
22	2308320	2310120
22	2310120	2312720
22	2312720	2317480
22	2317480	2325200
22	2325200	2327000
22	2327000	2329240
22	2329240	2331920
22	2331920	2338880
22	2338880	2342640
22	2342640	2347080
22	2347080	2349400
22	2349400	2352000
22	2352000	2360680
22	2360680	2362920
22	2362920	2364880
22	2364880	2367520
22	2367520	2369920
22	2369920	2374280
22	2374280	2377120
22	2377120	2384200
22	2384200	2389680
22	2389680	2390880
22	2390880	2393440
22	2393440	2398880
22	2398880	2400840
22	2400840	2403800
22	2403800	2415600
22	2415600	2418840
22	2418840	2420560
22	2420560	2422920
22	2422920	2434640
22	2434640	2441160
22	2441160	2446480
23	2446480	2451600
23	2451600	2454680
23	2454680	2463480
23	2463480	2467280
23	2467280	2471120
23	2471120	2474840
23	2474840	2476680
23	2476680	2479120
23	2479120	2481200
23	2481200	2482440
23	2482440	2483560
23	2483560	2485040
23	2485040	2488640
23	2488640	2488720
23	2488720	2489120
23	2489120	2489480
23	2489480	2490160
23	2490160	2490640
23	2490640	2491080
23	2491080	2494440
23	2494440	2494880
23	2494880	2495760
23	2495760	2495840
23	2495840	2496160
23	2496160	2496360
23	2496360	2496440
23	2496440	2496640
23	2496640	2499240
23	2499240	2501480
23	2501480	2503160
23	2503160	2504760
23	2504760	2506160
24	2506160	2509720
24	2509720	2512920
24	2512920	2515240
24	2515240	2517160
24	2517160	2520760
24	2520760	2522880
24	2522880	2524680
24	2524680	2526000
24	2526000	2528160
24	2528160	2529600
24	2529600	2530840
24	2530840	2532160
24	2532160	2533520
24	2533520	2535120
24	2535120	2540000
24	2540000	2541000
24	2541000	2542600
24	2542600	2544040
24	2544040	2544920
24	2544920	2546360
24	2546360	2546880
24	2546880	2547160
24	2547160	2547480
24	2547480	2548800
24	2548800	2549040
24	2549040	2549680
24	2549680	2550360
24	2550360	2550960
24	2550960	2551840
24	2551840	2552320
24	2552320	2552800
24	2552800	2553040
24	2553040	2553480
24	2553480	2554360
24	2554360	2555200
24	2555200	2557040
24	2557040	2558160
24	2558160	2558760
24	2558760	2559320
24	2559320	2559960
24	2559960	2560400
24	2560400	2561000
24	2561000	2562480
24	2562480	2563360
24	2563360	2564560
24	2564560	2565360
24	2565360	2565640
24	2565640	2566320
24	2566320	2567080
24	2567080	2568720
24	2568720	2570440
24	2570440	2572120
24	2572120	2573320
24	2573320	2574800
24	2574800	2577160
24	2577160	2580760
24	2580760	2583440
25	2583440	2589680
25	2589680	2592720
25	2592720	2594640
25	2594640	2596400
25	2596400	2597960
25	2597960	2600280
25	2600280	2601720
25	2601720	2603240
25	2603240	2604600
25	2604600	2605720
25	2605720	2608200
25	2608200	2608400
25	2608400	2608880
25	2608880	2609120
25	2609120	2612160
25	2612160	2615040
25	2615040	2616680
25	2616680	2618560
25	2618560	2619880
25	2619880	2622240
25	2622240	2624360
25	2624360	2626720
25	2626720	2628360
25	2628360	2629520
25	2629520	2630120
25	2630120	2631080
25	2631080	2633840
25	2633840	2635840
25	2635840	2637400
25	2637400	2638800
25	2638800	2640600
25	2640600	2641720
25	2641720	2642920
25	2642920	2647080
25	2647080	2649920
25	2649920	2651600
25	2651600	2655000
25	2655000	2656440
25	2656440	2658240
25	2658240	2658800
25	2658800	2660760
25	2660760	2663200
25	2663200	2663760
25	2663760	2664320
25	2664320	2665440
25	2665440	2666560
25	2666560	2667360
25	2667360	2669000
25	2669000	2674400
25	2674400	2679120
26	2679120	2686680
26	2686680	2689080
26	2689080	2691960
26	2691960	2694680
26	2694680	2698400
26	2698400	2703160
26	2703160	2706280
26	2706280	2709960
26	2709960	2711200
26	2711200	2713240
26	2713240	2715280
26	2715280	2719560
26	2719560	2723000
26	2723000	2723840
26	2723840	2725240
26	2725240	2726080
26	2726080	2728400
26	2728400	2729520
26	2729520	2730560
26	2730560	2732120
26	2732120	2734400
26	2734400	2736000
26	2736000	2738040
26	2738040	2740080
26	2740080	2742440
26	2742440	2744840
26	2744840	2746880
26	2746880	2750760
26	2750760	2756120
26	2756120	2757880
26	2757880	2759960
26	2759960	2763160
26	2763160	2765360
26	2765360	2767520
26	2767520	2769680
26	2769680	2770920
26	2770920	2772320
26	2772320	2773880
26	2773880	2778000
26	2778000	2781320
26	2781320	2785360
26	2785360	2788120
26	2788120	2792040
26	2792040	2794120
26	2794120	2797560
26	2797560	2798760
26	2798760	2801320
26	2801320	2802600
26	2802600	2803760
26	2803760	2805360
26	2805360	2806760
26	2806760	2808200
26	2808200	2811400
26	2811400	2812760
26	2812760	2815760
26	2815760	2817880
26	2817880	2819360
26	2819360	2844120
27	2844120	2923480
