shot	start	end
0	0	1240
0	1240	1320
0	1320	2840
0	2840	6680
0	6680	11160
0	11160	11480
0	11480	19560
0	19560	21640
0	21640	23400
0	23400	25360
0	25360	26800
0	26800	30280
0	30280	35040
0	35040	39320
0	39320	43720
0	43720	49400
0	49400	52200
0	52200	54400
0	54400	58000
0	58000	58240
0	58240	58560
0	58560	60560
0	60560	69160
0	69160	70760
0	70760	72040
0	72040	88160
0	88160	94920
0	94920	112120
1	112120	115400
1	115400	122480
1	122480	126040
1	126040	128040
1	128040	130880
1	130880	140600
1	140600	149880
1	149880	153400
1	153400	158400
1	158400	161880
1	161880	165360
1	165360	177320
1	177320	181600
1	181600	182160
1	182160	182640
1	182640	184360
1	184360	185240
1	185240	185320
1	185320	185520
1	185520	185720
1	185720	186120
1	186120	189120
1	189120	191600
1	191600	195160
1	195160	199120
1	199120	201560
1	201560	203160
1	203160	203280
1	203280	204800
1	204800	205560
1	205560	205880
1	205880	206000
1	206000	206080
1	206080	207160
1	207160	208200
1	208200	210080
1	210080	214480
1	214480	222120
1	222120	225480
1	225480	234760
1	234760	242000
1	242000	246000
1	246000	247840
1	247840	257680
1	257680	273720
1	273720	279880
1	279880	280200
1	280200	283120
1	283120	286800
1	286800	290440
1	290440	300160
2	300160	302840
2	302840	305440
2	305440	307320
2	307320	310560
2	310560	314040
2	314040	316040
2	316040	317440
2	317440	319200
2	319200	320120
2	320120	320720
2	320720	321880
2	321880	323760
2	323760	326240
2	326240	328800
2	328800	331000
2	331000	332360
2	332360	334280
2	334280	336120
2	336120	338240
2	338240	340280
2	340280	342200
2	342200	343760
2	343760	346120
2	346120	347600
2	347600	349040
2	349040	350280
2	350280	351800
2	351800	354120
2	354120	356200
2	356200	359640
2	359640	361320
2	361320	363040
2	363040	364200
2	364200	369160
2	369160	371960
2	371960	373680
2	373680	375280
2	375280	376760
2	376760	377760
2	377760	379280
2	379280	383680
2	383680	388160
2	388160	391080
2	391080	393680
2	393680	395200
2	395200	397280
2	397280	398600
2	398600	399600
2	399600	402160
2	402160	404720
2	404720	408600
2	408600	410600
2	410600	412240
2	412240	414160
2	414160	415680
2	415680	418040
2	418040	420960
2	420960	424480
2	424480	426360
2	426360	428320
2	428320	430160
2	430160	431200
2	431200	434520
2	434520	437080
2	437080	440280
2	440280	442360
2	442360	444120
2	444120	446680
2	446680	449400
2	449400	451400
2	451400	454040
2	454040	459000
2	459000	462560
2	462560	465960
2	465960	468680
2	468680	470600
2	470600	472040
2	472040	474920
3	474920	484720
3	484720	487720
3	487720	490240
3	490240	494200
3	494200	496160
3	496160	497640
3	497640	502120
3	502120	505920
3	505920	508120
3	508120	514920
3	514920	518440
3	518440	521280
3	521280	525280
3	525280	527120
3	527120	528920
3	528920	532480
3	532480	534360
3	534360	538560
3	538560	540640
3	540640	543160
3	543160	544520
3	544520	546520
3	546520	549200
3	549200	558240
3	558240	561920
3	561920	563400
3	563400	573800
3	573800	577760
3	577760	579560
3	579560	582000
3	582000	586760
3	586760	589000
3	589000	592480
3	592480	596240
3	596240	608200
3	608200	611200
3	611200	615920
3	615920	618000
3	618000	622600
3	622600	624480
3	624480	628680
3	628680	632040
3	632040	635640
3	635640	638360
3	638360	647520
3	647520	651000
3	651000	655880
3	655880	662760
3	662760	667800
3	667800	669280
3	669280	670680
3	670680	672240
3	672240	674320
3	674320	675720
3	675720	680240
3	680240	684240
3	684240	686800
3	686800	692000
3	692000	696360
3	696360	699400
3	699400	702800
4	702800	705600
4	705600	706040
4	706040	707120
4	707120	708520
4	708520	710480
4	710480	711520
4	711520	713160
4	713160	725720
4	725720	727600
4	727600	729800
4	729800	732760
4	732760	744600
4	744600	747240
4	747240	750320
4	750320	752840
4	752840	762200
4	762200	766480
4	766480	770040
4	770040	774480
4	774480	776040
4	776040	779000
4	779000	780320
4	780320	782840
4	782840	786880
4	786880	788960
4	788960	791560
4	791560	795280
4	795280	798160
4	798160	799960
4	799960	801880
4	801880	805960
4	805960	810160
4	810160	811800
4	811800	813800
4	813800	815920
4	815920	817520
4	817520	820640
4	820640	822520
4	822520	825680
4	825680	830040
4	830040	831560
4	831560	833320
4	833320	835800
4	835800	838520
4	838520	844520
4	844520	846280
4	846280	848120
4	848120	850880
4	850880	852680
4	852680	855000
4	855000	856800
5	856800	856880
5	856880	857960
5	857960	858400
5	858400	858720
5	858720	858800
5	858800	860160
5	860160	860760
5	860760	860880
5	860880	861120
5	861120	862440
5	862440	862800
5	862800	865440
5	865440	865600
5	865600	866600
5	866600	871600
5	871600	871680
5	871680	873320
5	873320	875280
5	875280	878320
5	878320	881680
5	881680	885400
5	885400	888400
5	888400	891840
5	891840	898640
5	898640	903680
5	903680	910160
5	910160	913000
5	913000	916120
5	916120	918120
5	918120	919640
5	919640	921440
5	921440	924960
5	924960	926840
5	926840	929440
5	929440	938160
5	938160	948320
5	948320	953800
5	953800	965440
5	965440	970760
5	970760	974240
5	974240	977600
5	977600	991320
5	991320	993480
5	993480	995320
5	995320	998960
5	998960	1001680
5	1001680	1009000
5	1009000	1013720
5	1013720	1016000
5	1016000	1018680
5	1018680	1028840
5	1028840	1031040
5	1031040	1036080
5	1036080	1039040
6	1039040	1041120
6	1041120	1043680
6	1043680	1045560
6	1045560	1047320
6	1047320	1049320
6	1049320	1050440
6	1050440	1054760
6	1054760	1056760
6	1056760	1059200
6	1059200	1062320
6	1062320	1063640
6	1063640	1065880
6	1065880	1067200
6	1067200	1068680
6	1068680	1070240
6	1070240	1071880
6	1071880	1073880
6	1073880	1076240
6	1076240	1078240
6	1078240	1082040
6	1082040	1083520
6	1083520	1084600
6	1084600	1085440
6	1085440	1086440
6	1086440	1087960
6	1087960	1089480
6	1089480	1092880
6	1092880	1095160
6	1095160	1096840
6	1096840	1098080
6	1098080	1099240
6	1099240	1102760
6	1102760	1106160
6	1106160	1108960
6	1108960	1111400
6	1111400	1116000
6	1116000	1118120
6	1118120	1119560
6	1119560	1120920
6	1120920	1126000
6	1126000	1128080
6	1128080	1130240
6	1130240	1132960
6	1132960	1135360
6	1135360	1141480
6	1141480	1145760
6	1145760	1148000
6	1148000	1149720
6	1149720	1151640
6	1151640	1153880
6	1153880	1156680
6	1156680	1158760
6	1158760	1161080
6	1161080	1166240
6	1166240	1169160
6	1169160	1170840
6	1170840	1175320
6	1175320	1179560
6	1179560	1182760
6	1182760	1187720
7	1187720	1201160
7	1201160	1205520
7	1205520	1206240
7	1206240	1208320
7	1208320	1213840
7	1213840	1226000
7	1226000	1232400
7	1232400	1235240
7	1235240	1239000
7	1239000	1240480
7	1240480	1242240
7	1242240	1244680
7	1244680	1246800
7	1246800	1249240
7	1249240	1251240
7	1251240	1252880
7	1252880	1253560
7	1253560	1254280
7	1254280	1254760
7	1254760	1255120
7	1255120	1255840
7	1255840	1256360
7	1256360	1256920
7	1256920	1257240
7	1257240	1257840
7	1257840	1259040
7	1259040	1260520
7	1260520	1264640
7	1264640	1266440
7	1266440	1268840
7	1268840	1273760
8	1273760	1274520
8	1274520	1276360
8	1276360	1277800
8	1277800	1279400
8	1279400	1282440
8	1282440	1285320
8	1285320	1289160
8	1289160	1293960
8	1293960	1296480
8	1296480	1298080
8	1298080	1299920
8	1299920	1300920
8	1300920	1302880
8	1302880	1305680
8	1305680	1307320
8	1307320	1309000
8	1309000	1310760
8	1310760	1312960
8	1312960	1319800
8	1319800	1322280
8	1322280	1323840
8	1323840	1326040
8	1326040	1330400
8	1330400	1332800
8	1332800	1336360
8	1336360	1338280
8	1338280	1344560
8	1344560	1346560
8	1346560	1353200
8	1353200	1355280
8	1355280	1357000
8	1357000	1359080
8	1359080	1361000
8	1361000	1362800
8	1362800	1364560
8	1364560	1367240
8	1367240	1368880
8	1368880	1372440
8	1372440	1374200
8	1374200	1377960
8	1377960	1382200
8	1382200	1388960
8	1388960	1392520
8	1392520	1396800
8	1396800	1404720
8	1404720	1406840
8	1406840	1412280
8	1412280	1418800
8	1418800	1421560
8	1421560	1425200
8	1425200	1428560
8	1428560	1431640
8	1431640	1434520
8	1434520	1436200
8	1436200	1439080
8	1439080	1441960
8	1441960	1443920
8	1443920	1445120
8	1445120	1459120
8	1459120	1460680
8	1460680	1464040
8	1464040	1467880
8	1467880	1471480
8	1471480	1474160
8	1474160	1476880
8	1476880	1481320
8	1481320	1483800
8	1483800	1490840
8	1490840	1495000
8	1495000	1500160
8	1500160	1503040
8	1503040	1506800
8	1506800	1510880
8	1510880	1514200
8	1514200	1518000
8	1518000	1519880
8	1519880	1524440
8	1524440	1526760
8	1526760	1529720
8	1529720	1533920
8	1533920	1541760
8	1541760	1545440
8	1545440	1549400
8	1549400	1551880
8	1551880	1557040
8	1557040	1558600
8	1558600	1560320
8	1560320	1561800
8	1561800	1565160
8	1565160	1566800
8	1566800	1568640
8	1568640	1573400
8	1573400	1576480
8	1576480	1579640
8	1579640	1580640
8	1580640	1585640
8	1585640	1591400
9	1591400	1596440
9	1596440	1601720
9	1601720	1605400
9	1605400	1609200
9	1609200	1612000
9	1612000	1614040
9	1614040	1616040
9	1616040	1618960
9	1618960	1621400
9	1621400	1623600
9	1623600	1625520
9	1625520	1627480
9	1627480	1637440
9	1637440	1640240
9	1640240	1642960
9	1642960	1646320
9	1646320	1649600
9	1649600	1651120
9	1651120	1652680
9	1652680	1654160
9	1654160	1656360
9	1656360	1658560
9	1658560	1660440
9	1660440	1662280
9	1662280	1663440
9	1663440	1665000
9	1665000	1666240
9	1666240	1668280
9	1668280	1670880
9	1670880	1674400
9	1674400	1676920
9	1676920	1685840
9	1685840	1690600
9	1690600	1700280
9	1700280	1704040
9	1704040	1706160
9	1706160	1708000
9	1708000	1709680
9	1709680	1713280
9	1713280	1716040
9	1716040	1723040
9	1723040	1733000
9	1733000	1736800
9	1736800	1740040
9	1740040	1741640
9	1741640	1743720
9	1743720	1745520
9	1745520	1751400
9	1751400	1756560
9	1756560	1759040
9	1759040	1760440
9	1760440	1764920
9	1764920	1766800
9	1766800	1768080
9	1768080	1771640
9	1771640	1773760
9	1773760	1778400
9	1778400	1782440
9	1782440	1784360
9	1784360	1789280
9	1789280	1795920
9	1795920	1803560
9	1803560	1808240
10	1808240	1810200
10	1810200	1813040
10	1813040	1815240
10	1815240	1818840
10	1818840	1821440
10	1821440	1823520
10	1823520	1828560
10	1828560	1831280
10	1831280	1834560
10	1834560	1839560
10	1839560	1843080
10	1843080	1848760
10	1848760	1852600
10	1852600	1855640
10	1855640	1858160
10	1858160	1861880
10	1861880	1866080
10	1866080	1867840
10	1867840	1869120
10	1869120	1872880
10	1872880	1877360
10	1877360	1880600
10	1880600	1884720
10	1884720	1887320
10	1887320	1890720
10	1890720	1901480
10	1901480	1919600
10	1919600	1920840
10	1920840	1926080
10	1926080	1930840
10	1930840	1936400
10	1936400	1940360
11	1940360	1942480
11	1942480	1944080
11	1944080	1945480
11	1945480	1947840
11	1947840	1949160
11	1949160	1950360
11	1950360	1954240
11	1954240	1956360
11	1956360	1958040
11	1958040	1960000
11	1960000	1963040
11	1963040	1967800
11	1967800	1971360
11	1971360	1975040
11	1975040	1979600
11	1979600	1983400
11	1983400	1992400
11	1992400	1996440
11	1996440	2000040
11	2000040	2002920
11	2002920	2005480
11	2005480	2011680
11	2011680	2013920
11	2013920	2017000
11	2017000	2018960
11	2018960	2022440
11	2022440	2025120
11	2025120	2030240
11	2030240	2036800
11	2036800	2041840
11	2041840	2051440
11	2051440	2056160
11	2056160	2064120
11	2064120	2066720
11	2066720	2068560
11	2068560	2070200
11	2070200	2072200
11	2072200	2078440
11	2078440	2081920
11	2081920	2084760
11	2084760	2088680
11	2088680	2092400
11	2092400	2094640
11	2094640	2098720
11	2098720	2102680
11	2102680	2104800
11	2104800	2107280
11	2107280	2109720
11	2109720	2111200
11	2111200	2114040
11	2114040	2117240
11	2117240	2120040
11	2120040	2122880
11	2122880	2126920
11	2126920	2131160
11	2131160	2137800
11	2137800	2140360
11	2140360	2144160
11	2144160	2146040
11	2146040	2150800
11	2150800	2152240
11	2152240	2153400
11	2153400	2154880
11	2154880	2157000
12	2157000	2164480
12	2164480	2168120
12	2168120	2171720
12	2171720	2179840
12	2179840	2180560
12	2180560	2182520
12	2182520	2184120
12	2184120	2186560
12	2186560	2188480
12	2188480	2189720
12	2189720	2190520
12	2190520	2191800
12	2191800	2192920
12	2192920	2202240
12	2202240	2205160
12	2205160	2206320
12	2206320	2207560
12	2207560	2208040
12	2208040	2208840
12	2208840	2209920
12	2209920	2211000
12	2211000	2212240
12	2212240	2213160
12	2213160	2214240
12	2214240	2216000
12	2216000	2217000
12	2217000	2220480
12	2220480	2227000
12	2227000	2229040
12	2229040	2230000
12	2230000	2231240
12	2231240	2235840
12	2235840	2237280
12	2237280	2239600
12	2239600	2241320
12	2241320	2245440
12	2245440	2247320
12	2247320	2248800
12	2248800	2251240
12	2251240	2252520
12	2252520	2254440
12	2254440	2255840
12	2255840	2256360
12	2256360	2258040
12	2258040	2260400
12	2260400	2260920
12	2260920	2261240
12	2261240	2262840
12	2262840	2265400
12	2265400	2266640
12	2266640	2268440
12	2268440	2269960
12	2269960	2272160
12	2272160	2273360
12	2273360	2274360
12	2274360	2275160
12	2275160	2276440
12	2276440	2278200
12	2278200	2279080
12	2279080	2280280
12	2280280	2282040
12	2282040	2282760
12	2282760	2283000
12	2283000	2286680
12	2286680	2288440
12	2288440	2290600
12	2290600	2292920
12	2292920	2299560
12	2299560	2300160
12	2300160	2302160
12	2302160	2302400
12	2302400	2304240
12	2304240	2306240
12	2306240	2306480
12	2306480	2308320
13	2308320	2310920
13	2310920	2315640
13	2315640	2320560
13	2320560	2323800
13	2323800	2330840
13	2330840	2334240
13	2334240	2344480
13	2344480	2347320
13	2347320	2349720
13	2349720	2352160
13	2352160	2358960
13	2358960	2362920
13	2362920	2365520
13	2365520	2367400
13	2367400	2379080
13	2379080	2386640
13	2386640	2389640
13	2389640	2394080
13	2394080	2399040
14	2399040	2416160
14	2416160	2421600
14	2421600	2426960
14	2426960	2431880
14	2431880	2434680
14	2434680	2436480
14	2436480	2438920
14	2438920	2447440
14	2447440	2454520
14	2454520	2458160
14	2458160	2463760
14	2463760	2470520
14	2470520	2477880
14	2477880	2481240
14	2481240	2484640
14	2484640	2487560
14	2487560	2493880
14	2493880	2512440
14	2512440	2520280
14	2520280	2524760
14	2524760	2534880
14	2534880	2546560
14	2546560	2551720
14	2551720	2563600
15	2563600	2567680
15	2567680	2577320
15	2577320	2580320
15	2580320	2589360
15	2589360	2596800
15	2596800	2602880
15	2602880	2604560
15	2604560	2606600
15	2606600	2610680
15	2610680	2618200
15	2618200	2620800
15	2620800	2623320
15	2623320	2628560
15	2628560	2630680
15	2630680	2633280
15	2633280	2638720
15	2638720	2641640
15	2641640	2646000
15	2646000	2649080
15	2649080	2652400
15	2652400	2655160
15	2655160	2657840
15	2657840	2662080
16	2662080	2669000
16	2669000	2678920
16	2678920	2681560
16	2681560	2689560
16	2689560	2694440
16	2694440	2697200
16	2697200	2702640
16	2702640	2712640
16	2712640	2718080
16	2718080	2725280
16	2725280	2752120
16	2752120	2759160
16	2759160	2765680
16	2765680	2768920
16	2768920	2771560
16	2771560	2778680
16	2778680	2785760
16	2785760	2793800
16	2793800	2800280
17	2800280	2813080
17	2813080	2818400
18	2818400	2824880
18	2824880	2832400
18	2832400	2837800
18	2837800	2841560
19	2841560	2844640
19	2844640	2848840
19	2848840	2861440
19	2861440	2864440
19	2864440	2870760
19	2870760	2877280
19	2877280	2880840
19	2880840	2886120
19	2886120	2898360
19	2898360	2908280
19	2908280	2912680
19	2912680	2917960
19	2917960	2923960
19	2923960	2934680
19	2934680	2940400
19	2940400	2945200
19	2945200	2954360
19	2954360	2992920
20	2992920	3070960
