shot	start	end
0	0	1240
0	1240	1320
0	1320	2840
0	2840	6680
0	6680	9640
0	9640	11160
0	11160	19560
0	19560	21280
0	21280	22760
0	22760	24360
0	24360	25720
0	25720	31320
0	31320	35400
0	35400	42840
0	42840	47880
0	47880	52960
0	52960	56000
0	56000	58200
0	58200	61400
0	61400	61640
0	61640	61960
0	61960	63880
0	63880	72480
0	72480	88480
0	88480	95240
0	95240	110680
1	110680	128120
1	128120	130120
1	130120	131960
1	131960	135480
1	135480	141600
1	141600	142720
1	142720	144440
1	144440	145480
1	145480	147800
1	147800	149520
1	149520	150720
1	150720	152120
1	152120	153840
1	153840	161360
1	161360	165880
1	165880	168440
1	168440	171280
1	171280	173200
1	173200	176720
1	176720	178840
1	178840	181400
1	181400	184440
1	184440	186920
1	186920	189120
1	189120	190520
1	190520	191840
1	191840	204000
2	204000	208760
2	208760	217960
2	217960	222640
2	222640	228000
2	228000	236800
2	236800	241560
2	241560	242640
2	242640	244000
2	244000	245760
2	245760	248280
2	248280	261800
2	261800	269240
2	269240	270560
2	270560	272000
2	272000	273200
2	273200	275880
2	275880	277440
2	277440	280160
2	280160	281720
2	281720	283480
2	283480	288440
2	288440	290200
2	290200	291720
2	291720	293640
2	293640	295000
2	295000	297640
2	297640	298880
2	298880	300840
2	300840	303720
3	303720	307400
3	307400	310360
3	310360	313040
3	313040	314920
3	314920	316680
3	316680	318160
3	318160	320840
3	320840	322240
3	322240	325560
3	325560	327040
3	327040	329720
3	329720	332040
3	332040	334080
3	334080	335880
3	335880	337680
3	337680	338960
3	338960	344120
3	344120	348640
3	348640	350560
3	350560	353480
3	353480	356160
3	356160	358920
3	358920	361720
3	361720	366480
3	366480	368960
3	368960	370520
3	370520	372920
3	372920	375000
3	375000	376440
3	376440	378720
3	378720	380360
3	380360	382400
3	382400	383920
3	383920	385160
3	385160	386640
3	386640	388480
3	388480	390200
3	390200	391840
3	391840	394040
3	394040	396560
3	396560	398440
3	398440	399400
3	399400	400960
3	400960	401960
3	401960	403200
3	403200	404480
3	404480	405880
3	405880	407160
3	407160	408560
3	408560	413400
3	413400	415720
3	415720	418360
3	418360	420320
3	420320	422320
3	422320	423480
3	423480	425120
3	425120	427440
3	427440	430760
3	430760	433040
3	433040	435040
3	435040	440600
3	440600	443080
3	443080	444920
3	444920	446960
3	446960	449000
3	449000	450280
3	450280	452160
3	452160	454680
3	454680	458240
3	458240	462120
3	462120	463280
3	463280	465240
3	465240	468760
3	468760	470400
3	470400	472480
3	472480	477400
3	477400	479640
3	479640	484520
3	484520	486760
3	486760	495200
3	495200	505000
3	505000	513000
3	513000	517040
3	517040	519960
3	519960	522600
3	522600	529040
3	529040	534320
3	534320	537040
3	537040	545200
3	545200	549720
3	549720	557520
3	557520	564000
3	564000	566680
3	566680	572080
3	572080	575600
3	575600	578720
3	578720	581360
3	581360	584240
3	584240	587520
3	587520	591160
3	591160	593640
3	593640	598800
3	598800	602560
3	602560	606280
3	606280	610040
3	610040	613520
3	613520	615200
3	615200	619960
3	619960	627960
3	627960	631160
3	631160	634160
3	634160	637720
3	637720	640360
3	640360	647000
3	647000	650080
3	650080	656200
3	656200	660520
3	660520	664200
3	664200	666600
3	666600	669000
3	669000	672280
3	672280	675640
3	675640	679640
3	679640	682160
3	682160	684080
3	684080	690480
3	690480	693480
3	693480	698520
3	698520	700960
3	700960	704040
3	704040	710160
4	710160	716720
4	716720	719240
4	719240	720680
4	720680	723840
4	723840	726680
4	726680	729280
4	729280	733840
4	733840	743480
5	743480	745000
5	745000	747120
5	747120	750240
5	750240	751680
5	751680	753400
5	753400	757800
6	757800	763760
6	763760	766000
6	766000	766800
6	766800	766880
6	766880	768120
6	768120	768200
6	768200	768320
6	768320	770720
6	770720	771560
6	771560	772680
6	772680	774480
6	774480	775040
6	775040	777360
6	777360	779960
6	779960	781360
6	781360	781800
6	781800	782520
6	782520	784520
6	784520	784680
6	784680	784800
6	784800	784880
6	784880	785000
6	785000	785360
6	785360	785480
6	785480	785640
6	785640	786000
6	786000	786240
6	786240	789560
6	789560	790640
6	790640	790760
6	790760	790880
6	790880	791040
6	791040	792160
6	792160	792600
6	792600	793160
6	793160	794800
6	794800	811600
6	811600	827040
6	827040	828640
6	828640	830120
6	830120	831640
6	831640	831720
6	831720	831960
6	831960	833760
6	833760	833840
6	833840	833920
6	833920	834000
6	834000	835680
6	835680	836160
6	836160	836480
6	836480	837360
6	837360	837600
6	837600	838360
6	838360	838440
6	838440	838680
6	838680	839840
6	839840	839920
6	839920	840160
6	840160	841280
6	841280	841760
6	841760	842360
6	842360	843040
6	843040	846160
6	846160	848960
6	848960	849320
6	849320	849760
6	849760	851200
6	851200	853280
6	853280	854200
6	854200	855160
6	855160	856160
7	856160	859840
7	859840	863400
7	863400	867680
7	867680	869840
7	869840	878200
7	878200	884480
7	884480	889440
7	889440	891600
7	891600	894000
7	894000	896760
7	896760	900400
7	900400	902360
7	902360	907880
7	907880	914640
7	914640	916560
7	916560	921040
7	921040	924000
7	924000	926120
7	926120	929200
7	929200	932960
7	932960	938680
7	938680	942040
7	942040	944240
7	944240	947720
7	947720	949440
7	949440	951120
7	951120	954800
7	954800	957400
7	957400	961960
7	961960	966480
7	966480	969440
7	969440	974320
7	974320	977200
7	977200	979840
7	979840	982400
7	982400	985840
7	985840	989920
8	989920	1003880
8	1003880	1008000
8	1008000	1010680
8	1010680	1012120
8	1012120	1015000
8	1015000	1016280
8	1016280	1021800
8	1021800	1025040
8	1025040	1028280
8	1028280	1036360
8	1036360	1041760
8	1041760	1043880
8	1043880	1049360
8	1049360	1051920
8	1051920	1055560
8	1055560	1058800
8	1058800	1067440
8	1067440	1071040
8	1071040	1073320
8	1073320	1076480
8	1076480	1080000
8	1080000	1081720
8	1081720	1084720
8	1084720	1088040
8	1088040	1090800
8	1090800	1096960
8	1096960	1101880
8	1101880	1106120
8	1106120	1108480
8	1108480	1112640
8	1112640	1128280
8	1128280	1131120
8	1131120	1132600
8	1132600	1136320
8	1136320	1139240
8	1139240	1141680
8	1141680	1148360
8	1148360	1152120
8	1152120	1152920
8	1152920	1154840
8	1154840	1159000
8	1159000	1165120
8	1165120	1168920
8	1168920	1171000
8	1171000	1173160
8	1173160	1175120
8	1175120	1177840
8	1177840	1180720
8	1180720	1182120
8	1182120	1189160
8	1189160	1192000
8	1192000	1195680
8	1195680	1199160
9	1199160	1211800
9	1211800	1214200
9	1214200	1223080
9	1223080	1225480
9	1225480	1227440
9	1227440	1229240
9	1229240	1231360
9	1231360	1233920
9	1233920	1235360
9	1235360	1236720
9	1236720	1243640
9	1243640	1248000
9	1248000	1248680
9	1248680	1249680
9	1249680	1250320
9	1250320	1251320
9	1251320	1251960
9	1251960	1254120
9	1254120	1255880
9	1255880	1257320
9	1257320	1259280
9	1259280	1265200
9	1265200	1265960
9	1265960	1267960
9	1267960	1268920
9	1268920	1273240
9	1273240	1277080
9	1277080	1278840
9	1278840	1280360
9	1280360	1283600
9	1283600	1286240
9	1286240	1290440
9	1290440	1292480
9	1292480	1295600
9	1295600	1297680
9	1297680	1299400
9	1299400	1301280
9	1301280	1304200
9	1304200	1306760
9	1306760	1308440
9	1308440	1310240
9	1310240	1312920
9	1312920	1318920
9	1318920	1323280
9	1323280	1326000
9	1326000	1329920
9	1329920	1333400
9	1333400	1336360
9	1336360	1339640
9	1339640	1342840
9	1342840	1345400
9	1345400	1351160
9	1351160	1352800
9	1352800	1353840
9	1353840	1355080
9	1355080	1356360
9	1356360	1357760
9	1357760	1359280
9	1359280	1362000
9	1362000	1371320
10	1371320	1378160
10	1378160	1382000
10	1382000	1384560
10	1384560	1387800
10	1387800	1390640
10	1390640	1392480
10	1392480	1398400
10	1398400	1407160
10	1407160	1410480
10	1410480	1413480
10	1413480	1418760
10	1418760	1426960
10	1426960	1430200
10	1430200	1432920
10	1432920	1439320
10	1439320	1448280
10	1448280	1456240
10	1456240	1460920
10	1460920	1463400
10	1463400	1468360
10	1468360	1473040
10	1473040	1476480
10	1476480	1480520
10	1480520	1486320
10	1486320	1489480
10	1489480	1503280
10	1503280	1505760
10	1505760	1512760
10	1512760	1514320
10	1514320	1516080
10	1516080	1517320
10	1517320	1522760
10	1522760	1524440
10	1524440	1526480
10	1526480	1529120
10	1529120	1529720
10	1529720	1530880
10	1530880	1534320
10	1534320	1539920
10	1539920	1558720
11	1558720	1566320
11	1566320	1571880
11	1571880	1572080
11	1572080	1574400
11	1574400	1575440
11	1575440	1581520
11	1581520	1585360
11	1585360	1588480
11	1588480	1590920
11	1590920	1594760
11	1594760	1598160
11	1598160	1601320
11	1601320	1603280
11	1603280	1604960
11	1604960	1611600
11	1611600	1616320
11	1616320	1616480
11	1616480	1618760
11	1618760	1620000
11	1620000	1622480
11	1622480	1623200
11	1623200	1623720
11	1623720	1623880
11	1623880	1625320
11	1625320	1625560
11	1625560	1626320
11	1626320	1629040
11	1629040	1629280
11	1629280	1632240
11	1632240	1638080
11	1638080	1642200
11	1642200	1650760
11	1650760	1652000
11	1652000	1653160
11	1653160	1653240
11	1653240	1655720
11	1655720	1656000
11	1656000	1656080
11	1656080	1656160
11	1656160	1656600
11	1656600	1657600
11	1657600	1657760
11	1657760	1659280
11	1659280	1659760
11	1659760	1659840
11	1659840	1660960
11	1660960	1662440
11	1662440	1662520
11	1662520	1662920
11	1662920	1663320
11	1663320	1666080
11	1666080	1671160
12	1671160	1676560
12	1676560	1678120
12	1678120	1678840
12	1678840	1679720
12	1679720	1680360
12	1680360	1680440
12	1680440	1680520
12	1680520	1681080
12	1681080	1689560
12	1689560	1690120
12	1690120	1691040
12	1691040	1691880
12	1691880	1701080
12	1701080	1701600
12	1701600	1701680
12	1701680	1702480
12	1702480	1702960
12	1702960	1703080
12	1703080	1703160
12	1703160	1703280
12	1703280	1706000
12	1706000	1706240
12	1706240	1706800
12	1706800	1706880
12	1706880	1707200
12	1707200	1707400
12	1707400	1707560
12	1707560	1711320
12	1711320	1711920
12	1711920	1721080
12	1721080	1722440
12	1722440	1723880
12	1723880	1724480
12	1724480	1726320
12	1726320	1729880
12	1729880	1730320
12	1730320	1733920
12	1733920	1736600
12	1736600	1737720
12	1737720	1743320
12	1743320	1743400
12	1743400	1748720
12	1748720	1750240
12	1750240	1751320
12	1751320	1751640
12	1751640	1753080
12	1753080	1753200
12	1753200	1753360
12	1753360	1754400
12	1754400	1756600
12	1756600	1756680
12	1756680	1756880
12	1756880	1768240
12	1768240	1778600
12	1778600	1782760
12	1782760	1802600
12	1802600	1808080
12	1808080	1808360
12	1808360	1808800
12	1808800	1808880
12	1808880	1808960
12	1808960	1809040
12	1809040	1809640
12	1809640	1809920
12	1809920	1810000
12	1810000	1810080
12	1810080	1810160
12	1810160	1810320
12	1810320	1810800
12	1810800	1811080
12	1811080	1811160
12	1811160	1811240
12	1811240	1814360
12	1814360	1816320
12	1816320	1816400
12	1816400	1816600
12	1816600	1817000
12	1817000	1817640
12	1817640	1818960
12	1818960	1819040
12	1819040	1833080
12	1833080	1840720
12	1840720	1841800
12	1841800	1842840
12	1842840	1847840
12	1847840	1850440
12	1850440	1853040
12	1853040	1857200
12	1857200	1857800
12	1857800	1867600
13	1867600	1870360
13	1870360	1875280
13	1875280	1877360
13	1877360	1879120
13	1879120	1882680
13	1882680	1890960
13	1890960	1898920
13	1898920	1909480
13	1909480	1913120
13	1913120	1915960
13	1915960	1918360
13	1918360	1921720
13	1921720	1932200
13	1932200	1936000
13	1936000	1937800
13	1937800	1941440
13	1941440	1945800
13	1945800	1947880
13	1947880	1949320
13	1949320	1963640
13	1963640	1968600
13	1968600	1974200
13	1974200	1977080
13	1977080	1979080
13	1979080	1981280
13	1981280	1985880
13	1985880	1990960
13	1990960	1997360
13	1997360	2003520
13	2003520	2011160
13	2011160	2014800
13	2014800	2022920
13	2022920	2024040
13	2024040	2025400
13	2025400	2026720
13	2026720	2027720
13	2027720	2032080
13	2032080	2035560
14	2035560	2037440
14	2037440	2039640
14	2039640	2041920
14	2041920	2044760
14	2044760	2049920
14	2049920	2053080
14	2053080	2055360
14	2055360	2057160
14	2057160	2058840
14	2058840	2060280
14	2060280	2068000
14	2068000	2070480
14	2070480	2080440
14	2080440	2086320
14	2086320	2089920
14	2089920	2093160
14	2093160	2095320
14	2095320	2098840
14	2098840	2101840
14	2101840	2104800
14	2104800	2107360
14	2107360	2110120
14	2110120	2113280
14	2113280	2115040
14	2115040	2119200
14	2119200	2123720
14	2123720	2126600
14	2126600	2131000
14	2131000	2133800
14	2133800	2135960
14	2135960	2138480
14	2138480	2140400
14	2140400	2142840
14	2142840	2144720
14	2144720	2149720
14	2149720	2172160
14	2172160	2177160
14	2177160	2188920
14	2188920	2201160
14	2201160	2206880
14	2206880	2213000
14	2213000	2217880
14	2217880	2224600
14	2224600	2230040
15	2230040	2234640
15	2234640	2238240
15	2238240	2241680
15	2241680	2245080
15	2245080	2248640
15	2248640	2251760
15	2251760	2252480
15	2252480	2253400
15	2253400	2255240
15	2255240	2256320
15	2256320	2258760
15	2258760	2262240
15	2262240	2264760
15	2264760	2267600
15	2267600	2271960
15	2271960	2277680
15	2277680	2279080
15	2279080	2280280
15	2280280	2282200
15	2282200	2283480
15	2283480	2285120
15	2285120	2287800
15	2287800	2289720
15	2289720	2291160
15	2291160	2292800
15	2292800	2295680
15	2295680	2297320
15	2297320	2298400
15	2298400	2299960
15	2299960	2301280
15	2301280	2303520
15	2303520	2304400
15	2304400	2305480
15	2305480	2307000
15	2307000	2307720
15	2307720	2309240
15	2309240	2309880
15	2309880	2310240
15	2310240	2310560
15	2310560	2311040
15	2311040	2311400
15	2311400	2311960
15	2311960	2313280
15	2313280	2314680
15	2314680	2315560
15	2315560	2316400
15	2316400	2317000
15	2317000	2317600
15	2317600	2318120
15	2318120	2319440
15	2319440	2321760
15	2321760	2331080
15	2331080	2333520
15	2333520	2346960
15	2346960	2350240
15	2350240	2354480
16	2354480	2361840
16	2361840	2366240
16	2366240	2372360
16	2372360	2374840
16	2374840	2376520
16	2376520	2379720
16	2379720	2382560
16	2382560	2385680
16	2385680	2390160
16	2390160	2392560
16	2392560	2395920
16	2395920	2397560
16	2397560	2399640
16	2399640	2401880
16	2401880	2405320
16	2405320	2413920
16	2413920	2419880
16	2419880	2423960
16	2423960	2427120
16	2427120	2429480
16	2429480	2430080
16	2430080	2430680
16	2430680	2432000
16	2432000	2433080
16	2433080	2434720
16	2434720	2435800
16	2435800	2436520
16	2436520	2437800
16	2437800	2439240
16	2439240	2440160
16	2440160	2440560
16	2440560	2440880
16	2440880	2441280
16	2441280	2442080
16	2442080	2443080
16	2443080	2444600
16	2444600	2445360
16	2445360	2446920
16	2446920	2447560
16	2447560	2448200
16	2448200	2449560
16	2449560	2456480
17	2456480	2461360
17	2461360	2461760
17	2461760	2463800
17	2463800	2466600
17	2466600	2467680
17	2467680	2467960
17	2467960	2472280
17	2472280	2475400
17	2475400	2479360
17	2479360	2482320
17	2482320	2484280
17	2484280	2485840
17	2485840	2487600
17	2487600	2489680
17	2489680	2489760
17	2489760	2491520
17	2491520	2493200
17	2493200	2494000
17	2494000	2494080
17	2494080	2496240
17	2496240	2497800
17	2497800	2501480
17	2501480	2503520
17	2503520	2505800
17	2505800	2508840
17	2508840	2510000
17	2510000	2512840
17	2512840	2514360
17	2514360	2515720
17	2515720	2517520
17	2517520	2518480
17	2518480	2520480
17	2520480	2521000
17	2521000	2521440
17	2521440	2522360
17	2522360	2524640
17	2524640	2524800
17	2524800	2526600
17	2526600	2527120
17	2527120	2533120
17	2533120	2533840
17	2533840	2533960
17	2533960	2535000
17	2535000	2537120
17	2537120	2544960
17	2544960	2545040
17	2545040	2547160
17	2547160	2549160
17	2549160	2549280
17	2549280	2552960
17	2552960	2554920
17	2554920	2557640
17	2557640	2559080
17	2559080	2563320
17	2563320	2565360
17	2565360	2572920
17	2572920	2573680
17	2573680	2575160
17	2575160	2575480
17	2575480	2577680
17	2577680	2579720
17	2579720	2580640
17	2580640	2583240
17	2583240	2587240
17	2587240	2592960
17	2592960	2594760
17	2594760	2596800
17	2596800	2597680
17	2597680	2599840
17	2599840	2614760
17	2614760	2615160
17	2615160	2615280
17	2615280	2615480
17	2615480	2615560
17	2615560	2615720
17	2615720	2615800
17	2615800	2615960
17	2615960	2616680
17	2616680	2616880
17	2616880	2617080
17	2617080	2617360
17	2617360	2618000
17	2618000	2618080
17	2618080	2618200
17	2618200	2618760
17	2618760	2619120
17	2619120	2620760
17	2620760	2621160
18	2621160	2626080
18	2626080	2634760
18	2634760	2646040
18	2646040	2650080
18	2650080	2652040
18	2652040	2654320
18	2654320	2656320
18	2656320	2657480
18	2657480	2660640
18	2660640	2663120
18	2663120	2665400
18	2665400	2669920
18	2669920	2675360
18	2675360	2677600
18	2677600	2678720
18	2678720	2681680
18	2681680	2686280
18	2686280	2692920
18	2692920	2694360
18	2694360	2698920
18	2698920	2701600
18	2701600	2705720
18	2705720	2709800
18	2709800	2711760
18	2711760	2714960
18	2714960	2716120
18	2716120	2718440
18	2718440	2720240
18	2720240	2727360
19	2727360	2728840
19	2728840	2732720
19	2732720	2733800
19	2733800	2736040
19	2736040	2739800
19	2739800	2744640
19	2744640	2747960
19	2747960	2750160
19	2750160	2751560
19	2751560	2753280
19	2753280	2755960
19	2755960	2758560
19	2758560	2759880
19	2759880	2761600
19	2761600	2763360
19	2763360	2768760
19	2768760	2773480
19	2773480	2778520
19	2778520	2783080
19	2783080	2785400
19	2785400	2790000
19	2790000	2798360
19	2798360	2800560
19	2800560	2803040
19	2803040	2805520
19	2805520	2813480
19	2813480	2816240
19	2816240	2819440
19	2819440	2822360
19	2822360	2824960
19	2824960	2827080
19	2827080	2832400
19	2832400	2836960
19	2836960	2842720
19	2842720	2845400
19	2845400	2872320
20	2872320	2875080
20	2875080	2876960
20	2876960	2878280
20	2878280	2878400
20	2878400	2878520
20	2878520	2878720
20	2878720	2879480
20	2879480	2881480
20	2881480	2882000
20	2882000	2883000
20	2883000	2883680
20	2883680	2884320
20	2884320	2886560
20	2886560	2886640
20	2886640	2886720
20	2886720	2886840
20	2886840	2888240
21	2888240	2890840
21	2890840	2896000
21	2896000	2901160
21	2901160	2904960
21	2904960	2909280
21	2909280	2917000
21	2917000	2921040
21	2921040	2924520
21	2924520	2928720
21	2928720	2933200
21	2933200	2935000
21	2935000	2936480
21	2936480	2937760
21	2937760	2939000
21	2939000	2940400
21	2940400	2941360
21	2941360	2942680
21	2942680	2944120
21	2944120	2948440
21	2948440	2950080
21	2950080	2954160
21	2954160	2956040
21	2956040	2959640
22	2959640	2963440
22	2963440	2965360
22	2965360	2967120
22	2967120	2968840
22	2968840	2971280
22	2971280	2974400
22	2974400	2977080
22	2977080	2981040
22	2981040	2982520
22	2982520	2984320
22	2984320	2986000
22	2986000	2988040
22	2988040	2992800
22	2992800	2994920
22	2994920	2997840
22	2997840	3003000
22	3003000	3004680
22	3004680	3006000
22	3006000	3011480
23	3011480	3031360
23	3031360	3035360
23	3035360	3038560
23	3038560	3040800
23	3040800	3043840
23	3043840	3049160
23	3049160	3054720
23	3054720	3071960
23	3071960	3074000
23	3074000	3076960
23	3076960	3079040
23	3079040	3082360
23	3082360	3085240
23	3085240	3087800
23	3087800	3091640
23	3091640	3097840
24	3097840	3103800
24	3103800	3107920
24	3107920	3111040
24	3111040	3113440
24	3113440	3119040
24	3119040	3122360
24	3122360	3127120
24	3127120	3129080
24	3129080	3135800
24	3135800	3138840
24	3138840	3144520
24	3144520	3149280
24	3149280	3150880
24	3150880	3152320
24	3152320	3153920
24	3153920	3155360
24	3155360	3157000
24	3157000	3158160
24	3158160	3159400
24	3159400	3162880
24	3162880	3169880
24	3169880	3176840
24	3176840	3182880
24	3182880	3185360
24	3185360	3185600
24	3185600	3186720
24	3186720	3187280
24	3187280	3190800
24	3190800	3190880
24	3190880	3191640
24	3191640	3194600
24	3194600	3197080
24	3197080	3198080
24	3198080	3198160
24	3198160	3200720
24	3200720	3201360
24	3201360	3201680
24	3201680	3202960
24	3202960	3203560
24	3203560	3204160
24	3204160	3204760
24	3204760	3205960
24	3205960	3206040
24	3206040	3211640
24	3211640	3213520
24	3213520	3213920
24	3213920	3214000
24	3214000	3214160
24	3214160	3214280
24	3214280	3214360
24	3214360	3215400
24	3215400	3215680
24	3215680	3225600
24	3225600	3227800
24	3227800	3229320
24	3229320	3229400
24	3229400	3229880
24	3229880	3230280
24	3230280	3230720
24	3230720	3232440
24	3232440	3249680
24	3249680	3252640
24	3252640	3255000
24	3255000	3257520
24	3257520	3261680
25	3261680	3268600
25	3268600	3271240
25	3271240	3273880
25	3273880	3276320
25	3276320	3282640
25	3282640	3290320
25	3290320	3294600
25	3294600	3298000
25	3298000	3301600
25	3301600	3304400
25	3304400	3307720
25	3307720	3310880
25	3310880	3313320
25	3313320	3316560
25	3316560	3320280
25	3320280	3322160
25	3322160	3324920
25	3324920	3326960
25	3326960	3330440
25	3330440	3338040
25	3338040	3343920
25	3343920	3346760
25	3346760	3349680
25	3349680	3356760
25	3356760	3359000
25	3359000	3366560
25	3366560	3370080
25	3370080	3373720
25	3373720	3377520
25	3377520	3380160
25	3380160	3383280
25	3383280	3385320
25	3385320	3387400
25	3387400	3390280
25	3390280	3392920
25	3392920	3395000
25	3395000	3403080
25	3403080	3406280
25	3406280	3408200
25	3408200	3412360
25	3412360	3414880
25	3414880	3417320
25	3417320	3421240
25	3421240	3429800
25	3429800	3433840
25	3433840	3436800
25	3436800	3452160
25	3452160	3458920
25	3458920	3464280
25	3464280	3469760
25	3469760	3472000
25	3472000	3473600
25	3473600	3476480
25	3476480	3478400
25	3478400	3480680
25	3480680	3482360
25	3482360	3484040
25	3484040	3492240
25	3492240	3494560
25	3494560	3497400
25	3497400	3499320
25	3499320	3503040
25	3503040	3505320
25	3505320	3507040
25	3507040	3509080
25	3509080	3510680
25	3510680	3512120
25	3512120	3514880
25	3514880	3517040
25	3517040	3519640
25	3519640	3529720
26	3529720	3609680
