shot	start	end
0	0	1240
0	1240	1320
0	1320	2840
0	2840	6680
0	6680	9640
0	9640	11160
0	11160	19560
0	19560	21640
0	21640	23400
0	23400	25360
0	25360	26800
0	26800	30280
0	30280	35040
0	35040	39320
0	39320	43720
0	43720	49400
0	49400	52200
0	52200	54400
0	54400	58000
0	58000	58240
0	58240	58560
0	58560	60560
0	60560	69160
0	69160	70760
0	70760	72040
0	72040	88160
0	88160	94920
0	94920	110560
1	110560	119280
1	119280	125080
1	125080	128120
1	128120	134200
1	134200	140000
1	140000	143160
1	143160	144960
1	144960	147440
1	147440	151440
1	151440	157080
1	157080	158920
1	158920	163600
2	163600	166760
2	166760	172120
2	172120	201440
2	201440	215120
2	215120	220040
2	220040	224560
2	224560	230920
2	230920	236640
2	236640	248320
2	248320	252960
2	252960	259680
2	259680	264960
2	264960	270240
3	270240	272920
3	272920	275760
3	275760	278760
3	278760	282880
3	282880	289720
3	289720	293440
3	293440	297480
3	297480	299520
3	299520	303040
3	303040	305080
3	305080	306600
3	306600	311080
3	311080	315880
3	315880	317920
3	317920	319760
3	319760	327120
3	327120	329240
3	329240	331840
3	331840	336800
3	336800	341960
4	341960	351480
4	351480	355160
4	355160	356640
4	356640	361160
4	361160	363720
4	363720	365200
4	365200	366400
4	366400	367760
4	367760	368880
4	368880	370000
4	370000	371080
4	371080	372760
4	372760	374120
4	374120	375640
4	375640	377320
4	377320	379400
4	379400	383160
4	383160	384400
4	384400	385640
4	385640	387440
4	387440	391520
4	391520	393320
4	393320	394880
4	394880	396360
4	396360	398880
4	398880	401560
4	401560	404160
4	404160	406840
4	406840	412880
4	412880	415120
4	415120	417240
4	417240	419960
4	419960	422520
4	422520	423960
4	423960	426680
4	426680	429360
4	429360	431160
4	431160	434320
4	434320	435720
4	435720	438200
4	438200	440880
4	440880	443880
4	443880	445280
4	445280	447800
4	447800	450720
4	450720	453160
4	453160	456800
4	456800	460480
4	460480	462640
4	462640	465920
4	465920	468720
4	468720	471680
4	471680	477040
4	477040	478320
4	478320	480000
4	480000	485720
4	485720	488960
4	488960	492040
4	492040	494560
4	494560	499760
4	499760	504520
4	504520	507000
4	507000	508880
4	508880	511840
4	511840	512760
4	512760	514040
4	514040	516080
4	516080	519040
4	519040	520880
4	520880	523840
5	523840	527800
5	527800	529560
5	529560	532320
5	532320	535720
5	535720	538560
5	538560	540680
5	540680	544120
5	544120	548800
6	548800	552400
6	552400	554040
6	554040	558160
6	558160	563800
6	563800	565880
6	565880	568720
6	568720	570640
6	570640	572440
6	572440	579040
6	579040	584880
6	584880	586640
6	586640	587880
6	587880	590800
6	590800	593240
6	593240	595960
6	595960	598640
6	598640	605320
6	605320	614560
6	614560	616880
6	616880	621440
6	621440	626520
6	626520	629600
7	629600	640320
7	640320	643680
7	643680	651160
7	651160	654680
7	654680	661440
7	661440	667240
7	667240	674520
7	674520	675920
7	675920	677080
7	677080	678320
7	678320	680360
7	680360	683000
7	683000	685320
7	685320	688160
7	688160	689320
7	689320	691040
7	691040	695000
7	695000	697400
7	697400	701120
7	701120	708520
7	708520	711960
7	711960	715240
7	715240	717720
7	717720	724120
7	724120	727360
7	727360	730360
7	730360	733160
7	733160	736080
7	736080	738480
7	738480	741360
7	741360	748920
7	748920	753680
7	753680	757280
7	757280	762640
7	762640	765880
7	765880	770560
7	770560	777280
7	777280	783000
7	783000	787160
7	787160	791240
7	791240	797200
7	797200	803640
7	803640	809880
7	809880	814720
7	814720	817160
7	817160	820160
7	820160	826360
7	826360	833680
7	833680	839200
7	839200	845640
7	845640	849360
7	849360	852840
7	852840	859000
7	859000	864760
7	864760	881440
7	881440	887160
7	887160	894640
7	894640	898160
8	898160	903800
8	903800	906920
8	906920	915400
8	915400	917160
8	917160	919640
8	919640	921600
8	921600	923280
8	923280	926640
8	926640	928520
8	928520	937600
8	937600	943040
8	943040	945080
8	945080	946560
8	946560	949200
8	949200	954400
8	954400	956520
8	956520	958360
8	958360	961440
8	961440	963600
8	963600	965840
8	965840	968320
8	968320	970840
8	970840	972800
8	972800	975440
8	975440	977560
8	977560	980400
8	980400	985800
8	985800	987680
8	987680	993560
8	993560	995800
8	995800	997040
8	997040	998320
8	998320	1000760
8	1000760	1002520
8	1002520	1005480
8	1005480	1011560
8	1011560	1019600
8	1019600	1021240
8	1021240	1024520
8	1024520	1034480
9	1034480	1039720
9	1039720	1043920
9	1043920	1046160
9	1046160	1050960
9	1050960	1056560
9	1056560	1060680
9	1060680	1066960
9	1066960	1068880
9	1068880	1075280
9	1075280	1086400
9	1086400	1093160
9	1093160	1100200
9	1100200	1104520
9	1104520	1109520
9	1109520	1113040
9	1113040	1117600
9	1117600	1122400
9	1122400	1130640
9	1130640	1135680
9	1135680	1141360
9	1141360	1145160
9	1145160	1150960
9	1150960	1158680
9	1158680	1163000
9	1163000	1166520
9	1166520	1168440
9	1168440	1170880
9	1170880	1174080
10	1174080	1177480
10	1177480	1217560
10	1217560	1226880
10	1226880	1235200
10	1235200	1242560
10	1242560	1247840
10	1247840	1253760
10	1253760	1260760
10	1260760	1265280
10	1265280	1273000
10	1273000	1277000
10	1277000	1285720
10	1285720	1291640
10	1291640	1298280
10	1298280	1303840
10	1303840	1305960
10	1305960	1308160
10	1308160	1312560
10	1312560	1315280
10	1315280	1318400
10	1318400	1324480
10	1324480	1326400
10	1326400	1328240
10	1328240	1334200
10	1334200	1338680
10	1338680	1346280
10	1346280	1351200
10	1351200	1354800
10	1354800	1357240
10	1357240	1359560
10	1359560	1361320
10	1361320	1364040
10	1364040	1366720
10	1366720	1369040
10	1369040	1370600
10	1370600	1373520
10	1373520	1376320
10	1376320	1379240
10	1379240	1381160
10	1381160	1384640
10	1384640	1386480
10	1386480	1389840
10	1389840	1393480
10	1393480	1399640
10	1399640	1402680
10	1402680	1405720
10	1405720	1413040
10	1413040	1419360
10	1419360	1422360
10	1422360	1425080
10	1425080	1426720
10	1426720	1428240
10	1428240	1430480
10	1430480	1432400
10	1432400	1435000
10	1435000	1437080
10	1437080	1441720
10	1441720	1445840
10	1445840	1447360
10	1447360	1449840
10	1449840	1452280
10	1452280	1463120
10	1463120	1466240
10	1466240	1468920
11	1468920	1473680
11	1473680	1476880
11	1476880	1486000
11	1486000	1489280
11	1489280	1495880
11	1495880	1498800
11	1498800	1503760
11	1503760	1514880
11	1514880	1518320
11	1518320	1521800
11	1521800	1524360
11	1524360	1527280
11	1527280	1529520
11	1529520	1532040
11	1532040	1535480
11	1535480	1540080
11	1540080	1544040
11	1544040	1552240
11	1552240	1554320
11	1554320	1561800
11	1561800	1565200
11	1565200	1569000
11	1569000	1573560
11	1573560	1588400
11	1588400	1593200
11	1593200	1598880
11	1598880	1605120
11	1605120	1610040
11	1610040	1616840
11	1616840	1622960
11	1622960	1630600
11	1630600	1635200
11	1635200	1640880
11	1640880	1647440
11	1647440	1655680
11	1655680	1661680
11	1661680	1666080
11	1666080	1676000
11	1676000	1678080
11	1678080	1681720
11	1681720	1686920
11	1686920	1689200
11	1689200	1693720
11	1693720	1695400
11	1695400	1697240
11	1697240	1698960
11	1698960	1704200
11	1704200	1707640
11	1707640	1710320
11	1710320	1718200
11	1718200	1722240
11	1722240	1727120
11	1727120	1728880
11	1728880	1733200
11	1733200	1734480
11	1734480	1735440
11	1735440	1744040
11	1744040	1746400
11	1746400	1750840
11	1750840	1751680
11	1751680	1752400
11	1752400	1753600
11	1753600	1754640
11	1754640	1756200
11	1756200	1758960
11	1758960	1761920
11	1761920	1765840
11	1765840	1770280
11	1770280	1772760
11	1772760	1775680
11	1775680	1778800
11	1778800	1780320
11	1780320	1781600
11	1781600	1784360
11	1784360	1786240
11	1786240	1789640
11	1789640	1792640
11	1792640	1795960
11	1795960	1798280
11	1798280	1801000
11	1801000	1804360
11	1804360	1806280
11	1806280	1807840
11	1807840	1812240
11	1812240	1817360
11	1817360	1819640
11	1819640	1821680
11	1821680	1824520
11	1824520	1826080
11	1826080	1828880
11	1828880	1834440
11	1834440	1844840
11	1844840	1846600
11	1846600	1848520
11	1848520	1850640
11	1850640	1853320
11	1853320	1856440
11	1856440	1864200
12	1864200	1867320
12	1867320	1869280
12	1869280	1870360
12	1870360	1875720
12	1875720	1877400
12	1877400	1879760
12	1879760	1881800
12	1881800	1884960
12	1884960	1886320
12	1886320	1887680
12	1887680	1890080
12	1890080	1891840
12	1891840	1894160
12	1894160	1895440
12	1895440	1896680
12	1896680	1899320
12	1899320	1903920
12	1903920	1904800
12	1904800	1906560
12	1906560	1909400
12	1909400	1912200
12	1912200	1914080
12	1914080	1916480
12	1916480	1919720
12	1919720	1924760
12	1924760	1926000
12	1926000	1928040
12	1928040	1929600
12	1929600	1932040
12	1932040	1938120
12	1938120	1939840
12	1939840	1940880
12	1940880	1947240
12	1947240	1952400
12	1952400	1957680
12	1957680	1959280
12	1959280	1964120
12	1964120	1966200
12	1966200	1969680
12	1969680	1975400
12	1975400	1977240
12	1977240	1980480
12	1980480	1982680
12	1982680	1989440
12	1989440	1996960
12	1996960	1999360
12	1999360	2006840
12	2006840	2008640
12	2008640	2014320
12	2014320	2016920
12	2016920	2020200
12	2020200	2022080
12	2022080	2025160
12	2025160	2029440
12	2029440	2031640
12	2031640	2033280
12	2033280	2039440
12	2039440	2055800
12	2055800	2066880
12	2066880	2072520
12	2072520	2077000
12	2077000	2093200
12	2093200	2102520
12	2102520	2105200
12	2105200	2107600
12	2107600	2109480
12	2109480	2113200
12	2113200	2118000
12	2118000	2119960
12	2119960	2121240
12	2121240	2125320
12	2125320	2127760
12	2127760	2131600
12	2131600	2134800
12	2134800	2138720
12	2138720	2141680
12	2141680	2144800
12	2144800	2145840
12	2145840	2148720
12	2148720	2152160
12	2152160	2153400
12	2153400	2157920
12	2157920	2163520
12	2163520	2165320
12	2165320	2166880
12	2166880	2168640
12	2168640	2174560
12	2174560	2181440
12	2181440	2186040
12	2186040	2189520
12	2189520	2191800
12	2191800	2195960
12	2195960	2199280
12	2199280	2203840
12	2203840	2206400
12	2206400	2215080
12	2215080	2218560
12	2218560	2220840
12	2220840	2230320
12	2230320	2234800
13	2234800	2240960
13	2240960	2243000
13	2243000	2255880
13	2255880	2257720
13	2257720	2275240
13	2275240	2279960
13	2279960	2288600
13	2288600	2291080
13	2291080	2296680
13	2296680	2300000
13	2300000	2302160
13	2302160	2303960
13	2303960	2306680
13	2306680	2316800
13	2316800	2321320
13	2321320	2328080
13	2328080	2343800
13	2343800	2347320
13	2347320	2356640
13	2356640	2358280
13	2358280	2362960
13	2362960	2372760
13	2372760	2377400
13	2377400	2381560
13	2381560	2384200
13	2384200	2390080
13	2390080	2394200
13	2394200	2397800
13	2397800	2401760
13	2401760	2404240
13	2404240	2408640
13	2408640	2410640
13	2410640	2413080
13	2413080	2415200
13	2415200	2425720
13	2425720	2428960
13	2428960	2432080
13	2432080	2436280
13	2436280	2441960
13	2441960	2445160
13	2445160	2448920
13	2448920	2451600
13	2451600	2458760
13	2458760	2463160
13	2463160	2467880
14	2467880	2473640
14	2473640	2480280
14	2480280	2485040
14	2485040	2492120
14	2492120	2493520
14	2493520	2494360
14	2494360	2494680
14	2494680	2495560
14	2495560	2496240
14	2496240	2496840
14	2496840	2497840
14	2497840	2498280
14	2498280	2505080
14	2505080	2511920
14	2511920	2518080
14	2518080	2520800
14	2520800	2527120
14	2527120	2529400
14	2529400	2533920
14	2533920	2538680
14	2538680	2540280
14	2540280	2542760
14	2542760	2544600
14	2544600	2566480
14	2566480	2568880
14	2568880	2571400
14	2571400	2577240
14	2577240	2578840
14	2578840	2581920
14	2581920	2582760
14	2582760	2587600
14	2587600	2589320
14	2589320	2594360
14	2594360	2599600
14	2599600	2603080
14	2603080	2605600
14	2605600	2606680
14	2606680	2608400
14	2608400	2611040
14	2611040	2616040
14	2616040	2620600
14	2620600	2624080
14	2624080	2625960
14	2625960	2628040
14	2628040	2632640
14	2632640	2634480
14	2634480	2640160
14	2640160	2649760
14	2649760	2657400
14	2657400	2670760
14	2670760	2673280
14	2673280	2676040
14	2676040	2678280
14	2678280	2681960
14	2681960	2684040
14	2684040	2688160
14	2688160	2690400
14	2690400	2693120
14	2693120	2696120
14	2696120	2701040
14	2701040	2706600
15	2706600	2711240
15	2711240	2723040
15	2723040	2726040
15	2726040	2729320
15	2729320	2732320
15	2732320	2734400
15	2734400	2737080
15	2737080	2739840
15	2739840	2745000
15	2745000	2746320
15	2746320	2747360
15	2747360	2748280
15	2748280	2750480
15	2750480	2753640
15	2753640	2757560
16	2757560	2761720
16	2761720	2777600
16	2777600	2783240
16	2783240	2786120
16	2786120	2788440
16	2788440	2792480
16	2792480	2798280
16	2798280	2801520
16	2801520	2804400
16	2804400	2808680
16	2808680	2811280
16	2811280	2813600
16	2813600	2815840
16	2815840	2822200
16	2822200	2825440
16	2825440	2828320
16	2828320	2837960
16	2837960	2849720
16	2849720	2852360
16	2852360	2856880
16	2856880	2866880
16	2866880	2896720
16	2896720	2898960
16	2898960	2904160
16	2904160	2909000
16	2909000	2913000
16	2913000	2921680
16	2921680	2924600
16	2924600	2928240
16	2928240	2931040
16	2931040	2936280
16	2936280	2938720
16	2938720	2941520
16	2941520	2943360
16	2943360	2946640
16	2946640	2948480
16	2948480	2955760
16	2955760	2960160
16	2960160	2965360
16	2965360	2968720
16	2968720	2972640
16	2972640	2974400
16	2974400	2976320
16	2976320	2977320
16	2977320	2978200
16	2978200	2985320
16	2985320	2991840
16	2991840	2998040
16	2998040	2998320
16	2998320	2998440
16	2998440	2999840
16	2999840	3005760
16	3005760	3007480
16	3007480	3012680
16	3012680	3013440
16	3013440	3014240
16	3014240	3018680
16	3018680	3021160
16	3021160	3023280
16	3023280	3025160
16	3025160	3026320
16	3026320	3029080
16	3029080	3031880
16	3031880	3032200
16	3032200	3037760
16	3037760	3041400
16	3041400	3043880
16	3043880	3045720
16	3045720	3049600
16	3049600	3055320
16	3055320	3059680
16	3059680	3064680
16	3064680	3068280
16	3068280	3071680
16	3071680	3075200
16	3075200	3076560
16	3076560	3080800
16	3080800	3081360
16	3081360	3081600
16	3081600	3082440
16	3082440	3083680
16	3083680	3087120
16	3087120	3089600
16	3089600	3092320
16	3092320	3094000
16	3094000	3096560
16	3096560	3098520
16	3098520	3102400
16	3102400	3105320
16	3105320	3108280
16	3108280	3110480
16	3110480	3112520
16	3112520	3114200
16	3114200	3114840
16	3114840	3115440
16	3115440	3116520
16	3116520	3117760
16	3117760	3118880
16	3118880	3120440
16	3120440	3121040
16	3121040	3121240
16	3121240	3122560
16	3122560	3123480
16	3123480	3125240
16	3125240	3126600
16	3126600	3127960
16	3127960	3129000
16	3129000	3130720
16	3130720	3131640
16	3131640	3132480
16	3132480	3133360
16	3133360	3133800
16	3133800	3134800
16	3134800	3136480
16	3136480	3137480
16	3137480	3138680
16	3138680	3140760
16	3140760	3141960
16	3141960	3143560
16	3143560	3144560
16	3144560	3146640
16	3146640	3150080
16	3150080	3151840
16	3151840	3153440
16	3153440	3155840
16	3155840	3158480
16	3158480	3165280
17	3165280	3243160
