shot	start	end
0	0	1240
0	1240	1320
0	1320	2840
0	2840	6680
0	6680	9640
0	9640	11160
0	11160	19560
0	19560	21640
0	21640	23400
0	23400	25360
0	25360	26800
0	26800	30280
0	30280	35040
0	35040	39320
0	39320	43720
0	43720	49400
0	49400	52200
0	52200	54400
0	54400	58000
0	58000	58240
0	58240	58560
0	58560	60560
0	60560	69160
0	69160	70760
0	70760	72040
0	72040	88160
0	88160	94920
0	94920	111720
1	111720	119920
1	119920	121880
1	121880	123440
1	123440	124560
1	124560	126720
1	126720	131360
1	131360	133720
1	133720	133800
1	133800	134080
1	134080	134240
1	134240	134880
1	134880	135200
1	135200	136840
1	136840	145000
1	145000	146640
1	146640	148560
1	148560	150480
1	150480	152320
1	152320	153080
1	153080	157720
1	157720	159760
1	159760	161240
1	161240	162440
1	162440	163160
1	163160	163760
1	163760	164320
1	164320	164480
1	164480	165800
1	165800	167360
1	167360	167560
1	167560	168920
1	168920	170240
1	170240	172280
1	172280	175640
1	175640	176400
1	176400	176640
1	176640	177080
1	177080	178560
1	178560	178960
1	178960	179440
1	179440	183400
1	183400	185480
1	185480	185600
1	185600	185680
1	185680	185800
1	185800	186200
1	186200	186360
1	186360	188000
1	188000	188720
1	188720	190360
1	190360	191160
1	191160	191840
1	191840	192560
1	192560	193160
1	193160	194160
1	194160	194680
1	194680	196560
1	196560	197720
1	197720	199320
1	199320	201320
1	201320	202640
1	202640	203680
1	203680	204840
1	204840	205720
1	205720	206600
1	206600	206760
1	206760	207960
1	207960	209280
1	209280	209720
1	209720	211360
1	211360	212920
1	212920	213680
1	213680	214800
1	214800	215560
1	215560	215720
1	215720	215920
1	215920	216520
1	216520	216640
1	216640	217960
1	217960	218720
1	218720	219760
1	219760	220440
1	220440	220880
1	220880	221320
1	221320	221680
1	221680	224000
1	224000	225040
1	225040	226760
1	226760	227280
1	227280	227640
1	227640	228360
1	228360	229480
1	229480	230480
1	230480	231120
1	231120	232040
1	232040	232600
1	232600	233040
1	233040	234000
1	234000	234440
1	234440	234880
1	234880	235680
1	235680	235880
1	235880	236160
1	236160	236960
1	236960	237600
1	237600	238080
1	238080	238200
1	238200	238320
1	238320	239240
1	239240	240000
1	240000	240160
1	240160	241120
1	241120	241520
1	241520	241800
1	241800	242360
1	242360	243960
1	243960	247200
1	247200	247960
1	247960	248840
1	248840	252920
1	252920	253600
1	253600	254920
1	254920	255200
1	255200	256200
1	256200	257200
1	257200	257400
1	257400	259400
1	259400	260120
1	260120	260200
1	260200	263600
1	263600	266080
1	266080	266960
1	266960	267680
1	267680	268720
1	268720	272120
1	272120	274720
1	274720	275360
1	275360	276080
1	276080	276200
1	276200	276360
1	276360	276560
1	276560	276920
1	276920	277720
1	277720	278280
1	278280	279760
1	279760	280960
1	280960	285240
1	285240	285320
1	285320	286680
1	286680	286840
1	286840	286920
1	286920	287040
1	287040	287120
1	287120	287880
1	287880	290320
1	290320	291080
1	291080	293280
1	293280	294080
1	294080	297320
1	297320	297760
1	297760	298520
1	298520	299120
1	299120	300040
1	300040	300240
1	300240	303280
1	303280	304880
1	304880	307160
1	307160	310760
1	310760	312960
1	312960	315240
1	315240	318080
2	318080	323440
2	323440	326840
2	326840	329800
2	329800	333080
2	333080	335160
2	335160	336680
2	336680	339840
2	339840	341160
2	341160	344720
2	344720	346080
2	346080	348000
2	348000	349320
2	349320	353480
2	353480	354720
2	354720	355720
2	355720	357160
2	357160	358320
2	358320	360080
2	360080	361600
2	361600	363880
2	363880	365440
2	365440	366160
2	366160	368600
2	368600	369920
2	369920	371760
2	371760	373640
2	373640	375840
2	375840	377760
2	377760	379680
2	379680	381520
2	381520	383640
2	383640	385800
2	385800	391680
2	391680	393760
2	393760	395880
2	395880	396800
2	396800	397440
2	397440	397960
2	397960	398800
2	398800	399600
2	399600	401240
2	401240	402560
2	402560	404120
2	404120	405080
2	405080	406240
2	406240	407760
2	407760	410040
2	410040	410440
2	410440	411120
2	411120	411600
2	411600	412320
2	412320	412840
2	412840	413840
2	413840	414440
2	414440	416200
2	416200	416880
2	416880	417680
2	417680	420280
2	420280	421360
2	421360	426120
2	426120	427400
2	427400	431360
2	431360	432640
2	432640	435360
2	435360	440240
2	440240	444080
2	444080	447920
2	447920	450600
2	450600	452320
2	452320	453320
2	453320	455480
2	455480	455880
2	455880	460600
2	460600	462400
2	462400	463200
2	463200	464440
2	464440	466040
2	466040	467200
2	467200	467920
2	467920	470920
2	470920	475200
2	475200	477120
2	477120	480240
2	480240	484680
2	484680	486240
2	486240	489400
2	489400	491040
2	491040	495360
2	495360	496720
2	496720	500400
2	500400	502440
2	502440	503920
2	503920	506520
2	506520	508880
2	508880	510680
2	510680	513800
2	513800	515840
2	515840	518240
2	518240	519840
2	519840	523920
2	523920	527520
2	527520	534880
2	534880	537440
2	537440	539560
2	539560	545400
2	545400	547240
2	547240	552920
3	552920	570080
3	570080	573840
3	573840	575240
3	575240	576920
3	576920	579280
3	579280	582680
3	582680	587240
3	587240	590880
3	590880	595280
3	595280	596080
3	596080	602280
3	602280	604000
3	604000	609560
3	609560	611400
3	611400	616680
3	616680	619560
3	619560	622360
3	622360	624120
3	624120	626360
3	626360	628760
3	628760	634400
3	634400	637360
3	637360	639600
3	639600	640520
3	640520	641560
3	641560	642960
3	642960	644760
3	644760	663240
3	663240	681400
4	681400	683080
4	683080	685840
4	685840	688480
4	688480	690200
4	690200	690920
4	690920	691360
4	691360	692920
4	692920	693720
4	693720	695200
4	695200	697520
4	697520	697760
4	697760	698640
4	698640	700200
4	700200	702000
4	702000	703680
4	703680	705880
4	705880	707520
4	707520	709920
4	709920	711600
4	711600	713640
5	713640	716720
5	716720	719960
5	719960	723120
5	723120	726920
5	726920	728000
5	728000	730160
5	730160	731040
5	731040	732360
5	732360	733120
5	733120	734720
5	734720	735760
5	735760	736400
5	736400	737400
5	737400	738440
5	738440	742160
5	742160	744320
5	744320	746320
5	746320	747640
5	747640	748400
5	748400	749640
5	749640	751120
5	751120	752320
5	752320	754160
5	754160	755280
5	755280	756360
5	756360	759120
5	759120	760640
5	760640	762880
5	762880	767520
5	767520	770000
5	770000	771120
5	771120	773000
5	773000	776080
5	776080	778640
5	778640	781320
5	781320	782880
5	782880	784800
5	784800	790840
5	790840	793760
5	793760	795440
5	795440	797840
5	797840	801560
5	801560	803080
5	803080	804680
5	804680	806040
5	806040	807640
5	807640	810800
5	810800	811880
5	811880	812160
5	812160	814400
5	814400	816640
5	816640	818200
5	818200	819080
5	819080	821800
6	821800	828880
6	828880	831160
6	831160	833040
6	833040	834360
6	834360	837720
6	837720	840240
6	840240	841800
6	841800	843960
6	843960	846240
6	846240	847800
6	847800	850160
6	850160	854960
6	854960	856760
6	856760	858040
6	858040	859080
6	859080	861160
6	861160	862240
6	862240	862560
6	862560	863480
6	863480	865080
6	865080	865600
6	865600	866960
6	866960	868120
6	868120	873640
6	873640	875320
6	875320	877360
6	877360	878680
6	878680	879640
6	879640	881640
6	881640	883040
6	883040	884240
6	884240	886000
6	886000	887920
6	887920	891640
6	891640	894400
6	894400	895080
6	895080	895920
6	895920	896320
6	896320	897080
6	897080	899040
6	899040	902920
6	902920	903720
6	903720	905760
6	905760	907360
6	907360	908400
6	908400	910720
6	910720	911760
6	911760	913680
6	913680	914520
6	914520	915000
6	915000	916200
7	916200	927760
7	927760	938360
7	938360	940880
7	940880	943960
7	943960	945480
7	945480	948640
7	948640	951000
7	951000	953880
7	953880	955800
7	955800	959360
7	959360	960840
7	960840	962760
7	962760	964880
7	964880	966880
8	966880	968880
8	968880	971600
8	971600	972440
8	972440	973760
8	973760	977160
8	977160	978480
8	978480	983360
8	983360	987040
8	987040	989640
8	989640	991280
8	991280	993200
8	993200	994320
8	994320	995280
8	995280	999320
8	999320	1000520
8	1000520	1001160
8	1001160	1004240
8	1004240	1005960
8	1005960	1007680
8	1007680	1008760
8	1008760	1012440
8	1012440	1014640
8	1014640	1018720
8	1018720	1020280
8	1020280	1021960
8	1021960	1024240
8	1024240	1026200
8	1026200	1028720
8	1028720	1031960
8	1031960	1034160
8	1034160	1037400
8	1037400	1041760
8	1041760	1045920
8	1045920	1051720
8	1051720	1053240
8	1053240	1059720
8	1059720	1061920
8	1061920	1063160
8	1063160	1067040
8	1067040	1068800
8	1068800	1070640
8	1070640	1078680
8	1078680	1082200
8	1082200	1083160
8	1083160	1084080
8	1084080	1085480
8	1085480	1089480
8	1089480	1092520
8	1092520	1093600
8	1093600	1095480
8	1095480	1097480
8	1097480	1098720
8	1098720	1100560
8	1100560	1103200
9	1103200	1113120
9	1113120	1116400
9	1116400	1118280
9	1118280	1119880
9	1119880	1121640
9	1121640	1122400
9	1122400	1122600
9	1122600	1123200
9	1123200	1125840
9	1125840	1127200
9	1127200	1131240
9	1131240	1131560
9	1131560	1132280
9	1132280	1134120
9	1134120	1134360
9	1134360	1134920
9	1134920	1136320
9	1136320	1137080
9	1137080	1137520
9	1137520	1151480
9	1151480	1151720
9	1151720	1161160
9	1161160	1162720
9	1162720	1164640
9	1164640	1165680
9	1165680	1169120
9	1169120	1170360
9	1170360	1172160
9	1172160	1176320
9	1176320	1179000
9	1179000	1181200
9	1181200	1182400
9	1182400	1187440
10	1187440	1199520
10	1199520	1199640
10	1199640	1199760
10	1199760	1200160
10	1200160	1201440
10	1201440	1201640
10	1201640	1203200
10	1203200	1204160
10	1204160	1206400
10	1206400	1206720
10	1206720	1207720
10	1207720	1208200
10	1208200	1208520
10	1208520	1208680
10	1208680	1210320
10	1210320	1211400
10	1211400	1212440
10	1212440	1215400
11	1215400	1218120
11	1218120	1219960
11	1219960	1222120
11	1222120	1223960
11	1223960	1226080
11	1226080	1228480
11	1228480	1232280
11	1232280	1234960
11	1234960	1236440
11	1236440	1239240
11	1239240	1241200
11	1241200	1243640
11	1243640	1246480
11	1246480	1249800
11	1249800	1257520
11	1257520	1260480
11	1260480	1261560
11	1261560	1263040
11	1263040	1265320
11	1265320	1267240
11	1267240	1268480
11	1268480	1271080
11	1271080	1276000
11	1276000	1276440
11	1276440	1277240
11	1277240	1278640
11	1278640	1279280
11	1279280	1281120
11	1281120	1281840
11	1281840	1282160
11	1282160	1283680
11	1283680	1286760
11	1286760	1289320
11	1289320	1291760
11	1291760	1293960
11	1293960	1295000
11	1295000	1297360
11	1297360	1301680
11	1301680	1304120
11	1304120	1305160
11	1305160	1305560
11	1305560	1305920
11	1305920	1306000
11	1306000	1306160
11	1306160	1306800
11	1306800	1307800
11	1307800	1313720
11	1313720	1314720
11	1314720	1316680
11	1316680	1317880
11	1317880	1320920
11	1320920	1321640
11	1321640	1322800
11	1322800	1323840
11	1323840	1328000
11	1328000	1330160
11	1330160	1332280
11	1332280	1339520
11	1339520	1343400
11	1343400	1347200
11	1347200	1352800
11	1352800	1353880
11	1353880	1355600
11	1355600	1358200
11	1358200	1367600
11	1367600	1369560
11	1369560	1371280
11	1371280	1372400
11	1372400	1375600
11	1375600	1377360
11	1377360	1379480
11	1379480	1381720
11	1381720	1385600
11	1385600	1388440
11	1388440	1390440
11	1390440	1391800
11	1391800	1393360
11	1393360	1394800
11	1394800	1397240
12	1397240	1401560
12	1401560	1404920
12	1404920	1409240
12	1409240	1413480
12	1413480	1420280
12	1420280	1423800
12	1423800	1427560
12	1427560	1431440
12	1431440	1437520
12	1437520	1440720
12	1440720	1442040
12	1442040	1444000
12	1444000	1444720
12	1444720	1446520
12	1446520	1451240
12	1451240	1454000
12	1454000	1456240
12	1456240	1458840
12	1458840	1464280
12	1464280	1465360
12	1465360	1465880
12	1465880	1467160
12	1467160	1468520
12	1468520	1470200
12	1470200	1474120
12	1474120	1484560
13	1484560	1485040
13	1485040	1485120
13	1485120	1486920
13	1486920	1489280
13	1489280	1489360
13	1489360	1489880
13	1489880	1490120
13	1490120	1490960
13	1490960	1491280
13	1491280	1491640
13	1491640	1491920
13	1491920	1492640
13	1492640	1492880
13	1492880	1493120
13	1493120	1493760
13	1493760	1495920
13	1495920	1496400
13	1496400	1496480
13	1496480	1496640
13	1496640	1497080
13	1497080	1500560
13	1500560	1501040
13	1501040	1501520
13	1501520	1503320
13	1503320	1503520
13	1503520	1503760
13	1503760	1504280
13	1504280	1506600
13	1506600	1507280
13	1507280	1507520
13	1507520	1508360
13	1508360	1508520
13	1508520	1508920
13	1508920	1510080
13	1510080	1511080
13	1511080	1511160
13	1511160	1513240
13	1513240	1513320
13	1513320	1516240
13	1516240	1516880
13	1516880	1517200
13	1517200	1517320
13	1517320	1518480
13	1518480	1518720
13	1518720	1518880
13	1518880	1518960
13	1518960	1519600
13	1519600	1519680
13	1519680	1519840
13	1519840	1520800
13	1520800	1522560
13	1522560	1522760
13	1522760	1523040
13	1523040	1524120
13	1524120	1526040
13	1526040	1526240
13	1526240	1526360
13	1526360	1526440
13	1526440	1526640
13	1526640	1527240
13	1527240	1527880
13	1527880	1528280
13	1528280	1528440
13	1528440	1528840
13	1528840	1530120
13	1530120	1530200
13	1530200	1534240
13	1534240	1535160
13	1535160	1535520
13	1535520	1535600
13	1535600	1536160
13	1536160	1536280
13	1536280	1537040
13	1537040	1537160
13	1537160	1537520
13	1537520	1538600
13	1538600	1538880
13	1538880	1539240
13	1539240	1539920
13	1539920	1540320
13	1540320	1540400
13	1540400	1540520
13	1540520	1540600
13	1540600	1541280
13	1541280	1541360
13	1541360	1541800
13	1541800	1542160
13	1542160	1542240
13	1542240	1542360
13	1542360	1542720
13	1542720	1543320
13	1543320	1544000
13	1544000	1544440
13	1544440	1544520
13	1544520	1544760
13	1544760	1545240
13	1545240	1545680
13	1545680	1545800
13	1545800	1545880
13	1545880	1546200
13	1546200	1546280
13	1546280	1547840
13	1547840	1548120
13	1548120	1553680
13	1553680	1553840
13	1553840	1555760
13	1555760	1555920
13	1555920	1556000
13	1556000	1556120
13	1556120	1556880
13	1556880	1557240
13	1557240	1558080
13	1558080	1558200
13	1558200	1558280
13	1558280	1558800
13	1558800	1558880
13	1558880	1559400
13	1559400	1559640
13	1559640	1560720
13	1560720	1561040
13	1561040	1562480
13	1562480	1562760
13	1562760	1563040
13	1563040	1563320
13	1563320	1563440
13	1563440	1563840
13	1563840	1564480
13	1564480	1565040
13	1565040	1566520
13	1566520	1567000
13	1567000	1567760
13	1567760	1567840
13	1567840	1567920
13	1567920	1568160
13	1568160	1568320
13	1568320	1569360
13	1569360	1569440
13	1569440	1569840
13	1569840	1570000
13	1570000	1570280
13	1570280	1571160
13	1571160	1571240
13	1571240	1571680
13	1571680	1572200
13	1572200	1572560
13	1572560	1573120
13	1573120	1574600
13	1574600	1575000
13	1575000	1577120
13	1577120	1577200
13	1577200	1577480
13	1577480	1578440
13	1578440	1579760
13	1579760	1580160
13	1580160	1581320
13	1581320	1583520
13	1583520	1584280
13	1584280	1585680
13	1585680	1586600
13	1586600	1587200
13	1587200	1587320
13	1587320	1587760
13	1587760	1588400
13	1588400	1588520
13	1588520	1589640
13	1589640	1590000
13	1590000	1590280
13	1590280	1590360
13	1590360	1590800
13	1590800	1590880
13	1590880	1590960
13	1590960	1591120
13	1591120	1592800
13	1592800	1593040
13	1593040	1593560
13	1593560	1594160
13	1594160	1594840
13	1594840	1595000
13	1595000	1595400
13	1595400	1595640
13	1595640	1596640
13	1596640	1596720
13	1596720	1597200
13	1597200	1597280
13	1597280	1598520
13	1598520	1599280
13	1599280	1599480
13	1599480	1599560
13	1599560	1599920
13	1599920	1600080
13	1600080	1600600
13	1600600	1600920
13	1600920	1601040
13	1601040	1601480
13	1601480	1601560
13	1601560	1602720
13	1602720	1602880
13	1602880	1605120
13	1605120	1605880
13	1605880	1607040
13	1607040	1608000
13	1608000	1608400
13	1608400	1608480
13	1608480	1608600
13	1608600	1608720
13	1608720	1609120
13	1609120	1609520
13	1609520	1609760
13	1609760	1611640
13	1611640	1611720
13	1611720	1612040
13	1612040	1612280
13	1612280	1614360
13	1614360	1614440
13	1614440	1614680
13	1614680	1615120
13	1615120	1615520
13	1615520	1616560
13	1616560	1616640
13	1616640	1617880
13	1617880	1618240
13	1618240	1618360
13	1618360	1618440
13	1618440	1620000
13	1620000	1620360
13	1620360	1621200
13	1621200	1621280
13	1621280	1621480
13	1621480	1621760
13	1621760	1622560
13	1622560	1622680
13	1622680	1622840
13	1622840	1622960
13	1622960	1623120
13	1623120	1623880
13	1623880	1624200
13	1624200	1624760
13	1624760	1625000
13	1625000	1625240
13	1625240	1626080
13	1626080	1626320
13	1626320	1627000
13	1627000	1627120
13	1627120	1627840
13	1627840	1628600
13	1628600	1628760
13	1628760	1629680
13	1629680	1629880
13	1629880	1631880
13	1631880	1632000
13	1632000	1633200
13	1633200	1634560
13	1634560	1636360
13	1636360	1639240
13	1639240	1639640
13	1639640	1640720
13	1640720	1640800
13	1640800	1640880
13	1640880	1641160
13	1641160	1641680
13	1641680	1641760
13	1641760	1642320
13	1642320	1642800
13	1642800	1644960
13	1644960	1645040
13	1645040	1645120
13	1645120	1645800
13	1645800	1646000
13	1646000	1646120
13	1646120	1647680
13	1647680	1647840
13	1647840	1648320
13	1648320	1648400
13	1648400	1648800
13	1648800	1649640
13	1649640	1649760
13	1649760	1650800
13	1650800	1651160
13	1651160	1651240
13	1651240	1651320
13	1651320	1651960
13	1651960	1652400
13	1652400	1652880
13	1652880	1653920
14	1653920	1654840
14	1654840	1654920
14	1654920	1655600
14	1655600	1655760
14	1655760	1657560
14	1657560	1658200
14	1658200	1658800
14	1658800	1661320
14	1661320	1661640
14	1661640	1661720
14	1661720	1661920
14	1661920	1662400
14	1662400	1663920
14	1663920	1664520
14	1664520	1664760
14	1664760	1665000
14	1665000	1665680
14	1665680	1665800
14	1665800	1666240
14	1666240	1666560
14	1666560	1667280
14	1667280	1667640
14	1667640	1668080
14	1668080	1668320
14	1668320	1668680
14	1668680	1669120
14	1669120	1669480
14	1669480	1669600
14	1669600	1669880
14	1669880	1670280
14	1670280	1670400
14	1670400	1670480
14	1670480	1671120
14	1671120	1671960
14	1671960	1672200
14	1672200	1672280
14	1672280	1673080
14	1673080	1673200
14	1673200	1673280
14	1673280	1673640
14	1673640	1673720
14	1673720	1674120
14	1674120	1674720
14	1674720	1675680
14	1675680	1676280
14	1676280	1676800
14	1676800	1677160
14	1677160	1677440
14	1677440	1677560
14	1677560	1678040
14	1678040	1678160
14	1678160	1682160
14	1682160	1684120
14	1684120	1686160
14	1686160	1689440
14	1689440	1689920
14	1689920	1690560
14	1690560	1690840
14	1690840	1691000
14	1691000	1691280
14	1691280	1691760
14	1691760	1694320
14	1694320	1694520
14	1694520	1694680
14	1694680	1695480
14	1695480	1701640
14	1701640	1702760
14	1702760	1702880
14	1702880	1703600
14	1703600	1703960
14	1703960	1707840
14	1707840	1710960
14	1710960	1715520
14	1715520	1715600
14	1715600	1716280
14	1716280	1719520
14	1719520	1719960
14	1719960	1721080
14	1721080	1721160
14	1721160	1721320
14	1721320	1721600
14	1721600	1723240
14	1723240	1723480
14	1723480	1723720
14	1723720	1723800
14	1723800	1724360
14	1724360	1724600
14	1724600	1724920
14	1724920	1725240
14	1725240	1725680
14	1725680	1725800
14	1725800	1726000
14	1726000	1726400
14	1726400	1726600
14	1726600	1728080
14	1728080	1728280
14	1728280	1728880
14	1728880	1737360
14	1737360	1738040
14	1738040	1740480
14	1740480	1741840
14	1741840	1742000
14	1742000	1743120
14	1743120	1756560
14	1756560	1757800
14	1757800	1759360
14	1759360	1761840
14	1761840	1768240
14	1768240	1773040
14	1773040	1774880
14	1774880	1775360
14	1775360	1777680
14	1777680	1779520
14	1779520	1781400
14	1781400	1786840
14	1786840	1790520
14	1790520	1795840
14	1795840	1797040
14	1797040	1799960
14	1799960	1803520
14	1803520	1805680
14	1805680	1808040
14	1808040	1810760
14	1810760	1812960
14	1812960	1828240
14	1828240	1829760
14	1829760	1831200
14	1831200	1832040
14	1832040	1833240
14	1833240	1839960
14	1839960	1841080
14	1841080	1843160
15	1843160	1846360
15	1846360	1848120
15	1848120	1852960
15	1852960	1867840
15	1867840	1872600
15	1872600	1874760
15	1874760	1876840
15	1876840	1878560
15	1878560	1879480
15	1879480	1882240
15	1882240	1884320
15	1884320	1887760
15	1887760	1893520
15	1893520	1894600
15	1894600	1899160
15	1899160	1901560
15	1901560	1905360
15	1905360	1908920
15	1908920	1909920
15	1909920	1911960
15	1911960	1914240
15	1914240	1915600
15	1915600	1918560
15	1918560	1919840
15	1919840	1923560
15	1923560	1924840
15	1924840	1927880
15	1927880	1929480
15	1929480	1939200
15	1939200	1946000
16	1946000	1951560
16	1951560	1954240
16	1954240	1955600
16	1955600	1958000
16	1958000	1959360
16	1959360	1962920
16	1962920	1965760
16	1965760	1967080
16	1967080	1969320
16	1969320	1973920
16	1973920	1976520
16	1976520	1979080
16	1979080	1980680
16	1980680	1994480
16	1994480	1996600
16	1996600	1997600
16	1997600	1999040
16	1999040	2003520
16	2003520	2006560
16	2006560	2009800
16	2009800	2011320
16	2011320	2012760
16	2012760	2016920
16	2016920	2018880
16	2018880	2020080
16	2020080	2020480
16	2020480	2021480
16	2021480	2022040
16	2022040	2025960
16	2025960	2027080
16	2027080	2033000
16	2033000	2035000
16	2035000	2040520
16	2040520	2043600
16	2043600	2047800
16	2047800	2049720
16	2049720	2053080
16	2053080	2056760
16	2056760	2060760
16	2060760	2063840
16	2063840	2070360
16	2070360	2072280
16	2072280	2077360
16	2077360	2081560
16	2081560	2086000
16	2086000	2093120
16	2093120	2111520
16	2111520	2114560
16	2114560	2119440
16	2119440	2121040
16	2121040	2124040
16	2124040	2125840
16	2125840	2148760
16	2148760	2154320
16	2154320	2158080
16	2158080	2161640
16	2161640	2187440
16	2187440	2190640
16	2190640	2216800
16	2216800	2220080
16	2220080	2234960
16	2234960	2237840
16	2237840	2242000
16	2242000	2246320
16	2246320	2249680
16	2249680	2254160
16	2254160	2269920
16	2269920	2272280
16	2272280	2280280
16	2280280	2282240
16	2282240	2284600
16	2284600	2286640
16	2286640	2288280
16	2288280	2290000
16	2290000	2292040
16	2292040	2294840
16	2294840	2303880
16	2303880	2305680
16	2305680	2312680
16	2312680	2315280
16	2315280	2318120
16	2318120	2318720
16	2318720	2319520
16	2319520	2320080
16	2320080	2330840
17	2330840	2337400
17	2337400	2338560
17	2338560	2339320
17	2339320	2341000
17	2341000	2343200
17	2343200	2344520
17	2344520	2345920
17	2345920	2348680
17	2348680	2350320
17	2350320	2354200
17	2354200	2355840
17	2355840	2358760
17	2358760	2361200
17	2361200	2363080
17	2363080	2365400
17	2365400	2366760
17	2366760	2370080
17	2370080	2374080
17	2374080	2374960
17	2374960	2381160
17	2381160	2381880
17	2381880	2385640
17	2385640	2387320
17	2387320	2388480
17	2388480	2389400
17	2389400	2390160
17	2390160	2391080
17	2391080	2392160
17	2392160	2392880
17	2392880	2394440
17	2394440	2397640
17	2397640	2398720
17	2398720	2400800
17	2400800	2404760
17	2404760	2405920
17	2405920	2418760
18	2418760	2428880
18	2428880	2432560
18	2432560	2437320
18	2437320	2444320
18	2444320	2449040
18	2449040	2451920
18	2451920	2459720
18	2459720	2460480
18	2460480	2465400
18	2465400	2471560
18	2471560	2474800
18	2474800	2478440
18	2478440	2479920
18	2479920	2481920
18	2481920	2483400
18	2483400	2485240
18	2485240	2488440
18	2488440	2495360
18	2495360	2496960
18	2496960	2503000
18	2503000	2505520
18	2505520	2511400
18	2511400	2513440
18	2513440	2515560
18	2515560	2517680
18	2517680	2520240
18	2520240	2522040
18	2522040	2524240
18	2524240	2524800
18	2524800	2525320
18	2525320	2525560
18	2525560	2525960
18	2525960	2527840
18	2527840	2529160
18	2529160	2539520
18	2539520	2541360
18	2541360	2542880
18	2542880	2545800
18	2545800	2550520
18	2550520	2552400
18	2552400	2555120
18	2555120	2557400
18	2557400	2559320
18	2559320	2563680
18	2563680	2567320
18	2567320	2569320
18	2569320	2572640
18	2572640	2577440
18	2577440	2585040
18	2585040	2589400
18	2589400	2596160
18	2596160	2599960
18	2599960	2601840
18	2601840	2604840
18	2604840	2607960
18	2607960	2612040
18	2612040	2613280
18	2613280	2618000
18	2618000	2620800
18	2620800	2622920
18	2622920	2626520
18	2626520	2628600
18	2628600	2634960
18	2634960	2637840
18	2637840	2639520
18	2639520	2641840
18	2641840	2645840
18	2645840	2648520
18	2648520	2651600
18	2651600	2656040
18	2656040	2660760
18	2660760	2663080
18	2663080	2671800
18	2671800	2674800
18	2674800	2677320
18	2677320	2679280
18	2679280	2685280
18	2685280	2693520
18	2693520	2695280
18	2695280	2698440
19	2698440	2702800
19	2702800	2706920
19	2706920	2713520
19	2713520	2718400
19	2718400	2719720
19	2719720	2724280
19	2724280	2726440
19	2726440	2728160
19	2728160	2730520
19	2730520	2733640
19	2733640	2737640
19	2737640	2743240
19	2743240	2755400
19	2755400	2759040
19	2759040	2766480
19	2766480	2767960
19	2767960	2769120
19	2769120	2770840
19	2770840	2772320
19	2772320	2778280
19	2778280	2779040
19	2779040	2780400
19	2780400	2789120
19	2789120	2791040
19	2791040	2792920
19	2792920	2794000
19	2794000	2795560
19	2795560	2796840
19	2796840	2806080
19	2806080	2807640
19	2807640	2815520
19	2815520	2818320
19	2818320	2819880
19	2819880	2822120
20	2822120	2824400
20	2824400	2826040
20	2826040	2829240
20	2829240	2830320
20	2830320	2832320
20	2832320	2838880
20	2838880	2841680
20	2841680	2842720
20	2842720	2844920
20	2844920	2847040
20	2847040	2849600
20	2849600	2851000
20	2851000	2855640
20	2855640	2865920
21	2865920	2880800
21	2880800	2904000
22	2904000	2915400
22	2915400	2919520
23	2919520	2922760
23	2922760	2925160
23	2925160	2927160
23	2927160	2930680
23	2930680	2932480
23	2932480	2935480
23	2935480	2937240
23	2937240	2942280
23	2942280	2944080
23	2944080	2951240
23	2951240	2953440
23	2953440	2955280
23	2955280	2958760
23	2958760	2961920
23	2961920	2962960
23	2962960	2964240
23	2964240	2971880
23	2971880	2974680
23	2974680	2981560
23	2981560	2986440
23	2986440	2988160
23	2988160	2990720
23	2990720	2994440
23	2994440	2995360
23	2995360	2997040
23	2997040	3000240
23	3000240	3001840
23	3001840	3003440
23	3003440	3007680
23	3007680	3013160
23	3013160	3017240
24	3017240	3028200
24	3028200	3029840
24	3029840	3031880
24	3031880	3034040
24	3034040	3036400
24	3036400	3037960
24	3037960	3041120
24	3041120	3043640
24	3043640	3045840
24	3045840	3046800
24	3046800	3050040
24	3050040	3051480
24	3051480	3055880
24	3055880	3063320
24	3063320	3064760
24	3064760	3067880
24	3067880	3071520
24	3071520	3076160
24	3076160	3081040
24	3081040	3083880
24	3083880	3090920
24	3090920	3093160
24	3093160	3095760
24	3095760	3097600
24	3097600	3100320
24	3100320	3104080
24	3104080	3105480
24	3105480	3107680
24	3107680	3109120
24	3109120	3111280
24	3111280	3112800
24	3112800	3116160
24	3116160	3118360
24	3118360	3119360
24	3119360	3120800
24	3120800	3122520
24	3122520	3124000
24	3124000	3124920
24	3124920	3126480
24	3126480	3132720
24	3132720	3134800
24	3134800	3136320
24	3136320	3138440
24	3138440	3139640
24	3139640	3140600
24	3140600	3142240
24	3142240	3143360
24	3143360	3145440
24	3145440	3148640
24	3148640	3150880
24	3150880	3153080
24	3153080	3157480
24	3157480	3159000
24	3159000	3160280
24	3160280	3162640
24	3162640	3167600
24	3167600	3169560
24	3169560	3171000
24	3171000	3172240
24	3172240	3173400
24	3173400	3175320
24	3175320	3178800
24	3178800	3180520
24	3180520	3182080
24	3182080	3185080
24	3185080	3187560
24	3187560	3188760
24	3188760	3192840
24	3192840	3194880
24	3194880	3198600
24	3198600	3200040
24	3200040	3201320
24	3201320	3202600
24	3202600	3205400
24	3205400	3207680
24	3207680	3209360
24	3209360	3211960
24	3211960	3213320
24	3213320	3214440
24	3214440	3217360
24	3217360	3219040
24	3219040	3220680
24	3220680	3222360
24	3222360	3225640
25	3225640	3226640
