shot	start	end
0	0	1240
0	1240	1320
0	1320	2840
0	2840	6680
0	6680	9640
0	9640	11160
0	11160	19560
0	19560	21280
0	21280	22760
0	22760	24360
0	24360	25720
0	25720	29200
0	29200	33880
0	33880	38160
0	38160	43240
0	43240	50040
0	50040	53080
0	53080	55280
0	55280	58480
0	58480	58720
0	58720	59040
0	59040	61040
0	61040	68520
0	68520	69800
0	69800	86880
0	86880	95200
0	95200	110360
1	110360	127440
1	127440	130480
1	130480	136120
1	136120	138200
1	138200	140160
1	140160	141280
1	141280	142240
1	142240	143560
1	143560	144480
1	144480	145600
1	145600	146320
1	146320	149000
1	149000	150200
1	150200	151440
1	151440	153440
1	153440	155240
1	155240	159600
1	159600	161240
1	161240	165640
1	165640	167240
1	167240	168840
1	168840	170400
1	170400	172360
1	172360	174800
1	174800	176200
1	176200	178080
1	178080	179400
1	179400	180680
1	180680	182520
1	182520	184560
1	184560	187080
1	187080	189200
1	189200	190600
1	190600	191680
1	191680	192880
1	192880	194440
1	194440	197320
1	197320	198240
1	198240	198800
1	198800	200840
1	200840	201440
1	201440	202000
1	202000	206280
1	206280	207520
1	207520	208880
1	208880	209560
1	209560	211960
1	211960	213000
1	213000	213560
1	213560	215000
1	215000	218960
1	218960	219520
1	219520	220800
1	220800	221280
1	221280	222480
1	222480	223960
1	223960	226440
1	226440	230800
1	230800	232360
1	232360	233640
1	233640	236000
1	236000	236520
1	236520	237480
1	237480	237680
1	237680	238640
1	238640	239320
1	239320	240280
1	240280	241640
1	241640	243080
1	243080	247000
1	247000	249120
1	249120	251880
1	251880	257240
1	257240	258520
1	258520	261240
1	261240	263840
1	263840	269280
2	269280	272200
2	272200	275480
2	275480	278440
2	278440	281880
2	281880	284440
2	284440	285280
2	285280	286560
2	286560	288200
2	288200	289320
2	289320	291040
2	291040	293600
2	293600	294240
2	294240	297880
2	297880	298960
2	298960	302400
2	302400	304640
2	304640	305680
2	305680	309800
2	309800	314280
2	314280	316160
2	316160	321240
2	321240	322960
2	322960	333160
2	333160	334680
2	334680	348000
2	348000	349920
2	349920	353120
2	353120	354560
2	354560	363800
2	363800	365680
2	365680	378160
2	378160	381880
2	381880	387320
2	387320	392840
2	392840	394240
2	394240	397960
2	397960	398880
2	398880	402600
2	402600	410760
2	410760	412360
2	412360	413960
2	413960	415200
2	415200	416240
2	416240	417920
2	417920	418880
2	418880	423280
2	423280	425160
2	425160	427480
2	427480	429960
2	429960	434040
2	434040	436640
2	436640	438600
2	438600	440880
2	440880	444360
2	444360	448080
2	448080	459520
2	459520	468000
2	468000	469920
2	469920	474520
2	474520	476120
2	476120	478240
2	478240	479440
2	479440	485440
2	485440	487640
2	487640	490920
2	490920	494120
2	494120	498720
2	498720	501600
2	501600	502640
2	502640	504520
3	504520	511400
3	511400	514840
3	514840	519560
3	519560	522200
3	522200	523800
3	523800	526880
3	526880	531000
3	531000	541480
3	541480	548360
3	548360	550120
3	550120	557080
3	557080	561200
3	561200	564400
3	564400	577240
4	577240	585720
4	585720	586800
4	586800	589160
4	589160	590240
4	590240	592080
4	592080	593760
4	593760	595440
4	595440	596600
4	596600	598640
4	598640	599960
4	599960	602880
4	602880	605640
4	605640	608320
4	608320	609640
4	609640	613600
4	613600	615160
4	615160	615840
4	615840	617080
4	617080	618760
4	618760	619600
4	619600	621000
4	621000	622040
4	622040	623880
4	623880	629080
4	629080	630320
4	630320	631320
4	631320	632560
4	632560	633960
4	633960	635680
4	635680	640360
4	640360	642000
5	642000	646120
5	646120	646480
5	646480	654320
5	654320	658680
5	658680	670320
5	670320	672120
5	672120	674200
5	674200	675520
5	675520	678200
5	678200	679560
5	679560	681600
5	681600	684680
5	684680	688000
5	688000	689720
5	689720	690760
5	690760	691400
5	691400	692720
5	692720	694000
5	694000	695600
5	695600	696400
5	696400	696960
5	696960	698040
5	698040	699920
5	699920	701080
5	701080	701600
5	701600	702040
5	702040	702280
5	702280	702720
5	702720	703320
5	703320	703760
5	703760	704960
6	704960	706640
6	706640	707400
6	707400	707560
6	707560	707760
6	707760	708600
6	708600	710920
6	710920	711240
6	711240	711320
6	711320	713440
6	713440	713880
6	713880	714480
6	714480	717720
7	717720	719560
7	719560	721520
7	721520	724400
7	724400	728320
7	728320	730200
7	730200	731400
7	731400	734080
7	734080	735240
7	735240	738440
7	738440	745560
7	745560	747000
7	747000	755600
7	755600	759960
7	759960	767320
7	767320	769360
7	769360	774160
7	774160	777720
7	777720	779520
7	779520	780920
7	780920	782000
7	782000	783960
7	783960	785160
7	785160	787000
7	787000	790000
7	790000	792120
7	792120	795640
7	795640	801880
7	801880	803240
7	803240	811160
7	811160	813320
7	813320	819520
7	819520	822720
8	822720	838760
8	838760	848480
8	848480	862840
8	862840	865320
8	865320	871800
8	871800	873920
8	873920	877760
8	877760	879000
8	879000	880680
8	880680	883680
8	883680	889880
8	889880	891720
8	891720	892880
8	892880	895280
8	895280	898960
8	898960	904640
8	904640	907720
8	907720	908960
8	908960	911200
8	911200	914280
8	914280	919160
8	919160	921960
8	921960	927320
8	927320	929720
8	929720	932720
8	932720	933720
8	933720	941320
8	941320	945360
8	945360	947160
8	947160	950320
8	950320	953680
8	953680	958520
8	958520	959640
8	959640	961560
8	961560	970280
8	970280	971320
8	971320	977920
8	977920	979800
8	979800	984800
8	984800	991400
8	991400	992200
8	992200	993600
8	993600	994440
8	994440	998280
8	998280	1000720
8	1000720	1006360
8	1006360	1011040
8	1011040	1014240
8	1014240	1015800
8	1015800	1018560
8	1018560	1021760
8	1021760	1023400
8	1023400	1026520
8	1026520	1028120
8	1028120	1028680
8	1028680	1030400
8	1030400	1031440
8	1031440	1032920
8	1032920	1034040
8	1034040	1035400
8	1035400	1036160
8	1036160	1038120
8	1038120	1040680
8	1040680	1043800
8	1043800	1047840
8	1047840	1049640
8	1049640	1050640
8	1050640	1052840
8	1052840	1055080
8	1055080	1056520
8	1056520	1058120
8	1058120	1062160
8	1062160	1063560
8	1063560	1064560
8	1064560	1067400
9	1067400	1075080
9	1075080	1077640
9	1077640	1081240
9	1081240	1083560
9	1083560	1086360
9	1086360	1089560
9	1089560	1093200
9	1093200	1094400
9	1094400	1105760
9	1105760	1110440
9	1110440	1112200
9	1112200	1113320
9	1113320	1120400
9	1120400	1124200
10	1124200	1130880
10	1130880	1139840
10	1139840	1146280
10	1146280	1152880
10	1152880	1159360
10	1159360	1161240
10	1161240	1168320
10	1168320	1169760
10	1169760	1173200
10	1173200	1176600
10	1176600	1184200
10	1184200	1189960
10	1189960	1191280
10	1191280	1205360
10	1205360	1210080
10	1210080	1213160
10	1213160	1214640
10	1214640	1224640
10	1224640	1227360
10	1227360	1233240
10	1233240	1236600
10	1236600	1252160
10	1252160	1254320
10	1254320	1267160
10	1267160	1271600
10	1271600	1273240
10	1273240	1276480
10	1276480	1279160
10	1279160	1291160
10	1291160	1291280
10	1291280	1293840
10	1293840	1298360
10	1298360	1301640
10	1301640	1302600
10	1302600	1303400
10	1303400	1303640
10	1303640	1303840
10	1303840	1304600
10	1304600	1305520
10	1305520	1306240
10	1306240	1306960
10	1306960	1307880
10	1307880	1308280
10	1308280	1309000
10	1309000	1309760
10	1309760	1311560
10	1311560	1311960
10	1311960	1312600
10	1312600	1315000
10	1315000	1315200
10	1315200	1316960
11	1316960	1323000
11	1323000	1330200
11	1330200	1330360
11	1330360	1331920
11	1331920	1332280
11	1332280	1333320
11	1333320	1333560
11	1333560	1335800
11	1335800	1337960
11	1337960	1341280
11	1341280	1343280
11	1343280	1345920
11	1345920	1351080
11	1351080	1355880
11	1355880	1357320
11	1357320	1357440
11	1357440	1357640
11	1357640	1361440
11	1361440	1367120
11	1367120	1368240
11	1368240	1370960
11	1370960	1372160
11	1372160	1375360
11	1375360	1380880
11	1380880	1381920
11	1381920	1383600
11	1383600	1384800
11	1384800	1385920
11	1385920	1388000
11	1388000	1390880
11	1390880	1395840
11	1395840	1396720
11	1396720	1398040
11	1398040	1400200
11	1400200	1407960
11	1407960	1410680
11	1410680	1412440
11	1412440	1412680
11	1412680	1412800
11	1412800	1415560
11	1415560	1415760
11	1415760	1418000
11	1418000	1420800
11	1420800	1427200
11	1427200	1428520
11	1428520	1432120
11	1432120	1438720
11	1438720	1440720
11	1440720	1441120
11	1441120	1445760
12	1445760	1449840
12	1449840	1451800
12	1451800	1453040
12	1453040	1456680
12	1456680	1458960
12	1458960	1462280
12	1462280	1465520
12	1465520	1467680
12	1467680	1468840
12	1468840	1470400
12	1470400	1473960
12	1473960	1476080
12	1476080	1477280
12	1477280	1478520
12	1478520	1481600
12	1481600	1482880
12	1482880	1484280
12	1484280	1485480
12	1485480	1486720
12	1486720	1488440
12	1488440	1489760
12	1489760	1491560
12	1491560	1492800
12	1492800	1496720
12	1496720	1497920
12	1497920	1500240
12	1500240	1502400
12	1502400	1504880
12	1504880	1505800
12	1505800	1507320
12	1507320	1509720
12	1509720	1544240
12	1544240	1547280
12	1547280	1551040
12	1551040	1553800
12	1553800	1558400
12	1558400	1565960
12	1565960	1573520
12	1573520	1576800
12	1576800	1578320
12	1578320	1589560
12	1589560	1590560
12	1590560	1592800
12	1592800	1594480
12	1594480	1600880
12	1600880	1606200
13	1606200	1610840
13	1610840	1612320
13	1612320	1618160
13	1618160	1619560
13	1619560	1622560
13	1622560	1623480
13	1623480	1625200
13	1625200	1625920
13	1625920	1629880
13	1629880	1630800
13	1630800	1635840
13	1635840	1637720
13	1637720	1643760
13	1643760	1645320
13	1645320	1648840
13	1648840	1651160
13	1651160	1655000
13	1655000	1655840
13	1655840	1657560
13	1657560	1664440
13	1664440	1665520
13	1665520	1666840
13	1666840	1670720
13	1670720	1672120
13	1672120	1673640
13	1673640	1675200
13	1675200	1678520
13	1678520	1680400
13	1680400	1686000
13	1686000	1687280
13	1687280	1688520
13	1688520	1689400
13	1689400	1692320
13	1692320	1694320
13	1694320	1694720
13	1694720	1696280
13	1696280	1701760
13	1701760	1705480
13	1705480	1709720
13	1709720	1712640
13	1712640	1713720
13	1713720	1714280
13	1714280	1718000
13	1718000	1727640
13	1727640	1732880
13	1732880	1736920
13	1736920	1747040
13	1747040	1755080
13	1755080	1758880
13	1758880	1773440
13	1773440	1780160
13	1780160	1782960
13	1782960	1790000
13	1790000	1790800
13	1790800	1794040
13	1794040	1796320
13	1796320	1802160
13	1802160	1803600
13	1803600	1805200
13	1805200	1808120
13	1808120	1813920
13	1813920	1817360
13	1817360	1824600
13	1824600	1827160
13	1827160	1831560
13	1831560	1834600
13	1834600	1839120
14	1839120	1842480
14	1842480	1845040
14	1845040	1850320
14	1850320	1852240
14	1852240	1854080
14	1854080	1862520
14	1862520	1864000
14	1864000	1865040
14	1865040	1867480
14	1867480	1870200
14	1870200	1872720
14	1872720	1882960
14	1882960	1885760
14	1885760	1894280
14	1894280	1910440
14	1910440	1911520
14	1911520	1912760
14	1912760	1914680
14	1914680	1917920
14	1917920	1919600
14	1919600	1922800
14	1922800	1924280
14	1924280	1925080
14	1925080	1937640
14	1937640	1947880
14	1947880	1950320
14	1950320	1951360
14	1951360	1952960
14	1952960	1954840
14	1954840	1958600
14	1958600	1962160
14	1962160	1965600
14	1965600	1969800
14	1969800	1974800
14	1974800	1978680
14	1978680	1980600
14	1980600	1984920
14	1984920	1988560
14	1988560	1992800
14	1992800	2000520
15	2000520	2001840
15	2001840	2005000
15	2005000	2010000
15	2010000	2012360
15	2012360	2012680
15	2012680	2018680
15	2018680	2025520
15	2025520	2031480
15	2031480	2039640
15	2039640	2059120
15	2059120	2059520
15	2059520	2059960
15	2059960	2061120
15	2061120	2061560
15	2061560	2061640
15	2061640	2061760
15	2061760	2061840
15	2061840	2067840
15	2067840	2072280
15	2072280	2074240
15	2074240	2078080
15	2078080	2084600
15	2084600	2090400
15	2090400	2094000
15	2094000	2099280
16	2099280	2103680
16	2103680	2105600
16	2105600	2110840
16	2110840	2112920
16	2112920	2116840
16	2116840	2119160
16	2119160	2120960
16	2120960	2122440
16	2122440	2122640
16	2122640	2122840
16	2122840	2122920
16	2122920	2123000
16	2123000	2123120
16	2123120	2123520
16	2123520	2123600
16	2123600	2123760
16	2123760	2124000
16	2124000	2124160
16	2124160	2124320
16	2124320	2124680
16	2124680	2128480
16	2128480	2129080
16	2129080	2129280
16	2129280	2129680
16	2129680	2130400
16	2130400	2131120
16	2131120	2133840
16	2133840	2135120
16	2135120	2136520
16	2136520	2138880
16	2138880	2140920
16	2140920	2141680
16	2141680	2141800
16	2141800	2146360
16	2146360	2146920
16	2146920	2148240
16	2148240	2149120
16	2149120	2152200
16	2152200	2153800
16	2153800	2155440
16	2155440	2155560
16	2155560	2155920
16	2155920	2156480
16	2156480	2156560
16	2156560	2156880
16	2156880	2159560
16	2159560	2160520
16	2160520	2162160
16	2162160	2164520
16	2164520	2171000
16	2171000	2171480
16	2171480	2172280
16	2172280	2172440
16	2172440	2172680
16	2172680	2173040
16	2173040	2173120
16	2173120	2173200
16	2173200	2173600
16	2173600	2173800
16	2173800	2174080
16	2174080	2175080
16	2175080	2177240
16	2177240	2177600
16	2177600	2180000
16	2180000	2180920
16	2180920	2182160
16	2182160	2185520
16	2185520	2185640
16	2185640	2186040
16	2186040	2186320
16	2186320	2187120
16	2187120	2187880
16	2187880	2188360
16	2188360	2190680
16	2190680	2190760
16	2190760	2191240
16	2191240	2191680
16	2191680	2192400
16	2192400	2193080
16	2193080	2193480
16	2193480	2194200
16	2194200	2194480
16	2194480	2196480
16	2196480	2197520
16	2197520	2201360
16	2201360	2202640
16	2202640	2203600
16	2203600	2206080
16	2206080	2211200
16	2211200	2213160
16	2213160	2214960
16	2214960	2216440
16	2216440	2219880
16	2219880	2222320
16	2222320	2225880
16	2225880	2227360
16	2227360	2228640
16	2228640	2231960
16	2231960	2233080
16	2233080	2233520
16	2233520	2233840
16	2233840	2234560
16	2234560	2235880
16	2235880	2237400
16	2237400	2239480
16	2239480	2240320
16	2240320	2241480
16	2241480	2242360
16	2242360	2242960
16	2242960	2244600
16	2244600	2246920
16	2246920	2247360
16	2247360	2248920
16	2248920	2250480
16	2250480	2252160
16	2252160	2255760
16	2255760	2256400
16	2256400	2256920
16	2256920	2257520
16	2257520	2258560
16	2258560	2259080
16	2259080	2259640
16	2259640	2260200
16	2260200	2261160
16	2261160	2261720
16	2261720	2262680
16	2262680	2263240
16	2263240	2264320
16	2264320	2264840
16	2264840	2265200
16	2265200	2266280
16	2266280	2266800
16	2266800	2269440
16	2269440	2270240
16	2270240	2271440
16	2271440	2276160
16	2276160	2278760
16	2278760	2279920
16	2279920	2280600
16	2280600	2281280
16	2281280	2285280
16	2285280	2286760
16	2286760	2286840
16	2286840	2288360
16	2288360	2290800
16	2290800	2293120
16	2293120	2293640
16	2293640	2293960
16	2293960	2294600
16	2294600	2294880
16	2294880	2295160
16	2295160	2297120
16	2297120	2304000
16	2304000	2305040
16	2305040	2307320
16	2307320	2308360
16	2308360	2309680
16	2309680	2310520
16	2310520	2311920
16	2311920	2315120
16	2315120	2319440
16	2319440	2323720
16	2323720	2330560
17	2330560	2342840
17	2342840	2344640
17	2344640	2346720
17	2346720	2349960
17	2349960	2352000
17	2352000	2354920
17	2354920	2357880
17	2357880	2358880
17	2358880	2361080
17	2361080	2364720
17	2364720	2367480
18	2367480	2367680
18	2367680	2367840
18	2367840	2372160
18	2372160	2376320
18	2376320	2379720
18	2379720	2380680
18	2380680	2382520
18	2382520	2384000
18	2384000	2385640
18	2385640	2389080
18	2389080	2392000
18	2392000	2393440
18	2393440	2400000
18	2400000	2401960
18	2401960	2405840
18	2405840	2408920
18	2408920	2410680
18	2410680	2414560
18	2414560	2419760
18	2419760	2422520
18	2422520	2422600
18	2422600	2422880
18	2422880	2423400
18	2423400	2423520
18	2423520	2424000
18	2424000	2424080
18	2424080	2424160
18	2424160	2424480
18	2424480	2424560
18	2424560	2424640
18	2424640	2428600
18	2428600	2431760
18	2431760	2434680
18	2434680	2436920
18	2436920	2437680
18	2437680	2439200
18	2439200	2442440
18	2442440	2444440
18	2444440	2446120
18	2446120	2447960
18	2447960	2450680
18	2450680	2451960
18	2451960	2454320
18	2454320	2456520
18	2456520	2462720
18	2462720	2481920
18	2481920	2483960
18	2483960	2488240
18	2488240	2489160
18	2489160	2493360
18	2493360	2494720
18	2494720	2495920
18	2495920	2500440
18	2500440	2501280
18	2501280	2502120
18	2502120	2502320
18	2502320	2504320
18	2504320	2505720
18	2505720	2508880
18	2508880	2510520
18	2510520	2512680
18	2512680	2517200
18	2517200	2520680
18	2520680	2523520
18	2523520	2525200
18	2525200	2527560
18	2527560	2528320
18	2528320	2528480
18	2528480	2530640
18	2530640	2530800
18	2530800	2530880
18	2530880	2532200
18	2532200	2535080
18	2535080	2537080
18	2537080	2542400
18	2542400	2543640
18	2543640	2545920
18	2545920	2548280
18	2548280	2548720
18	2548720	2548800
18	2548800	2548880
18	2548880	2549000
18	2549000	2549480
18	2549480	2549680
18	2549680	2550920
18	2550920	2553160
18	2553160	2553240
18	2553240	2553720
18	2553720	2553800
18	2553800	2554880
18	2554880	2557240
18	2557240	2560080
18	2560080	2561680
18	2561680	2562760
18	2562760	2563560
18	2563560	2564400
18	2564400	2566880
18	2566880	2568520
18	2568520	2570560
18	2570560	2573560
18	2573560	2574000
18	2574000	2575000
18	2575000	2577200
18	2577200	2579440
18	2579440	2582040
18	2582040	2583520
18	2583520	2584760
18	2584760	2586520
18	2586520	2589200
18	2589200	2590840
18	2590840	2592800
18	2592800	2594640
18	2594640	2596160
18	2596160	2597120
18	2597120	2599320
18	2599320	2600040
18	2600040	2601840
18	2601840	2602080
18	2602080	2603160
18	2603160	2611240
18	2611240	2617080
18	2617080	2619720
19	2619720	2627240
19	2627240	2629760
19	2629760	2633120
19	2633120	2636040
19	2636040	2638840
19	2638840	2641480
19	2641480	2647960
19	2647960	2649600
19	2649600	2650800
19	2650800	2665240
19	2665240	2666880
19	2666880	2670320
19	2670320	2675760
19	2675760	2678840
19	2678840	2680640
19	2680640	2681800
19	2681800	2683040
19	2683040	2684720
19	2684720	2685600
19	2685600	2698080
19	2698080	2699400
19	2699400	2701160
19	2701160	2702080
19	2702080	2703320
19	2703320	2707320
19	2707320	2708960
19	2708960	2711200
19	2711200	2711840
19	2711840	2713800
19	2713800	2715200
19	2715200	2716000
19	2716000	2717440
19	2717440	2724240
19	2724240	2725720
19	2725720	2726560
19	2726560	2732120
19	2732120	2733880
19	2733880	2735080
19	2735080	2740280
19	2740280	2744360
19	2744360	2746280
19	2746280	2749280
19	2749280	2751600
19	2751600	2752680
19	2752680	2754560
19	2754560	2755600
19	2755600	2758600
19	2758600	2759360
19	2759360	2759680
19	2759680	2759960
19	2759960	2760800
19	2760800	2762240
19	2762240	2765000
19	2765000	2765200
19	2765200	2766680
19	2766680	2767120
19	2767120	2767720
19	2767720	2768240
19	2768240	2768680
19	2768680	2769560
19	2769560	2769960
19	2769960	2770600
19	2770600	2772680
19	2772680	2773600
19	2773600	2775160
19	2775160	2777080
19	2777080	2777960
19	2777960	2781600
19	2781600	2782520
19	2782520	2783680
19	2783680	2787240
19	2787240	2790080
19	2790080	2792840
19	2792840	2795800
19	2795800	2796600
19	2796600	2797520
19	2797520	2800400
19	2800400	2801680
19	2801680	2802960
19	2802960	2804320
19	2804320	2805360
19	2805360	2806440
19	2806440	2807240
19	2807240	2808240
19	2808240	2809160
19	2809160	2809800
19	2809800	2811000
19	2811000	2812200
19	2812200	2813000
19	2813000	2814000
19	2814000	2814520
19	2814520	2815080
19	2815080	2815720
19	2815720	2817240
19	2817240	2818320
19	2818320	2819040
19	2819040	2819640
19	2819640	2821400
19	2821400	2822080
19	2822080	2822920
19	2822920	2826160
19	2826160	2827080
19	2827080	2828320
19	2828320	2828840
19	2828840	2829840
19	2829840	2830480
19	2830480	2831480
19	2831480	2832320
19	2832320	2834280
19	2834280	2834960
19	2834960	2835640
19	2835640	2836360
19	2836360	2836800
19	2836800	2837400
19	2837400	2837880
19	2837880	2838400
19	2838400	2839000
19	2839000	2839560
19	2839560	2840040
19	2840040	2841280
19	2841280	2842120
19	2842120	2869920
19	2869920	2872240
19	2872240	2873600
19	2873600	2874160
19	2874160	2901080
19	2901080	2902360
19	2902360	2903640
19	2903640	2906240
19	2906240	2907880
19	2907880	2909920
19	2909920	2911840
19	2911840	2912960
19	2912960	2914920
19	2914920	2917120
19	2917120	2923480
19	2923480	2931560
19	2931560	2933280
19	2933280	2935600
19	2935600	2937800
19	2937800	2939680
19	2939680	2941800
19	2941800	2944040
19	2944040	2948120
19	2948120	2950000
19	2950000	2951960
19	2951960	2953560
19	2953560	2955920
19	2955920	2958200
19	2958200	2961480
19	2961480	2963280
19	2963280	2964960
19	2964960	2968480
19	2968480	2969320
19	2969320	2972200
19	2972200	2974720
19	2974720	2977360
19	2977360	2979760
19	2979760	2993200
20	2993200	3071920
