shot	start	end
0	0	1240
0	1240	1320
0	1320	2840
0	2840	23600
1	23600	23920
1	23920	25960
1	25960	26400
1	26400	27040
1	27040	34760
1	34760	35840
1	35840	37200
1	37200	41800
1	41800	44920
1	44920	45480
1	45480	46160
1	46160	47040
1	47040	47360
1	47360	63640
1	63640	65520
1	65520	68760
1	68760	73680
1	73680	76960
1	76960	77280
1	77280	83320
1	83320	84480
1	84480	85280
1	85280	92960
1	92960	100880
1	100880	102200
1	102200	103720
1	103720	104080
1	104080	104560
1	104560	105600
1	105600	108280
1	108280	109360
1	109360	109760
1	109760	111400
1	111400	111480
1	111480	112760
1	112760	114440
1	114440	115000
1	115000	116320
1	116320	118400
1	118400	120120
1	120120	128400
1	128400	133680
1	133680	135680
1	135680	139440
1	139440	142000
1	142000	142120
1	142120	142440
1	142440	145640
1	145640	148160
1	148160	153280
1	153280	154880
1	154880	158000
1	158000	169400
1	169400	174040
1	174040	176640
1	176640	180400
1	180400	186880
1	186880	190080
2	190080	193040
2	193040	194560
2	194560	202960
2	202960	204680
2	204680	206160
2	206160	207760
2	207760	209120
2	209120	215840
2	215840	220280
2	220280	225720
2	225720	229560
2	229560	234440
2	234440	237480
2	237480	239680
2	239680	242880
2	242880	243120
2	243120	243440
2	243440	245440
2	245440	252920
2	252920	270000
2	270000	278320
2	278320	294000
3	294000	310640
3	310640	325760
3	325760	327640
3	327640	329720
3	329720	333160
3	333160	339520
3	339520	352720
3	352720	358240
3	358240	361720
3	361720	366840
3	366840	369520
3	369520	377480
3	377480	381480
3	381480	383520
3	383520	390680
3	390680	395320
3	395320	399680
3	399680	402000
3	402000	406480
3	406480	408920
3	408920	409920
3	409920	411240
3	411240	416920
3	416920	420400
3	420400	429880
3	429880	432640
3	432640	437240
3	437240	441400
3	441400	448880
3	448880	450840
3	450840	455720
3	455720	460000
3	460000	463960
3	463960	467000
3	467000	471080
3	471080	473000
3	473000	475960
3	475960	479920
3	479920	484400
3	484400	491360
3	491360	493600
3	493600	495440
3	495440	503080
3	503080	507800
3	507800	510120
3	510120	512680
3	512680	515240
3	515240	518040
3	518040	519000
3	519000	520280
3	520280	522600
3	522600	524200
3	524200	525320
3	525320	527280
3	527280	530480
3	530480	531840
3	531840	533480
3	533480	537360
3	537360	542160
3	542160	544640
3	544640	546320
3	546320	547640
3	547640	549640
3	549640	553440
3	553440	557560
3	557560	564760
3	564760	566680
3	566680	568840
3	568840	571640
3	571640	574080
3	574080	577600
3	577600	581000
3	581000	582680
3	582680	585160
3	585160	588000
3	588000	588800
3	588800	591880
3	591880	597200
3	597200	605880
3	605880	609080
3	609080	614880
3	614880	617280
3	617280	619280
3	619280	621880
3	621880	624120
3	624120	627320
3	627320	632840
3	632840	638880
3	638880	641040
3	641040	643440
3	643440	647680
3	647680	650480
3	650480	669680
3	669680	675400
3	675400	679800
3	679800	682360
3	682360	686120
3	686120	688960
3	688960	698000
3	698000	700960
3	700960	705320
3	705320	714600
3	714600	717600
4	717600	724240
4	724240	727920
4	727920	730560
4	730560	735440
4	735440	740040
4	740040	743760
4	743760	747480
4	747480	751240
4	751240	755320
4	755320	763720
4	763720	767520
4	767520	769600
4	769600	771360
4	771360	783200
5	783200	801600
5	801600	808240
5	808240	811600
5	811600	812280
5	812280	815080
5	815080	820240
5	820240	824000
5	824000	827240
5	827240	829320
5	829320	833840
5	833840	836640
5	836640	839400
5	839400	840360
5	840360	841360
5	841360	842160
5	842160	846920
5	846920	847920
5	847920	858920
5	858920	861200
5	861200	867920
5	867920	873880
5	873880	877080
5	877080	880760
5	880760	883960
5	883960	889040
5	889040	890720
5	890720	895280
5	895280	897080
5	897080	899280
5	899280	901400
5	901400	905520
5	905520	908320
5	908320	917560
5	917560	922640
5	922640	925000
5	925000	927400
5	927400	929600
5	929600	938840
5	938840	942320
5	942320	946040
5	946040	950200
5	950200	955000
5	955000	959880
5	959880	968840
5	968840	973720
5	973720	979160
5	979160	982000
6	982000	983720
6	983720	988560
6	988560	990200
6	990200	992920
6	992920	995040
6	995040	996320
6	996320	999080
6	999080	1004240
6	1004240	1007280
6	1007280	1011160
6	1011160	1015240
6	1015240	1016960
6	1016960	1019640
6	1019640	1022000
6	1022000	1024680
6	1024680	1025400
6	1025400	1026200
6	1026200	1029720
6	1029720	1035200
6	1035200	1037120
7	1037120	1045320
7	1045320	1050200
7	1050200	1056440
7	1056440	1061200
7	1061200	1065440
7	1065440	1073920
7	1073920	1085200
8	1085200	1096040
8	1096040	1101600
8	1101600	1108120
8	1108120	1111080
8	1111080	1118560
8	1118560	1122880
8	1122880	1129560
8	1129560	1131880
8	1131880	1134400
8	1134400	1138560
8	1138560	1145720
8	1145720	1149440
8	1149440	1154880
8	1154880	1164720
8	1164720	1169080
8	1169080	1172160
8	1172160	1174440
8	1174440	1176880
8	1176880	1178960
8	1178960	1183200
8	1183200	1186680
8	1186680	1188360
9	1188360	1193360
9	1193360	1196800
9	1196800	1201040
9	1201040	1206760
9	1206760	1209120
9	1209120	1212880
9	1212880	1216480
9	1216480	1224120
9	1224120	1228120
9	1228120	1231400
9	1231400	1233760
9	1233760	1237880
9	1237880	1244480
9	1244480	1247600
9	1247600	1250400
9	1250400	1253200
9	1253200	1255040
9	1255040	1262520
9	1262520	1268200
9	1268200	1272760
9	1272760	1279000
9	1279000	1281800
9	1281800	1284400
9	1284400	1297280
9	1297280	1302360
9	1302360	1306360
9	1306360	1309400
9	1309400	1310920
9	1310920	1314040
9	1314040	1316920
9	1316920	1327080
9	1327080	1330160
9	1330160	1333800
9	1333800	1338320
9	1338320	1348680
9	1348680	1351880
9	1351880	1355440
10	1355440	1357840
10	1357840	1359760
10	1359760	1363240
10	1363240	1369920
10	1369920	1375120
10	1375120	1377680
10	1377680	1388120
11	1388120	1398120
11	1398120	1417000
11	1417000	1423160
11	1423160	1428000
11	1428000	1438080
11	1438080	1441920
11	1441920	1445640
11	1445640	1450280
11	1450280	1462520
11	1462520	1467440
11	1467440	1471600
11	1471600	1474440
11	1474440	1481920
11	1481920	1483400
11	1483400	1486320
11	1486320	1491040
11	1491040	1496840
11	1496840	1500000
11	1500000	1503640
11	1503640	1509120
11	1509120	1512680
11	1512680	1513960
11	1513960	1515040
11	1515040	1517240
11	1517240	1524200
11	1524200	1526640
11	1526640	1529200
11	1529200	1530520
11	1530520	1536120
11	1536120	1540080
12	1540080	1543480
12	1543480	1546440
12	1546440	1552640
12	1552640	1558480
12	1558480	1562840
12	1562840	1568120
12	1568120	1572280
12	1572280	1576160
12	1576160	1577880
12	1577880	1581680
12	1581680	1585960
12	1585960	1587400
12	1587400	1592600
12	1592600	1594720
12	1594720	1599840
12	1599840	1606520
12	1606520	1609840
12	1609840	1612040
12	1612040	1613440
12	1613440	1619200
12	1619200	1624200
12	1624200	1629800
12	1629800	1634000
12	1634000	1644080
12	1644080	1659600
12	1659600	1664120
12	1664120	1670600
12	1670600	1676840
12	1676840	1680560
12	1680560	1690880
12	1690880	1697560
12	1697560	1705080
12	1705080	1710440
12	1710440	1713960
12	1713960	1720320
12	1720320	1723480
12	1723480	1729000
12	1729000	1731880
12	1731880	1735600
12	1735600	1739600
12	1739600	1743200
12	1743200	1749720
12	1749720	1754280
12	1754280	1757720
12	1757720	1763880
12	1763880	1768280
12	1768280	1771600
12	1771600	1775560
12	1775560	1786160
12	1786160	1790160
12	1790160	1792840
12	1792840	1799480
12	1799480	1803520
12	1803520	1813080
12	1813080	1818160
12	1818160	1824600
13	1824600	1838320
13	1838320	1842280
13	1842280	1865320
13	1865320	1871120
13	1871120	1885640
13	1885640	1889560
13	1889560	1894480
13	1894480	1898480
13	1898480	1901480
13	1901480	1905800
13	1905800	1909000
13	1909000	1918280
13	1918280	1924360
13	1924360	1925720
13	1925720	1929360
13	1929360	1931480
13	1931480	1935560
13	1935560	1942760
13	1942760	1944960
13	1944960	1948680
13	1948680	1951400
13	1951400	1969520
13	1969520	1972240
13	1972240	1984280
13	1984280	1989920
13	1989920	2013000
13	2013000	2015040
13	2015040	2018480
13	2018480	2023720
13	2023720	2026400
13	2026400	2028280
13	2028280	2031200
13	2031200	2033800
13	2033800	2051120
14	2051120	2052840
14	2052840	2055280
14	2055280	2060320
14	2060320	2064880
14	2064880	2070600
14	2070600	2075200
14	2075200	2080440
14	2080440	2086320
14	2086320	2088480
14	2088480	2092040
14	2092040	2096120
14	2096120	2100120
14	2100120	2105880
14	2105880	2111320
14	2111320	2115520
14	2115520	2118480
14	2118480	2122880
14	2122880	2125760
14	2125760	2141920
15	2141920	2159560
16	2159560	2163760
16	2163760	2165920
16	2165920	2172160
16	2172160	2184360
16	2184360	2189280
16	2189280	2193360
16	2193360	2200320
16	2200320	2204000
16	2204000	2208160
16	2208160	2210040
16	2210040	2216360
16	2216360	2218160
16	2218160	2223040
16	2223040	2227040
16	2227040	2229600
16	2229600	2239240
16	2239240	2248720
16	2248720	2254480
16	2254480	2260440
16	2260440	2265000
16	2265000	2271200
16	2271200	2276400
16	2276400	2280560
16	2280560	2284640
16	2284640	2286240
16	2286240	2293720
16	2293720	2297720
16	2297720	2299440
16	2299440	2301720
16	2301720	2303360
16	2303360	2306080
16	2306080	2307560
16	2307560	2309520
16	2309520	2311640
16	2311640	2314920
17	2314920	2319360
17	2319360	2327520
17	2327520	2331360
17	2331360	2343440
17	2343440	2345200
17	2345200	2354800
17	2354800	2357880
17	2357880	2360000
17	2360000	2361960
17	2361960	2363880
17	2363880	2366640
17	2366640	2368360
17	2368360	2369640
17	2369640	2372480
17	2372480	2373720
17	2373720	2375360
17	2375360	2378800
17	2378800	2381440
17	2381440	2384240
17	2384240	2386360
17	2386360	2388760
17	2388760	2390520
17	2390520	2392120
17	2392120	2393320
17	2393320	2395040
17	2395040	2396200
17	2396200	2397280
17	2397280	2408160
17	2408160	2415480
17	2415480	2418840
17	2418840	2422200
17	2422200	2430160
17	2430160	2432400
17	2432400	2442640
17	2442640	2444200
17	2444200	2446920
17	2446920	2452720
17	2452720	2453920
17	2453920	2459440
17	2459440	2462760
17	2462760	2464880
17	2464880	2466880
17	2466880	2470600
17	2470600	2487840
17	2487840	2491880
18	2491880	2495560
18	2495560	2497680
18	2497680	2499680
18	2499680	2504720
18	2504720	2510400
18	2510400	2511920
18	2511920	2512960
18	2512960	2516480
18	2516480	2521200
18	2521200	2523640
18	2523640	2527040
18	2527040	2529520
18	2529520	2532720
18	2532720	2535320
18	2535320	2536840
18	2536840	2539520
18	2539520	2541440
18	2541440	2543000
18	2543000	2545720
18	2545720	2548360
18	2548360	2550680
18	2550680	2553040
18	2553040	2555960
18	2555960	2558600
18	2558600	2560200
18	2560200	2565240
18	2565240	2567160
18	2567160	2571120
18	2571120	2574440
18	2574440	2576440
18	2576440	2580960
18	2580960	2585320
18	2585320	2588000
18	2588000	2591160
18	2591160	2594040
18	2594040	2596160
18	2596160	2598800
18	2598800	2602480
18	2602480	2604720
18	2604720	2608280
18	2608280	2610640
18	2610640	2612000
18	2612000	2614480
18	2614480	2618920
18	2618920	2621160
18	2621160	2629960
18	2629960	2633560
18	2633560	2638120
19	2638120	2646360
19	2646360	2651800
19	2651800	2673280
19	2673280	2680280
19	2680280	2693440
19	2693440	2698200
19	2698200	2703080
19	2703080	2711840
19	2711840	2717960
19	2717960	2720840
19	2720840	2726640
19	2726640	2731920
19	2731920	2737280
19	2737280	2741480
19	2741480	2744480
19	2744480	2747920
19	2747920	2752920
19	2752920	2760480
19	2760480	2780040
19	2780040	2780960
19	2780960	2782240
19	2782240	2783320
19	2783320	2784800
19	2784800	2786280
19	2786280	2789600
19	2789600	2791120
19	2791120	2793120
19	2793120	2794200
19	2794200	2796360
19	2796360	2799680
19	2799680	2801920
19	2801920	2804840
19	2804840	2806320
19	2806320	2809120
19	2809120	2812200
19	2812200	2814840
19	2814840	2817680
19	2817680	2823400
19	2823400	2837040
19	2837040	2846120
19	2846120	2849880
19	2849880	2851320
19	2851320	2853280
19	2853280	2857080
19	2857080	2864080
19	2864080	2867920
19	2867920	2870560
19	2870560	2877200
19	2877200	2879720
19	2879720	2881960
19	2881960	2886360
20	2886360	2903000
20	2903000	2905720
20	2905720	2908640
20	2908640	2909800
20	2909800	2916280
20	2916280	2923200
20	2923200	2926000
20	2926000	2932280
20	2932280	2934160
20	2934160	2935840
20	2935840	2936880
20	2936880	2938600
20	2938600	2942520
20	2942520	2943920
20	2943920	2945680
20	2945680	2947000
20	2947000	2948040
20	2948040	2949160
20	2949160	2955120
20	2955120	2960560
20	2960560	2961800
20	2961800	2968840
20	2968840	2971400
20	2971400	2972320
20	2972320	2972800
20	2972800	2981840
20	2981840	2987000
20	2987000	2988320
20	2988320	2990400
20	2990400	2999960
20	2999960	3002920
20	3002920	3010880
20	3010880	3014120
20	3014120	3016640
20	3016640	3020280
20	3020280	3025480
20	3025480	3029200
20	3029200	3033720
20	3033720	3037400
20	3037400	3041160
20	3041160	3046120
20	3046120	3050320
20	3050320	3053040
20	3053040	3056400
21	3056400	3137560
