shot	start	end
0	0	1240
0	1240	1320
0	1320	6680
0	6680	11160
0	11160	19560
0	19560	21280
0	21280	22760
0	22760	24360
0	24360	25720
0	25720	32440
0	32440	36880
0	36880	42320
0	42320	46160
0	46160	51040
0	51040	54080
0	54080	56280
0	56280	59480
0	59480	59720
0	59720	60040
0	60040	62040
0	62040	69520
0	69520	86600
0	86600	94920
0	94920	110400
1	110400	115880
1	115880	127040
1	127040	130120
1	130120	133400
1	133400	133760
1	133760	137120
1	137120	142080
1	142080	146720
1	146720	148720
1	148720	156640
1	156640	160160
1	160160	162880
1	162880	164760
1	164760	165880
1	165880	168840
1	168840	172000
1	172000	173720
1	173720	176960
1	176960	182000
1	182000	185560
1	185560	189920
1	189920	191800
1	191800	192160
1	192160	193520
2	193520	197440
2	197440	199480
2	199480	201040
2	201040	204520
2	204520	207960
2	207960	213600
2	213600	217200
2	217200	219360
2	219360	223400
2	223400	226160
2	226160	229440
2	229440	232840
2	232840	236400
2	236400	237920
2	237920	240840
2	240840	243440
2	243440	244760
2	244760	246440
2	246440	250120
2	250120	252880
2	252880	255200
2	255200	257720
3	257720	261240
3	261240	267760
3	267760	273920
3	273920	277880
3	277880	283440
3	283440	287280
3	287280	292320
3	292320	295240
3	295240	298360
3	298360	301240
3	301240	304040
3	304040	306480
3	306480	312320
3	312320	315320
4	315320	326680
4	326680	334960
4	334960	338400
4	338400	342560
4	342560	346880
4	346880	354480
4	354480	357760
4	357760	362440
4	362440	365400
4	365400	369080
4	369080	371440
4	371440	374600
5	374600	377280
5	377280	385880
5	385880	394760
5	394760	398280
5	398280	402360
5	402360	405920
5	405920	407840
5	407840	409520
5	409520	412120
5	412120	415960
6	415960	426800
6	426800	435720
6	435720	452520
6	452520	465440
6	465440	469760
6	469760	472000
6	472000	478560
6	478560	480960
6	480960	486000
6	486000	488560
6	488560	493160
6	493160	496400
6	496400	504960
6	504960	513800
6	513800	526320
6	526320	552080
6	552080	559240
6	559240	564800
6	564800	567160
6	567160	572640
6	572640	576400
6	576400	579240
6	579240	584520
6	584520	590520
6	590520	594280
6	594280	597240
6	597240	599200
6	599200	600840
6	600840	603160
6	603160	605520
6	605520	608520
6	608520	611920
6	611920	614880
6	614880	620520
6	620520	624880
7	624880	630880
7	630880	632280
7	632280	636160
7	636160	653360
7	653360	656800
7	656800	658160
7	658160	664680
7	664680	667440
7	667440	671080
7	671080	675000
7	675000	686920
7	686920	690440
7	690440	693440
7	693440	695840
7	695840	698240
7	698240	701360
7	701360	708160
7	708160	711520
7	711520	713720
7	713720	717040
7	717040	719640
7	719640	727240
7	727240	731320
7	731320	736160
7	736160	738880
7	738880	741800
7	741800	750760
8	750760	762840
8	762840	767800
8	767800	770720
8	770720	777600
8	777600	783440
8	783440	785720
8	785720	789760
8	789760	792160
8	792160	800760
8	800760	804880
8	804880	806560
8	806560	808760
8	808760	810480
8	810480	812760
8	812760	818000
8	818000	820440
8	820440	823080
8	823080	825240
8	825240	827120
8	827120	829360
8	829360	830480
8	830480	831880
8	831880	833720
8	833720	838400
9	838400	848040
9	848040	858480
9	858480	863560
9	863560	881400
9	881400	887680
9	887680	896040
9	896040	900400
9	900400	903720
9	903720	908440
9	908440	910320
9	910320	912920
9	912920	915920
9	915920	918920
9	918920	920400
9	920400	925440
9	925440	932600
9	932600	937200
9	937200	948720
9	948720	953360
9	953360	956320
9	956320	958680
9	958680	960440
9	960440	961520
9	961520	963520
9	963520	968920
9	968920	978200
9	978200	980800
9	980800	983480
9	983480	989240
9	989240	992640
9	992640	995240
9	995240	997240
9	997240	1003320
9	1003320	1008000
9	1008000	1011200
9	1011200	1014640
9	1014640	1016520
9	1016520	1018800
9	1018800	1020520
9	1020520	1025960
9	1025960	1028040
9	1028040	1031160
9	1031160	1035000
9	1035000	1037960
9	1037960	1040280
9	1040280	1044800
9	1044800	1046800
9	1046800	1051120
9	1051120	1052560
9	1052560	1053920
9	1053920	1058760
9	1058760	1060240
9	1060240	1066040
9	1066040	1071640
9	1071640	1075560
9	1075560	1078760
9	1078760	1080960
9	1080960	1082840
9	1082840	1087240
9	1087240	1089880
9	1089880	1094720
9	1094720	1096840
9	1096840	1098080
9	1098080	1103160
9	1103160	1105440
9	1105440	1109440
9	1109440	1111640
9	1111640	1114160
9	1114160	1117680
9	1117680	1122360
9	1122360	1125360
9	1125360	1127240
9	1127240	1129520
9	1129520	1131640
9	1131640	1133640
9	1133640	1135680
9	1135680	1139120
9	1139120	1146080
10	1146080	1157560
10	1157560	1176880
10	1176880	1179520
10	1179520	1183000
10	1183000	1184640
10	1184640	1186560
10	1186560	1187920
10	1187920	1193240
10	1193240	1198640
10	1198640	1205240
11	1205240	1208960
11	1208960	1214240
11	1214240	1221760
11	1221760	1226160
11	1226160	1229080
11	1229080	1231080
11	1231080	1233680
11	1233680	1240200
11	1240200	1241840
11	1241840	1244640
11	1244640	1251560
11	1251560	1256080
11	1256080	1260640
11	1260640	1262600
11	1262600	1272640
11	1272640	1275240
11	1275240	1284800
11	1284800	1295080
11	1295080	1303080
11	1303080	1306120
11	1306120	1310040
11	1310040	1315640
11	1315640	1322360
11	1322360	1327600
11	1327600	1335280
11	1335280	1347200
11	1347200	1353680
11	1353680	1370680
11	1370680	1377200
11	1377200	1384840
11	1384840	1393280
11	1393280	1403560
12	1403560	1417400
12	1417400	1427800
12	1427800	1431760
12	1431760	1434760
12	1434760	1436880
12	1436880	1439960
12	1439960	1442920
12	1442920	1446720
12	1446720	1455240
12	1455240	1458200
12	1458200	1464800
12	1464800	1468560
12	1468560	1477160
12	1477160	1480280
12	1480280	1487120
12	1487120	1493080
12	1493080	1497360
12	1497360	1499840
12	1499840	1503240
12	1503240	1505160
12	1505160	1509200
12	1509200	1510640
12	1510640	1513960
12	1513960	1515960
12	1515960	1519320
12	1519320	1522440
12	1522440	1528280
12	1528280	1531760
12	1531760	1538040
12	1538040	1541600
13	1541600	1548600
13	1548600	1581200
13	1581200	1589200
13	1589200	1595560
13	1595560	1601560
13	1601560	1604040
13	1604040	1606600
13	1606600	1609400
13	1609400	1614840
13	1614840	1620360
13	1620360	1622840
13	1622840	1625200
13	1625200	1627320
13	1627320	1628760
13	1628760	1629720
13	1629720	1634720
13	1634720	1638040
13	1638040	1639960
13	1639960	1642400
13	1642400	1646200
13	1646200	1650040
13	1650040	1653840
13	1653840	1658560
13	1658560	1662120
13	1662120	1676640
13	1676640	1689760
13	1689760	1694560
14	1694560	1708160
14	1708160	1715920
14	1715920	1722200
14	1722200	1725320
14	1725320	1727680
14	1727680	1731080
14	1731080	1734520
14	1734520	1736840
14	1736840	1740480
14	1740480	1744200
14	1744200	1746560
14	1746560	1748560
14	1748560	1753200
14	1753200	1756680
14	1756680	1763440
14	1763440	1768240
14	1768240	1771600
14	1771600	1776440
14	1776440	1780880
14	1780880	1784080
14	1784080	1787480
14	1787480	1797320
14	1797320	1802440
14	1802440	1804120
14	1804120	1806120
14	1806120	1810960
14	1810960	1814160
14	1814160	1818000
14	1818000	1820600
14	1820600	1824520
14	1824520	1828160
14	1828160	1829720
14	1829720	1832440
14	1832440	1835360
14	1835360	1838120
14	1838120	1839920
14	1839920	1842360
15	1842360	1850240
15	1850240	1861120
15	1861120	1866560
15	1866560	1868560
15	1868560	1873240
15	1873240	1877840
15	1877840	1881760
15	1881760	1885520
15	1885520	1892200
15	1892200	1893480
15	1893480	1896520
15	1896520	1899720
15	1899720	1902240
15	1902240	1906160
15	1906160	1907960
15	1907960	1910160
15	1910160	1914760
15	1914760	1916480
15	1916480	1916960
15	1916960	1918680
15	1918680	1921320
15	1921320	1925240
15	1925240	1928840
15	1928840	1929720
15	1929720	1931520
15	1931520	1938320
15	1938320	1943640
15	1943640	1946200
15	1946200	1948120
15	1948120	1950400
15	1950400	1952440
15	1952440	1957080
15	1957080	1960960
15	1960960	1964560
15	1964560	1966880
15	1966880	1968520
15	1968520	1971680
15	1971680	1974240
15	1974240	1976840
15	1976840	1978640
15	1978640	1984200
15	1984200	1987760
15	1987760	1988680
15	1988680	1994880
15	1994880	1997200
15	1997200	2001200
15	2001200	2003720
15	2003720	2008040
15	2008040	2009520
15	2009520	2014400
15	2014400	2016440
15	2016440	2022240
15	2022240	2032720
15	2032720	2036680
15	2036680	2040040
15	2040040	2042520
15	2042520	2044520
15	2044520	2047960
15	2047960	2049320
15	2049320	2050760
15	2050760	2052000
15	2052000	2053200
15	2053200	2055240
15	2055240	2055920
15	2055920	2056960
15	2056960	2057640
15	2057640	2058120
15	2058120	2058520
15	2058520	2058960
15	2058960	2066640
15	2066640	2068960
15	2068960	2077760
16	2077760	2086800
16	2086800	2088200
16	2088200	2093520
16	2093520	2098520
16	2098520	2100280
16	2100280	2102480
16	2102480	2107920
16	2107920	2111960
16	2111960	2121080
16	2121080	2124920
16	2124920	2132040
16	2132040	2135880
16	2135880	2137680
16	2137680	2140240
16	2140240	2142360
16	2142360	2145680
16	2145680	2148120
16	2148120	2149920
16	2149920	2151600
16	2151600	2152120
16	2152120	2163080
16	2163080	2167200
16	2167200	2177040
16	2177040	2181560
16	2181560	2187040
16	2187040	2193200
16	2193200	2196320
16	2196320	2196960
16	2196960	2200480
16	2200480	2202520
16	2202520	2205400
16	2205400	2206520
16	2206520	2208040
16	2208040	2209120
16	2209120	2212880
16	2212880	2214800
16	2214800	2221440
16	2221440	2225880
16	2225880	2229720
16	2229720	2234040
16	2234040	2236920
16	2236920	2244000
16	2244000	2250400
16	2250400	2255040
16	2255040	2263040
16	2263040	2265560
16	2265560	2268320
16	2268320	2271120
17	2271120	2274280
17	2274280	2280560
17	2280560	2289720
17	2289720	2294480
17	2294480	2300360
17	2300360	2305200
17	2305200	2311280
17	2311280	2316440
17	2316440	2318120
17	2318120	2323240
17	2323240	2325560
17	2325560	2329480
17	2329480	2335160
17	2335160	2339680
17	2339680	2345640
17	2345640	2348520
17	2348520	2352920
17	2352920	2358080
17	2358080	2371480
17	2371480	2377960
17	2377960	2382320
17	2382320	2388760
17	2388760	2397800
17	2397800	2403480
17	2403480	2409600
17	2409600	2411840
17	2411840	2414400
17	2414400	2417880
17	2417880	2423080
17	2423080	2425600
17	2425600	2433000
17	2433000	2435720
17	2435720	2437640
17	2437640	2440080
17	2440080	2449000
17	2449000	2451480
17	2451480	2453760
17	2453760	2457000
17	2457000	2460880
17	2460880	2462960
17	2462960	2464880
17	2464880	2471200
17	2471200	2475640
17	2475640	2478760
17	2478760	2481280
17	2481280	2483040
17	2483040	2486520
17	2486520	2490680
17	2490680	2491080
17	2491080	2494360
17	2494360	2507120
17	2507120	2509880
17	2509880	2512800
17	2512800	2517040
17	2517040	2522120
17	2522120	2525680
17	2525680	2546520
17	2546520	2552920
18	2552920	2553560
18	2553560	2557600
18	2557600	2558600
18	2558600	2560800
18	2560800	2563680
18	2563680	2565440
18	2565440	2566400
18	2566400	2569320
18	2569320	2570720
18	2570720	2572600
18	2572600	2575680
18	2575680	2576680
18	2576680	2577920
18	2577920	2578880
18	2578880	2581400
18	2581400	2583520
18	2583520	2586240
18	2586240	2587920
18	2587920	2590240
18	2590240	2592560
18	2592560	2593720
18	2593720	2598160
18	2598160	2604200
18	2604200	2606000
18	2606000	2609920
18	2609920	2612240
18	2612240	2615040
18	2615040	2618440
18	2618440	2621240
18	2621240	2624440
18	2624440	2625800
18	2625800	2628320
18	2628320	2631600
18	2631600	2635080
18	2635080	2641440
18	2641440	2643840
18	2643840	2645200
18	2645200	2646800
18	2646800	2651920
18	2651920	2653800
18	2653800	2655400
18	2655400	2657240
18	2657240	2659800
18	2659800	2661080
18	2661080	2661480
18	2661480	2661560
18	2661560	2661640
18	2661640	2661840
18	2661840	2663680
18	2663680	2663800
18	2663800	2665160
18	2665160	2668880
18	2668880	2669680
18	2669680	2669800
19	2669800	2677560
19	2677560	2678520
19	2678520	2680960
19	2680960	2683360
19	2683360	2686440
19	2686440	2691960
19	2691960	2696000
19	2696000	2699160
19	2699160	2702520
19	2702520	2708440
19	2708440	2712960
19	2712960	2717400
19	2717400	2722560
19	2722560	2725920
19	2725920	2735240
19	2735240	2738120
19	2738120	2745120
19	2745120	2749520
19	2749520	2753120
19	2753120	2756000
19	2756000	2765720
19	2765720	2777000
19	2777000	2778760
19	2778760	2781040
19	2781040	2783600
19	2783600	2789000
19	2789000	2794120
19	2794120	2796640
19	2796640	2799880
19	2799880	2807080
20	2807080	2810120
20	2810120	2813240
20	2813240	2815640
20	2815640	2819560
20	2819560	2824480
20	2824480	2827200
20	2827200	2834400
20	2834400	2841560
20	2841560	2843400
20	2843400	2844600
20	2844600	2847560
20	2847560	2849360
20	2849360	2852880
20	2852880	2855400
20	2855400	2857120
20	2857120	2859920
20	2859920	2862720
20	2862720	2865560
20	2865560	2867400
20	2867400	2869360
20	2869360	2870920
20	2870920	2871760
20	2871760	2873520
20	2873520	2875640
20	2875640	2879520
20	2879520	2883440
20	2883440	2884600
20	2884600	2885880
20	2885880	2891000
20	2891000	2896400
20	2896400	2898880
20	2898880	2903040
20	2903040	2904800
20	2904800	2908000
20	2908000	2911000
20	2911000	2914040
20	2914040	2915960
20	2915960	2918040
20	2918040	2919920
20	2919920	2923760
20	2923760	2925120
20	2925120	2927040
20	2927040	2928640
20	2928640	2936800
20	2936800	2939320
20	2939320	2942240
20	2942240	2944880
20	2944880	2948640
20	2948640	2951640
20	2951640	2955120
20	2955120	2964640
21	2964640	2970560
21	2970560	2979320
21	2979320	2994680
21	2994680	3004600
21	3004600	3010840
21	3010840	3015840
21	3015840	3018280
21	3018280	3022440
21	3022440	3024240
21	3024240	3026000
21	3026000	3027320
21	3027320	3029720
21	3029720	3031360
21	3031360	3033280
21	3033280	3039400
21	3039400	3042920
21	3042920	3046480
21	3046480	3051120
21	3051120	3052040
21	3052040	3052720
21	3052720	3054840
21	3054840	3057160
21	3057160	3060360
21	3060360	3062520
21	3062520	3066080
21	3066080	3066680
21	3066680	3067240
21	3067240	3067800
21	3067800	3073360
21	3073360	3074040
21	3074040	3074920
21	3074920	3077520
21	3077520	3078000
21	3078000	3078840
21	3078840	3079920
21	3079920	3080680
21	3080680	3082160
21	3082160	3084760
21	3084760	3085960
21	3085960	3088640
21	3088640	3090840
21	3090840	3094040
21	3094040	3096120
21	3096120	3097400
21	3097400	3098520
21	3098520	3099400
21	3099400	3101240
21	3101240	3103600
21	3103600	3105640
21	3105640	3108880
21	3108880	3110320
21	3110320	3111320
21	3111320	3111840
21	3111840	3112480
21	3112480	3115480
21	3115480	3118240
21	3118240	3119600
21	3119600	3120360
21	3120360	3121640
21	3121640	3123800
21	3123800	3125480
21	3125480	3128960
21	3128960	3131040
21	3131040	3134000
21	3134000	3134760
21	3134760	3135720
21	3135720	3136440
21	3136440	3136680
21	3136680	3137440
21	3137440	3139480
21	3139480	3140600
21	3140600	3141880
21	3141880	3142680
21	3142680	3143040
21	3143040	3143480
21	3143480	3144040
21	3144040	3144520
21	3144520	3145160
21	3145160	3145520
21	3145520	3146560
21	3146560	3148400
21	3148400	3149920
21	3149920	3157000
21	3157000	3159040
21	3159040	3163760
21	3163760	3170080
21	3170080	3172680
21	3172680	3174160
21	3174160	3180600
21	3180600	3182000
21	3182000	3184640
21	3184640	3188440
21	3188440	3190760
21	3190760	3194400
21	3194400	3198600
21	3198600	3203640
21	3203640	3206800
22	3206800	3285200
