shot	start	end
0	0	1240
0	1240	1320
0	1320	2840
0	2840	6680
0	6680	11160
0	11160	11480
0	11480	19560
0	19560	21280
0	21280	22760
0	22760	24360
0	24360	25720
0	25720	29200
0	29200	33880
0	33880	38160
0	38160	43240
0	43240	50040
0	50040	53080
0	53080	55280
0	55280	58480
0	58480	58720
0	58720	59040
0	59040	61040
0	61040	68520
0	68520	69800
0	69800	86880
0	86880	95200
0	95200	161480
1	161480	164720
1	164720	166800
1	166800	168640
1	168640	170960
1	170960	172320
1	172320	176840
1	176840	177880
1	177880	178840
1	178840	179920
1	179920	183520
1	183520	186080
1	186080	190720
1	190720	194440
1	194440	197680
1	197680	199560
1	199560	200440
1	200440	201320
1	201320	201920
1	201920	203400
1	203400	206000
1	206000	209320
1	209320	210360
1	210360	211920
1	211920	214720
1	214720	216920
1	216920	218320
1	218320	221400
1	221400	224880
1	224880	228680
1	228680	233480
1	233480	236960
2	236960	240760
2	240760	243440
2	243440	244960
2	244960	246520
2	246520	248280
2	248280	252520
2	252520	256000
2	256000	261440
2	261440	264960
2	264960	265680
2	265680	266760
2	266760	268440
2	268440	271360
2	271360	272840
2	272840	274160
2	274160	275400
2	275400	278240
2	278240	280600
2	280600	283040
2	283040	291320
2	291320	293920
2	293920	305120
2	305120	307320
2	307320	310320
2	310320	312960
2	312960	315400
2	315400	321640
2	321640	326840
2	326840	328240
2	328240	333800
2	333800	341400
2	341400	343200
2	343200	345840
2	345840	346960
2	346960	348200
2	348200	354320
2	354320	359640
2	359640	364360
2	364360	367400
2	367400	373880
3	373880	383360
3	383360	385000
3	385000	388400
3	388400	391880
3	391880	393280
3	393280	395240
3	395240	401000
3	401000	402440
3	402440	406880
3	406880	408400
3	408400	409840
3	409840	412840
3	412840	414360
3	414360	418000
3	418000	418800
3	418800	421560
3	421560	423160
3	423160	426560
3	426560	430400
3	430400	434320
3	434320	437800
3	437800	440080
3	440080	441400
3	441400	445320
3	445320	446480
3	446480	449080
3	449080	452680
3	452680	458320
3	458320	459600
3	459600	461040
3	461040	464320
3	464320	465680
3	465680	468640
3	468640	469800
3	469800	471680
3	471680	473040
3	473040	475480
3	475480	482760
3	482760	484520
3	484520	485800
3	485800	488800
3	488800	491400
3	491400	493920
3	493920	499440
3	499440	501920
3	501920	503800
3	503800	506080
3	506080	507680
3	507680	508520
3	508520	510360
3	510360	511800
3	511800	514480
3	514480	521080
3	521080	522960
3	522960	531440
3	531440	534840
3	534840	536080
3	536080	539080
3	539080	542120
3	542120	544440
3	544440	549320
3	549320	550480
3	550480	552040
3	552040	554400
3	554400	557840
3	557840	560960
3	560960	562520
3	562520	565720
3	565720	568640
3	568640	570560
3	570560	572760
3	572760	576400
3	576400	578480
3	578480	580440
3	580440	581840
3	581840	584120
3	584120	586880
3	586880	589240
3	589240	589840
3	589840	591240
3	591240	592920
3	592920	593800
3	593800	599280
3	599280	602720
3	602720	604520
3	604520	605760
3	605760	607600
4	607600	624160
4	624160	633240
4	633240	643560
4	643560	645880
4	645880	651840
4	651840	654080
4	654080	664160
4	664160	669120
4	669120	676440
4	676440	677840
4	677840	682240
4	682240	688120
4	688120	691360
4	691360	693640
4	693640	695840
4	695840	697480
4	697480	701440
4	701440	709720
4	709720	712560
5	712560	717200
5	717200	723640
5	723640	726400
5	726400	730960
5	730960	735880
5	735880	740440
5	740440	744480
5	744480	750400
5	750400	754440
5	754440	756200
5	756200	759480
5	759480	760240
5	760240	765560
5	765560	770680
5	770680	775000
5	775000	778200
5	778200	780040
5	780040	781040
5	781040	782320
5	782320	783160
5	783160	790320
5	790320	794120
5	794120	796280
5	796280	800200
5	800200	801440
5	801440	803240
5	803240	804800
5	804800	806040
5	806040	809120
5	809120	810160
5	810160	813560
5	813560	815360
5	815360	816760
5	816760	817960
5	817960	819160
5	819160	820040
5	820040	823800
5	823800	824920
5	824920	826480
5	826480	827800
5	827800	829880
5	829880	832080
5	832080	835600
5	835600	840040
5	840040	841320
5	841320	842960
5	842960	846160
5	846160	848960
5	848960	851120
5	851120	854240
5	854240	856240
5	856240	864760
5	864760	871040
5	871040	875920
5	875920	879080
5	879080	884080
6	884080	893200
6	893200	897920
6	897920	902000
6	902000	906320
6	906320	910000
6	910000	912200
6	912200	916080
6	916080	917760
6	917760	922440
6	922440	926840
6	926840	928600
6	928600	930600
6	930600	936600
6	936600	938120
6	938120	945240
6	945240	946520
6	946520	951880
6	951880	954520
6	954520	962760
6	962760	968880
6	968880	971320
6	971320	973000
6	973000	990120
6	990120	993320
6	993320	1001240
6	1001240	1003000
6	1003000	1010720
6	1010720	1014720
6	1014720	1017280
6	1017280	1018960
6	1018960	1020280
6	1020280	1027280
7	1027280	1029680
7	1029680	1031920
7	1031920	1035280
7	1035280	1038560
7	1038560	1040720
7	1040720	1043400
7	1043400	1045640
7	1045640	1048640
7	1048640	1052320
7	1052320	1057920
7	1057920	1064200
7	1064200	1066560
7	1066560	1071680
8	1071680	1074160
8	1074160	1106840
8	1106840	1110200
8	1110200	1112520
8	1112520	1114240
8	1114240	1116200
8	1116200	1118400
8	1118400	1120480
8	1120480	1126520
8	1126520	1128960
8	1128960	1134760
8	1134760	1137160
8	1137160	1140920
8	1140920	1145320
8	1145320	1147280
8	1147280	1154680
8	1154680	1157200
8	1157200	1159600
8	1159600	1160960
8	1160960	1161600
8	1161600	1162520
8	1162520	1164600
8	1164600	1172560
8	1172560	1173600
8	1173600	1174960
8	1174960	1176320
8	1176320	1179560
8	1179560	1182000
8	1182000	1184200
8	1184200	1185920
8	1185920	1187800
8	1187800	1189760
8	1189760	1191920
8	1191920	1192920
8	1192920	1195000
8	1195000	1202480
9	1202480	1216880
9	1216880	1220600
9	1220600	1222440
9	1222440	1224200
9	1224200	1226760
9	1226760	1228920
9	1228920	1233080
9	1233080	1234800
9	1234800	1236520
9	1236520	1244120
9	1244120	1246440
9	1246440	1248240
9	1248240	1250040
9	1250040	1252920
9	1252920	1255040
9	1255040	1257880
9	1257880	1259840
9	1259840	1262320
9	1262320	1264440
9	1264440	1267840
9	1267840	1272680
9	1272680	1276880
10	1276880	1278520
10	1278520	1280640
10	1280640	1281800
10	1281800	1284200
10	1284200	1286160
10	1286160	1288600
10	1288600	1290280
10	1290280	1292960
10	1292960	1293920
10	1293920	1296760
10	1296760	1297680
10	1297680	1298320
10	1298320	1298400
10	1298400	1298840
10	1298840	1301240
10	1301240	1305000
10	1305000	1306920
10	1306920	1308640
10	1308640	1310640
10	1310640	1314760
10	1314760	1317040
10	1317040	1320400
10	1320400	1320680
10	1320680	1320920
10	1320920	1322200
10	1322200	1322840
10	1322840	1323120
10	1323120	1327000
10	1327000	1331960
10	1331960	1333120
10	1333120	1333200
10	1333200	1334280
10	1334280	1334480
10	1334480	1336120
10	1336120	1342360
10	1342360	1343360
10	1343360	1343440
10	1343440	1344360
10	1344360	1349800
10	1349800	1352800
10	1352800	1354800
10	1354800	1356400
10	1356400	1357680
10	1357680	1361480
10	1361480	1362800
10	1362800	1364320
10	1364320	1365160
10	1365160	1367960
10	1367960	1371440
10	1371440	1371520
10	1371520	1371600
10	1371600	1371720
10	1371720	1372520
10	1372520	1373000
10	1373000	1377200
10	1377200	1378960
10	1378960	1384000
11	1384000	1407040
11	1407040	1413840
11	1413840	1416040
11	1416040	1417040
11	1417040	1418000
11	1418000	1420280
11	1420280	1424360
11	1424360	1425640
11	1425640	1428360
11	1428360	1429720
11	1429720	1431040
11	1431040	1434600
11	1434600	1435800
11	1435800	1438440
11	1438440	1440800
12	1440800	1459280
12	1459280	1460480
12	1460480	1464400
12	1464400	1465920
12	1465920	1467200
12	1467200	1469240
12	1469240	1470440
12	1470440	1473040
12	1473040	1475880
12	1475880	1484520
12	1484520	1484800
12	1484800	1486800
12	1486800	1488880
12	1488880	1489320
12	1489320	1489960
12	1489960	1490280
12	1490280	1493120
12	1493120	1493200
12	1493200	1495120
12	1495120	1500880
12	1500880	1502240
12	1502240	1502800
12	1502800	1502880
12	1502880	1503000
12	1503000	1503520
12	1503520	1503600
12	1503600	1503920
12	1503920	1504680
12	1504680	1505360
13	1505360	1508120
13	1508120	1510320
13	1510320	1512600
13	1512600	1517440
13	1517440	1518680
13	1518680	1520000
13	1520000	1527080
14	1527080	1540760
14	1540760	1541920
14	1541920	1542920
14	1542920	1544120
14	1544120	1546080
14	1546080	1550000
14	1550000	1551600
14	1551600	1552560
14	1552560	1553760
14	1553760	1554440
14	1554440	1562960
14	1562960	1564680
14	1564680	1566320
14	1566320	1571080
14	1571080	1574600
14	1574600	1576600
14	1576600	1577480
14	1577480	1579440
14	1579440	1582400
14	1582400	1584960
14	1584960	1586120
14	1586120	1598360
14	1598360	1607720
14	1607720	1610120
14	1610120	1614440
14	1614440	1618600
14	1618600	1622160
14	1622160	1624040
14	1624040	1629360
14	1629360	1631960
14	1631960	1636160
15	1636160	1646400
15	1646400	1648080
15	1648080	1655760
15	1655760	1658600
15	1658600	1659920
15	1659920	1661480
15	1661480	1663560
15	1663560	1665000
15	1665000	1666320
15	1666320	1669440
15	1669440	1672520
15	1672520	1675680
15	1675680	1680080
15	1680080	1683360
15	1683360	1685000
15	1685000	1687920
15	1687920	1690360
15	1690360	1694600
15	1694600	1697000
15	1697000	1700360
15	1700360	1705160
15	1705160	1713000
15	1713000	1719680
15	1719680	1722640
15	1722640	1724320
15	1724320	1726520
15	1726520	1728720
15	1728720	1730320
15	1730320	1737240
15	1737240	1739680
15	1739680	1741680
15	1741680	1744040
15	1744040	1751280
15	1751280	1752960
15	1752960	1754800
15	1754800	1756560
15	1756560	1760800
15	1760800	1764880
15	1764880	1766840
15	1766840	1776720
16	1776720	1781040
16	1781040	1789040
16	1789040	1791600
16	1791600	1795360
16	1795360	1797040
16	1797040	1800960
16	1800960	1802760
16	1802760	1805640
16	1805640	1807640
16	1807640	1809880
16	1809880	1811440
16	1811440	1812760
16	1812760	1817320
16	1817320	1819520
16	1819520	1821640
16	1821640	1825720
16	1825720	1827080
16	1827080	1831440
16	1831440	1833520
16	1833520	1835000
16	1835000	1837600
16	1837600	1841800
16	1841800	1845840
16	1845840	1848040
16	1848040	1849840
16	1849840	1853480
16	1853480	1855600
16	1855600	1857880
16	1857880	1858960
16	1858960	1861600
16	1861600	1865000
16	1865000	1867080
16	1867080	1868960
16	1868960	1871040
16	1871040	1872600
16	1872600	1875160
16	1875160	1877200
16	1877200	1880480
16	1880480	1885400
16	1885400	1886840
16	1886840	1888240
16	1888240	1890680
16	1890680	1893320
16	1893320	1895800
16	1895800	1897680
16	1897680	1900640
16	1900640	1901640
16	1901640	1902720
16	1902720	1906160
16	1906160	1906840
16	1906840	1907400
16	1907400	1908560
16	1908560	1909840
16	1909840	1913360
16	1913360	1915480
16	1915480	1919600
16	1919600	1922360
16	1922360	1923160
16	1923160	1924520
16	1924520	1929040
16	1929040	1930440
16	1930440	1935160
16	1935160	1938280
16	1938280	1940920
16	1940920	1945520
17	1945520	1950040
17	1950040	1953520
17	1953520	1955160
17	1955160	1959400
17	1959400	1961400
17	1961400	1963200
17	1963200	1966720
17	1966720	1979600
17	1979600	1985440
17	1985440	1989160
17	1989160	1993720
17	1993720	1994880
17	1994880	2003840
17	2003840	2006520
17	2006520	2008560
17	2008560	2011960
17	2011960	2015840
17	2015840	2019560
17	2019560	2029160
18	2029160	2032880
18	2032880	2034880
18	2034880	2036280
18	2036280	2038040
18	2038040	2040880
18	2040880	2043360
18	2043360	2045880
18	2045880	2047720
18	2047720	2049560
18	2049560	2051120
18	2051120	2055600
18	2055600	2058520
18	2058520	2060720
18	2060720	2063080
18	2063080	2066160
18	2066160	2067360
18	2067360	2068840
18	2068840	2072160
18	2072160	2080800
18	2080800	2087800
18	2087800	2090120
18	2090120	2092800
18	2092800	2098160
18	2098160	2103360
18	2103360	2106200
18	2106200	2107000
18	2107000	2108240
18	2108240	2111400
18	2111400	2114040
18	2114040	2117240
18	2117240	2123200
18	2123200	2129240
18	2129240	2138840
18	2138840	2140920
18	2140920	2143440
18	2143440	2149000
18	2149000	2151000
18	2151000	2166560
18	2166560	2170840
18	2170840	2175120
18	2175120	2177840
18	2177840	2190440
18	2190440	2192880
18	2192880	2197800
18	2197800	2199400
18	2199400	2214640
18	2214640	2216960
18	2216960	2220640
18	2220640	2224080
18	2224080	2227560
18	2227560	2230520
18	2230520	2234560
18	2234560	2240200
18	2240200	2242960
18	2242960	2244760
18	2244760	2246680
18	2246680	2249640
18	2249640	2254040
18	2254040	2258200
18	2258200	2259760
18	2259760	2263560
18	2263560	2264680
18	2264680	2265880
18	2265880	2268560
19	2268560	2273360
19	2273360	2279640
19	2279640	2285640
19	2285640	2287080
19	2287080	2289800
19	2289800	2293160
19	2293160	2297840
19	2297840	2303000
19	2303000	2306160
19	2306160	2308560
19	2308560	2310040
19	2310040	2312000
19	2312000	2317640
19	2317640	2319600
19	2319600	2322760
19	2322760	2324160
19	2324160	2326120
19	2326120	2327600
19	2327600	2329880
19	2329880	2331280
19	2331280	2333120
19	2333120	2335040
19	2335040	2336920
19	2336920	2339040
19	2339040	2344080
19	2344080	2345800
19	2345800	2346800
19	2346800	2349400
19	2349400	2351000
19	2351000	2355400
19	2355400	2357400
19	2357400	2359720
19	2359720	2361040
19	2361040	2363880
19	2363880	2365440
19	2365440	2366680
19	2366680	2368240
19	2368240	2370840
19	2370840	2371640
19	2371640	2374360
19	2374360	2377280
19	2377280	2378800
19	2378800	2379640
19	2379640	2386440
19	2386440	2388280
19	2388280	2391280
19	2391280	2392800
19	2392800	2395120
19	2395120	2399560
19	2399560	2400520
19	2400520	2401640
19	2401640	2403680
19	2403680	2404680
19	2404680	2406160
19	2406160	2407240
19	2407240	2410480
19	2410480	2411520
19	2411520	2416080
19	2416080	2418240
19	2418240	2422080
20	2422080	2439400
20	2439400	2441280
20	2441280	2443920
20	2443920	2447040
20	2447040	2448040
20	2448040	2449080
20	2449080	2450200
20	2450200	2451880
20	2451880	2454520
20	2454520	2457200
20	2457200	2459760
20	2459760	2460720
20	2460720	2461480
20	2461480	2463280
20	2463280	2465120
20	2465120	2467080
20	2467080	2468560
20	2468560	2469440
20	2469440	2472720
20	2472720	2473480
20	2473480	2474040
20	2474040	2474560
20	2474560	2475720
20	2475720	2476440
20	2476440	2477840
20	2477840	2481320
20	2481320	2498240
20	2498240	2499320
20	2499320	2500320
20	2500320	2501560
20	2501560	2501960
20	2501960	2502480
20	2502480	2508640
20	2508640	2509440
20	2509440	2511280
20	2511280	2511960
20	2511960	2514360
20	2514360	2515160
20	2515160	2515680
20	2515680	2516560
20	2516560	2521320
20	2521320	2522640
20	2522640	2525160
20	2525160	2527040
20	2527040	2528600
20	2528600	2532840
20	2532840	2535280
20	2535280	2536840
20	2536840	2538560
20	2538560	2542320
20	2542320	2545320
20	2545320	2546120
20	2546120	2549480
20	2549480	2553360
20	2553360	2556560
20	2556560	2559880
20	2559880	2562640
20	2562640	2564720
20	2564720	2566280
20	2566280	2568520
20	2568520	2571120
20	2571120	2572800
20	2572800	2575920
20	2575920	2576200
20	2576200	2576880
20	2576880	2577640
20	2577640	2578400
20	2578400	2580760
20	2580760	2583960
20	2583960	2586040
20	2586040	2590480
20	2590480	2594720
20	2594720	2595520
20	2595520	2596640
20	2596640	2599880
20	2599880	2602000
20	2602000	2603200
20	2603200	2605360
20	2605360	2610320
20	2610320	2611480
20	2611480	2613200
20	2613200	2614440
20	2614440	2616720
20	2616720	2617960
20	2617960	2620160
20	2620160	2622480
20	2622480	2624680
20	2624680	2627800
20	2627800	2631120
21	2631120	2637760
21	2637760	2648160
21	2648160	2660000
21	2660000	2662160
21	2662160	2663920
21	2663920	2665440
21	2665440	2666120
21	2666120	2668560
21	2668560	2670840
21	2670840	2672040
21	2672040	2672720
21	2672720	2673680
21	2673680	2675200
21	2675200	2679280
21	2679280	2680760
21	2680760	2681840
21	2681840	2682800
21	2682800	2684560
21	2684560	2686160
21	2686160	2689000
21	2689000	2696800
21	2696800	2702480
21	2702480	2704040
21	2704040	2709360
21	2709360	2713320
21	2713320	2719200
21	2719200	2723600
21	2723600	2730200
21	2730200	2736400
21	2736400	2739520
21	2739520	2750520
21	2750520	2752960
21	2752960	2756720
21	2756720	2761880
21	2761880	2767440
21	2767440	2773720
21	2773720	2775520
21	2775520	2779680
21	2779680	2782880
21	2782880	2786080
21	2786080	2788160
21	2788160	2790360
21	2790360	2793640
21	2793640	2795320
21	2795320	2796880
21	2796880	2800680
21	2800680	2805160
21	2805160	2809120
21	2809120	2810600
21	2810600	2813480
21	2813480	2818160
21	2818160	2824280
21	2824280	2835440
21	2835440	2837720
21	2837720	2840320
21	2840320	2849080
21	2849080	2853080
21	2853080	2855680
21	2855680	2862080
21	2862080	2864440
21	2864440	2866440
21	2866440	2868760
21	2868760	2875600
21	2875600	2879240
21	2879240	2882120
21	2882120	2884680
21	2884680	2888120
21	2888120	2892200
21	2892200	2901400
21	2901400	2902120
21	2902120	2905400
21	2905400	2909720
21	2909720	2910840
21	2910840	2912960
21	2912960	2917000
21	2917000	2920280
21	2920280	2922480
21	2922480	2926720
21	2926720	2929440
21	2929440	2932440
21	2932440	2933760
21	2933760	2938520
21	2938520	2940760
21	2940760	2944160
21	2944160	2947880
21	2947880	2953280
21	2953280	2960720
22	2960720	3039280
