shot	start	end
0	0	6760
0	6760	10160
0	10160	20360
0	20360	22440
0	22440	24480
0	24480	26960
0	26960	28600
0	28600	35960
0	35960	41960
0	41960	50360
0	50360	52520
0	52520	54720
0	54720	56800
0	56800	58880
0	58880	60880
0	60880	69480
0	69480	71080
0	71080	72360
0	72360	90200
0	90200	93960
0	93960	114000
1	114000	116520
2	116520	120280
2	120280	123040
2	123040	125400
2	125400	128960
2	128960	129880
3	129880	131320
3	131320	132760
3	132760	134560
3	134560	135120
3	135120	136000
3	136000	137000
4	137000	138160
4	138160	139600
4	139600	140000
4	140000	141200
4	141200	141880
4	141880	142880
4	142880	143440
4	143440	148160
4	148160	150160
4	150160	152000
5	152000	182960
5	182960	186680
5	186680	191960
6	191960	192680
6	192680	193640
6	193640	193960
6	193960	195360
6	195360	196440
6	196440	199160
6	199160	201760
6	201760	203920
6	203920	207960
6	207960	211240
6	211240	214280
6	214280	216200
6	216200	219520
6	219520	220840
6	220840	221920
6	221920	225160
6	225160	228480
6	228480	231160
6	231160	232560
6	232560	233560
6	233560	239400
6	239400	242440
6	242440	246480
6	246480	247920
6	247920	250520
6	250520	252600
6	252600	254920
6	254920	257160
6	257160	258720
6	258720	260840
6	260840	264120
6	264120	265320
6	265320	266000
6	266000	267160
6	267160	268720
6	268720	269920
6	269920	272320
6	272320	274720
6	274720	275640
6	275640	277280
6	277280	279840
6	279840	281320
6	281320	282280
6	282280	283000
6	283000	283600
6	283600	284120
6	284120	285840
6	285840	286520
6	286520	287600
6	287600	288160
6	288160	288880
6	288880	289560
6	289560	289880
6	289880	291360
6	291360	292000
6	292000	292880
6	292880	293480
6	293480	294560
6	294560	295080
6	295080	298880
6	298880	303720
6	303720	305600
6	305600	307960
6	307960	309600
6	309600	311320
6	311320	312360
6	312360	313440
6	313440	314240
6	314240	314880
6	314880	315560
6	315560	315880
6	315880	316320
6	316320	316640
6	316640	317600
6	317600	318280
6	318280	319160
6	319160	320080
6	320080	322440
6	322440	324120
6	324120	326760
6	326760	329560
6	329560	331160
6	331160	332400
6	332400	333840
6	333840	335400
6	335400	336680
6	336680	337960
6	337960	339760
7	339760	344680
7	344680	349840
7	349840	355440
7	355440	359680
8	359680	363440
8	363440	364120
8	364120	368800
8	368800	371640
8	371640	372800
8	372800	374480
8	374480	377920
8	377920	380160
9	380160	381760
9	381760	386520
9	386520	390480
9	390480	393800
9	393800	396040
9	396040	398160
9	398160	399160
9	399160	400800
9	400800	401920
9	401920	403520
9	403520	404360
9	404360	405360
9	405360	405680
9	405680	406280
9	406280	406920
9	406920	408480
9	408480	409240
9	409240	410560
9	410560	413640
9	413640	415640
10	415640	422840
10	422840	427320
10	427320	433960
10	433960	435560
10	435560	437560
10	437560	441160
10	441160	452800
10	452800	462240
10	462240	472520
10	472520	476920
10	476920	481320
10	481320	483400
10	483400	484520
10	484520	488040
10	488040	493120
10	493120	495360
10	495360	497440
10	497440	501960
10	501960	506800
10	506800	512320
10	512320	514080
10	514080	518560
10	518560	524160
10	524160	526480
10	526480	530480
10	530480	534040
10	534040	544240
10	544240	549280
10	549280	553720
10	553720	562240
10	562240	566680
10	566680	569360
10	569360	571400
10	571400	574960
10	574960	587720
10	587720	589360
11	589360	594800
11	594800	596600
11	596600	599080
11	599080	601800
11	601800	603520
11	603520	607840
11	607840	616320
11	616320	620240
11	620240	622920
11	622920	624200
11	624200	625280
11	625280	626600
11	626600	627760
11	627760	629400
11	629400	631120
11	631120	632600
11	632600	634800
11	634800	639920
11	639920	643280
11	643280	644880
11	644880	647040
11	647040	648600
11	648600	652960
11	652960	656680
11	656680	657880
11	657880	662720
12	662720	664480
12	664480	666760
12	666760	671120
12	671120	684720
12	684720	687080
12	687080	690040
12	690040	692000
12	692000	710200
12	710200	711880
12	711880	714000
12	714000	717560
12	717560	720000
12	720000	721600
12	721600	724040
12	724040	725560
12	725560	733040
12	733040	736360
12	736360	739200
12	739200	745240
12	745240	747800
13	747800	751400
13	751400	753840
13	753840	758880
13	758880	762760
13	762760	764000
13	764000	767000
13	767000	768480
13	768480	770520
13	770520	772680
13	772680	776880
13	776880	779080
13	779080	782040
13	782040	784400
13	784400	786840
13	786840	789280
13	789280	791240
13	791240	794200
13	794200	796400
13	796400	798440
13	798440	800000
13	800000	802000
13	802000	804200
13	804200	805960
13	805960	808120
13	808120	812160
13	812160	813200
13	813200	815720
13	815720	819680
13	819680	822440
13	822440	824640
13	824640	827640
13	827640	829280
13	829280	832240
13	832240	833840
13	833840	835080
13	835080	836160
13	836160	839520
13	839520	840680
13	840680	842160
13	842160	845440
13	845440	847360
13	847360	850640
13	850640	857640
13	857640	860400
13	860400	866400
13	866400	869800
13	869800	872640
13	872640	875160
14	875160	882120
14	882120	884480
14	884480	886000
14	886000	888440
14	888440	891400
14	891400	897440
14	897440	905720
14	905720	907800
14	907800	909400
14	909400	911120
14	911120	912840
14	912840	914760
14	914760	916600
14	916600	918680
14	918680	921800
14	921800	923840
14	923840	928760
14	928760	931120
14	931120	936480
14	936480	939440
14	939440	940640
14	940640	942680
14	942680	944840
14	944840	951560
14	951560	957360
15	957360	963440
15	963440	965240
15	965240	966960
15	966960	973320
15	973320	978280
15	978280	982320
15	982320	984920
15	984920	987160
15	987160	989720
15	989720	990920
15	990920	994160
15	994160	1004720
15	1004720	1006080
15	1006080	1008200
15	1008200	1010440
15	1010440	1012480
15	1012480	1014000
15	1014000	1017960
15	1017960	1019920
15	1019920	1021200
15	1021200	1023200
15	1023200	1031520
15	1031520	1034280
15	1034280	1035560
15	1035560	1037920
15	1037920	1044640
15	1044640	1047640
15	1047640	1050080
15	1050080	1051960
15	1051960	1058400
15	1058400	1060040
15	1060040	1066680
16	1066680	1098200
16	1098200	1121360
16	1121360	1146200
17	1146200	1148520
17	1148520	1151880
17	1151880	1154600
17	1154600	1159440
17	1159440	1163920
17	1163920	1166640
17	1166640	1167320
17	1167320	1169600
17	1169600	1172160
17	1172160	1173200
17	1173200	1175880
17	1175880	1179600
17	1179600	1181400
17	1181400	1187840
17	1187840	1189560
17	1189560	1191160
17	1191160	1192760
17	1192760	1198360
17	1198360	1200680
17	1200680	1204640
17	1204640	1206760
17	1206760	1213680
17	1213680	1216040
17	1216040	1217360
17	1217360	1218360
17	1218360	1220360
17	1220360	1221800
17	1221800	1223000
17	1223000	1223880
17	1223880	1224440
17	1224440	1225080
17	1225080	1226520
17	1226520	1227840
17	1227840	1229480
17	1229480	1230680
17	1230680	1232680
17	1232680	1234000
17	1234000	1236000
17	1236000	1239000
17	1239000	1240360
17	1240360	1241960
17	1241960	1243160
17	1243160	1245120
17	1245120	1248320
17	1248320	1249440
17	1249440	1250800
17	1250800	1252200
17	1252200	1253520
17	1253520	1254880
17	1254880	1256360
17	1256360	1256760
17	1256760	1257240
17	1257240	1257600
17	1257600	1258600
17	1258600	1260600
17	1260600	1264000
17	1264000	1271400
17	1271400	1273280
17	1273280	1276640
17	1276640	1278760
17	1278760	1282800
17	1282800	1285080
17	1285080	1287040
17	1287040	1288840
17	1288840	1291200
17	1291200	1293880
17	1293880	1296040
17	1296040	1297960
17	1297960	1300720
17	1300720	1305720
17	1305720	1310000
18	1310000	1312240
18	1312240	1313920
18	1313920	1316120
18	1316120	1318800
18	1318800	1321200
18	1321200	1322360
18	1322360	1324120
18	1324120	1325920
18	1325920	1327200
18	1327200	1329120
18	1329120	1330000
18	1330000	1330400
18	1330400	1331120
18	1331120	1332560
18	1332560	1333160
18	1333160	1333960
18	1333960	1335120
18	1335120	1336280
18	1336280	1337840
18	1337840	1339480
18	1339480	1342120
18	1342120	1342720
18	1342720	1346720
18	1346720	1351320
18	1351320	1352760
18	1352760	1354600
18	1354600	1360640
18	1360640	1363560
18	1363560	1365840
18	1365840	1368760
18	1368760	1375280
19	1375280	1377800
19	1377800	1382000
19	1382000	1386440
19	1386440	1388040
19	1388040	1388920
19	1388920	1391440
19	1391440	1392640
19	1392640	1394520
19	1394520	1396240
19	1396240	1399560
19	1399560	1402800
19	1402800	1404120
19	1404120	1406720
19	1406720	1413280
19	1413280	1414920
19	1414920	1416320
19	1416320	1418120
19	1418120	1420040
19	1420040	1422520
19	1422520	1427400
19	1427400	1436320
19	1436320	1442360
19	1442360	1444000
19	1444000	1447920
19	1447920	1453680
19	1453680	1455720
19	1455720	1456760
19	1456760	1458120
19	1458120	1460160
19	1460160	1466360
19	1466360	1467000
19	1467000	1467560
19	1467560	1469600
19	1469600	1470080
19	1470080	1471160
19	1471160	1471880
19	1471880	1472920
19	1472920	1473840
19	1473840	1474800
19	1474800	1476160
19	1476160	1478640
19	1478640	1479160
19	1479160	1479640
19	1479640	1480000
19	1480000	1480640
19	1480640	1481720
19	1481720	1482240
19	1482240	1484200
19	1484200	1484480
19	1484480	1484880
19	1484880	1485440
19	1485440	1486360
19	1486360	1486800
19	1486800	1487360
19	1487360	1488080
19	1488080	1488760
19	1488760	1489920
19	1489920	1491120
19	1491120	1492240
19	1492240	1493000
19	1493000	1493680
19	1493680	1496160
19	1496160	1497360
19	1497360	1498760
19	1498760	1500080
19	1500080	1501920
19	1501920	1504040
19	1504040	1504400
19	1504400	1504960
19	1504960	1506320
19	1506320	1507480
19	1507480	1510560
20	1510560	1513360
20	1513360	1514600
20	1514600	1515360
20	1515360	1515800
20	1515800	1516720
20	1516720	1520080
20	1520080	1521360
20	1521360	1523120
20	1523120	1524720
20	1524720	1528280
20	1528280	1532840
20	1532840	1537400
20	1537400	1538680
20	1538680	1540880
20	1540880	1542920
20	1542920	1550360
20	1550360	1551760
20	1551760	1556960
20	1556960	1563160
20	1563160	1564720
20	1564720	1565680
20	1565680	1566880
20	1566880	1567760
20	1567760	1569560
20	1569560	1572960
20	1572960	1574200
20	1574200	1575440
20	1575440	1577560
20	1577560	1579480
20	1579480	1583280
20	1583280	1586400
20	1586400	1589400
20	1589400	1592200
20	1592200	1596920
20	1596920	1598760
20	1598760	1601320
20	1601320	1603240
20	1603240	1605920
20	1605920	1607680
20	1607680	1609480
20	1609480	1612720
20	1612720	1616800
20	1616800	1618360
20	1618360	1620200
20	1620200	1621440
20	1621440	1623440
20	1623440	1626800
20	1626800	1631440
21	1631440	1644200
21	1644200	1645800
21	1645800	1646960
21	1646960	1650360
21	1650360	1652920
21	1652920	1656320
21	1656320	1659720
21	1659720	1662720
21	1662720	1664720
21	1664720	1666600
21	1666600	1667640
21	1667640	1669200
21	1669200	1670400
21	1670400	1673840
21	1673840	1677400
21	1677400	1679760
21	1679760	1681920
21	1681920	1683680
21	1683680	1686400
21	1686400	1688840
21	1688840	1691000
21	1691000	1694800
21	1694800	1696000
21	1696000	1697240
21	1697240	1699360
21	1699360	1702240
21	1702240	1703840
21	1703840	1705960
21	1705960	1707400
21	1707400	1709280
21	1709280	1710320
21	1710320	1711640
21	1711640	1712880
21	1712880	1714960
21	1714960	1717240
21	1717240	1719120
21	1719120	1720440
21	1720440	1721080
21	1721080	1721680
21	1721680	1723200
21	1723200	1724120
21	1724120	1724960
21	1724960	1725840
21	1725840	1726920
21	1726920	1727880
21	1727880	1728720
21	1728720	1729520
21	1729520	1730880
21	1730880	1731680
21	1731680	1735240
21	1735240	1740560
21	1740560	1742240
21	1742240	1744960
21	1744960	1745920
21	1745920	1749280
21	1749280	1750200
21	1750200	1753360
21	1753360	1753880
21	1753880	1755880
21	1755880	1756200
22	1756200	1756680
22	1756680	1757080
22	1757080	1757520
22	1757520	1758080
22	1758080	1758400
22	1758400	1758760
22	1758760	1759120
22	1759120	1759520
22	1759520	1761400
22	1761400	1761960
22	1761960	1763160
22	1763160	1764400
22	1764400	1765040
22	1765040	1766400
22	1766400	1767200
22	1767200	1769760
22	1769760	1770400
22	1770400	1770720
22	1770720	1771600
22	1771600	1772120
22	1772120	1772560
22	1772560	1773040
22	1773040	1773360
22	1773360	1773760
22	1773760	1774480
22	1774480	1774760
22	1774760	1775560
22	1775560	1776880
22	1776880	1777760
22	1777760	1778480
22	1778480	1779560
22	1779560	1780000
22	1780000	1780400
22	1780400	1780760
22	1780760	1780920
22	1780920	1781920
22	1781920	1782560
22	1782560	1784160
22	1784160	1785080
22	1785080	1788600
22	1788600	1789560
22	1789560	1790520
22	1790520	1791480
22	1791480	1794200
23	1794200	1795400
23	1795400	1796440
23	1796440	1799960
23	1799960	1800800
23	1800800	1801720
23	1801720	1802920
23	1802920	1804000
23	1804000	1805960
23	1805960	1807440
23	1807440	1809320
23	1809320	1812040
23	1812040	1813280
23	1813280	1814280
23	1814280	1815680
23	1815680	1816720
23	1816720	1817520
23	1817520	1820880
23	1820880	1821640
23	1821640	1826120
23	1826120	1827720
23	1827720	1832800
23	1832800	1834200
23	1834200	1835680
23	1835680	1837560
23	1837560	1838080
23	1838080	1839000
23	1839000	1841800
23	1841800	1843800
23	1843800	1847640
23	1847640	1850640
23	1850640	1855520
23	1855520	1857440
23	1857440	1859200
23	1859200	1861280
23	1861280	1863880
23	1863880	1865200
23	1865200	1866320
23	1866320	1868040
23	1868040	1873600
24	1873600	1875560
24	1875560	1879240
24	1879240	1880400
24	1880400	1882240
24	1882240	1884720
24	1884720	1886160
24	1886160	1888240
24	1888240	1890840
24	1890840	1892880
24	1892880	1894640
24	1894640	1895880
24	1895880	1897720
24	1897720	1900920
24	1900920	1902680
24	1902680	1904440
24	1904440	1908360
24	1908360	1911320
24	1911320	1912600
24	1912600	1915000
24	1915000	1916160
24	1916160	1917560
24	1917560	1919400
24	1919400	1921840
24	1921840	1924240
24	1924240	1925840
24	1925840	1926320
24	1926320	1926920
24	1926920	1927440
24	1927440	1927880
24	1927880	1928320
24	1928320	1928720
24	1928720	1929280
24	1929280	1930080
24	1930080	1931160
24	1931160	1932200
24	1932200	1932880
24	1932880	1934720
24	1934720	1936240
24	1936240	1937560
24	1937560	1939560
24	1939560	1940960
24	1940960	1943360
24	1943360	1944840
24	1944840	1947800
24	1947800	1948200
24	1948200	1952120
24	1952120	1954000
24	1954000	1960640
24	1960640	1963120
24	1963120	1964320
24	1964320	1965560
24	1965560	1967040
24	1967040	1970080
24	1970080	1973200
25	1973200	1978720
25	1978720	1989920
25	1989920	1993520
25	1993520	1997680
25	1997680	1999760
25	1999760	2003480
25	2003480	2006000
25	2006000	2012760
25	2012760	2014360
25	2014360	2017280
25	2017280	2021680
25	2021680	2024160
25	2024160	2027160
25	2027160	2029800
25	2029800	2033040
25	2033040	2037160
25	2037160	2041040
25	2041040	2044080
25	2044080	2045720
25	2045720	2049080
25	2049080	2053360
25	2053360	2054560
25	2054560	2058520
25	2058520	2064880
25	2064880	2067560
25	2067560	2069440
25	2069440	2072680
25	2072680	2075120
25	2075120	2078680
25	2078680	2081880
25	2081880	2085880
25	2085880	2087400
25	2087400	2089160
25	2089160	2090600
26	2090600	2110480
26	2110480	2114720
26	2114720	2116520
26	2116520	2118560
26	2118560	2119920
26	2119920	2121680
26	2121680	2122920
26	2122920	2124440
26	2124440	2125440
26	2125440	2127560
26	2127560	2133800
26	2133800	2138120
26	2138120	2142880
26	2142880	2147400
26	2147400	2150320
26	2150320	2152560
26	2152560	2153880
26	2153880	2158440
26	2158440	2161280
26	2161280	2165160
26	2165160	2166160
26	2166160	2168920
26	2168920	2170600
26	2170600	2172720
26	2172720	2174160
26	2174160	2176840
26	2176840	2178040
26	2178040	2179720
26	2179720	2181080
26	2181080	2183480
26	2183480	2186520
26	2186520	2188880
26	2188880	2189680
26	2189680	2192000
26	2192000	2192880
26	2192880	2194360
26	2194360	2195600
26	2195600	2197080
26	2197080	2199240
26	2199240	2201400
26	2201400	2202960
26	2202960	2206080
26	2206080	2209400
26	2209400	2211400
26	2211400	2213040
26	2213040	2215600
26	2215600	2217800
26	2217800	2221440
27	2221440	2226320
27	2226320	2228280
27	2228280	2229800
27	2229800	2231200
27	2231200	2233880
27	2233880	2236720
27	2236720	2241440
27	2241440	2245040
27	2245040	2248480
27	2248480	2250400
27	2250400	2255920
27	2255920	2259600
27	2259600	2261480
27	2261480	2263880
27	2263880	2267440
27	2267440	2272680
27	2272680	2288560
28	2288560	2292720
28	2292720	2300120
28	2300120	2309040
28	2309040	2311760
29	2311760	2317640
29	2317640	2320920
29	2320920	2324720
29	2324720	2326440
29	2326440	2327880
29	2327880	2329600
29	2329600	2332480
29	2332480	2336360
29	2336360	2341800
29	2341800	2344320
29	2344320	2345760
29	2345760	2347760
29	2347760	2349240
29	2349240	2352760
29	2352760	2354800
29	2354800	2357040
29	2357040	2359200
29	2359200	2361440
29	2361440	2366040
29	2366040	2368600
29	2368600	2371280
29	2371280	2373640
29	2373640	2375240
29	2375240	2376920
29	2376920	2401160
29	2401160	2403680
29	2403680	2405280
29	2405280	2407720
29	2407720	2413800
29	2413800	2420400
29	2420400	2421680
29	2421680	2424800
29	2424800	2430920
29	2430920	2432640
29	2432640	2434560
29	2434560	2436240
29	2436240	2438160
29	2438160	2439320
29	2439320	2446800
29	2446800	2452800
29	2452800	2454240
29	2454240	2455720
29	2455720	2461600
29	2461600	2463600
29	2463600	2466120
29	2466120	2469720
29	2469720	2474040
29	2474040	2476480
29	2476480	2480880
29	2480880	2483440
29	2483440	2485400
29	2485400	2489840
29	2489840	2493040
29	2493040	2495440
30	2495440	2506520
30	2506520	2513680
30	2513680	2522800
30	2522800	2529200
30	2529200	2532280
30	2532280	2534040
30	2534040	2538520
30	2538520	2542080
30	2542080	2552840
30	2552840	2565520
30	2565520	2568520
31	2568520	2570920
31	2570920	2574040
31	2574040	2576360
31	2576360	2578520
31	2578520	2581800
31	2581800	2585200
31	2585200	2593160
31	2593160	2594600
31	2594600	2597400
31	2597400	2599480
31	2599480	2604200
31	2604200	2606520
31	2606520	2609840
31	2609840	2611280
31	2611280	2613040
31	2613040	2615680
31	2615680	2620240
31	2620240	2625240
31	2625240	2630360
31	2630360	2633360
31	2633360	2635600
31	2635600	2640160
31	2640160	2641880
31	2641880	2644600
31	2644600	2647040
31	2647040	2652080
31	2652080	2655120
31	2655120	2658960
31	2658960	2660600
31	2660600	2662600
31	2662600	2663520
31	2663520	2667400
31	2667400	2668960
31	2668960	2670200
31	2670200	2672400
31	2672400	2674640
31	2674640	2676760
31	2676760	2678280
31	2678280	2684560
31	2684560	2687000
31	2687000	2692480
31	2692480	2694880
31	2694880	2696440
31	2696440	2697720
31	2697720	2698920
31	2698920	2701680
31	2701680	2703120
31	2703120	2705000
31	2705000	2707440
31	2707440	2708240
31	2708240	2709120
31	2709120	2714760
31	2714760	2717400
31	2717400	2718200
31	2718200	2719360
31	2719360	2720400
31	2720400	2722200
31	2722200	2726680
31	2726680	2727480
31	2727480	2728240
31	2728240	2731720
31	2731720	2733320
31	2733320	2734760
31	2734760	2737080
31	2737080	2739320
31	2739320	2741160
31	2741160	2744440
31	2744440	2745120
31	2745120	2747000
31	2747000	2749160
31	2749160	2750400
31	2750400	2752240
31	2752240	2753840
31	2753840	2755480
32	2755480	2758480
32	2758480	2762560
32	2762560	2764360
32	2764360	2766320
32	2766320	2769080
32	2769080	2772040
32	2772040	2774440
32	2774440	2776000
32	2776000	2779200
32	2779200	2780920
32	2780920	2784640
32	2784640	2786680
32	2786680	2793520
32	2793520	2796120
32	2796120	2801880
32	2801880	2803560
32	2803560	2807040
32	2807040	2807880
32	2807880	2809440
32	2809440	2810400
32	2810400	2812160
32	2812160	2813280
32	2813280	2814440
32	2814440	2815840
32	2815840	2817480
32	2817480	2819560
32	2819560	2822480
32	2822480	2829680
32	2829680	2831360
32	2831360	2832960
32	2832960	2836440
32	2836440	2838120
32	2838120	2839440
32	2839440	2841520
32	2841520	2844160
32	2844160	2845280
32	2845280	2846680
32	2846680	2848360
32	2848360	2849760
32	2849760	2853240
32	2853240	2855920
32	2855920	2856800
32	2856800	2857360
32	2857360	2857840
32	2857840	2858720
32	2858720	2860040
32	2860040	2861320
32	2861320	2862800
32	2862800	2865400
32	2865400	2869640
32	2869640	2872560
32	2872560	2876120
32	2876120	2879200
32	2879200	2884360
32	2884360	2886440
32	2886440	2887880
32	2887880	2888840
32	2888840	2891080
32	2891080	2894840
32	2894840	2898960
32	2898960	2900480
32	2900480	2901960
32	2901960	2905120
32	2905120	2906880
32	2906880	2911960
32	2911960	2915840
33	2915840	2926440
34	2926440	2932000
34	2932000	2934200
34	2934200	2938000
34	2938000	2939560
34	2939560	2942040
34	2942040	2943400
34	2943400	2947400
34	2947400	2949560
34	2949560	2950880
34	2950880	2953560
34	2953560	2955440
34	2955440	2958360
34	2958360	2960520
34	2960520	2962840
34	2962840	2967320
34	2967320	2970240
34	2970240	2973440
34	2973440	2978160
34	2978160	2981200
34	2981200	2985360
34	2985360	2988240
34	2988240	2990200
34	2990200	2994200
34	2994200	2997520
34	2997520	3001440
34	3001440	3003760
34	3003760	3005680
34	3005680	3008520
34	3008520	3010160
34	3010160	3012800
34	3012800	3019720
34	3019720	3022040
34	3022040	3025720
34	3025720	3027360
34	3027360	3028560
34	3028560	3029920
34	3029920	3031840
34	3031840	3033920
34	3033920	3036320
34	3036320	3039960
34	3039960	3042680
34	3042680	3045400
34	3045400	3048720
34	3048720	3052800
34	3052800	3058560
34	3058560	3063040
34	3063040	3064560
34	3064560	3069200
34	3069200	3071360
34	3071360	3072760
34	3072760	3073560
34	3073560	3074480
34	3074480	3075160
34	3075160	3076880
34	3076880	3080960
34	3080960	3082000
34	3082000	3083400
34	3083400	3084760
34	3084760	3085800
34	3085800	3086760
34	3086760	3088800
34	3088800	3089760
34	3089760	3090760
34	3090760	3091760
34	3091760	3092880
34	3092880	3093800
34	3093800	3094680
34	3094680	3095880
34	3095880	3096920
34	3096920	3098400
34	3098400	3099520
34	3099520	3101160
34	3101160	3103160
34	3103160	3104480
34	3104480	3105960
34	3105960	3107560
34	3107560	3108240
34	3108240	3109280
34	3109280	3112520
34	3112520	3114080
34	3114080	3116400
34	3116400	3118400
34	3118400	3120280
34	3120280	3124400
34	3124400	3125440
34	3125440	3129720
34	3129720	3132000
34	3132000	3134240
34	3134240	3136440
34	3136440	3138400
34	3138400	3140480
34	3140480	3142640
34	3142640	3148320
34	3148320	3150520
34	3150520	3151800
34	3151800	3154360
34	3154360	3156440
34	3156440	3158280
34	3158280	3163680
34	3163680	3167440
34	3167440	3168840
34	3168840	3169520
34	3169520	3171480
34	3171480	3172680
34	3172680	3174080
34	3174080	3176120
34	3176120	3178680
34	3178680	3185040
34	3185040	3187760
34	3187760	3191440
34	3191440	3194000
34	3194000	3196960
34	3196960	3199440
34	3199440	3201640
34	3201640	3206040
34	3206040	3210120
34	3210120	3211960
34	3211960	3213440
34	3213440	3214920
34	3214920	3217280
34	3217280	3221120
34	3221120	3224560
34	3224560	3225800
34	3225800	3227880
34	3227880	3230200
34	3230200	3231880
34	3231880	3233320
34	3233320	3235320
34	3235320	3242000
34	3242000	3245000
34	3245000	3246560
34	3246560	3250440
34	3250440	3252800
34	3252800	3254840
34	3254840	3257280
34	3257280	3259760
34	3259760	3262280
34	3262280	3264120
34	3264120	3266000
34	3266000	3267920
34	3267920	3345400
