shot	start	end
0	0	6760
0	6760	20360
0	20360	22440
0	22440	24480
0	24480	26960
0	26960	28600
0	28600	39920
0	39920	42960
0	42960	45160
0	45160	47240
0	47240	49320
0	49320	51320
0	51320	59920
0	59920	61520
0	61520	62800
0	62800	81600
0	81600	87880
0	87880	103760
1	103760	107200
1	107200	110760
1	110760	112920
1	112920	116200
1	116200	122200
1	122200	125920
1	125920	128320
1	128320	135400
1	135400	137880
1	137880	139960
1	139960	141360
1	141360	142560
1	142560	144880
1	144880	148840
1	148840	152160
1	152160	156040
2	156040	172240
2	172240	178000
2	178000	181720
2	181720	182920
2	182920	185480
2	185480	188080
2	188080	189840
2	189840	199160
2	199160	202560
2	202560	208400
2	208400	210960
2	210960	214120
2	214120	216240
2	216240	221280
2	221280	226160
2	226160	228920
2	228920	232080
2	232080	234120
2	234120	236720
2	236720	239560
2	239560	244560
2	244560	254480
2	254480	258800
2	258800	269480
2	269480	273840
2	273840	278720
2	278720	282120
2	282120	289440
2	289440	296200
2	296200	298600
2	298600	304560
3	304560	320120
3	320120	321640
3	321640	323240
3	323240	331600
3	331600	334160
3	334160	336120
3	336120	342680
3	342680	348840
3	348840	350960
3	350960	353160
3	353160	355800
3	355800	358320
3	358320	359400
3	359400	360880
3	360880	362400
3	362400	365680
3	365680	369040
3	369040	377080
3	377080	378200
3	378200	381320
3	381320	383600
3	383600	386440
3	386440	389640
3	389640	393280
3	393280	395760
3	395760	396960
3	396960	397840
3	397840	401920
3	401920	404680
3	404680	405720
3	405720	407800
3	407800	409040
3	409040	410560
3	410560	412240
3	412240	414360
3	414360	417520
3	417520	421440
3	421440	425360
3	425360	427280
3	427280	430880
3	430880	433240
3	433240	437080
3	437080	442360
3	442360	445560
3	445560	450680
3	450680	453400
3	453400	455920
3	455920	457120
3	457120	459480
3	459480	462760
3	462760	465400
3	465400	471200
4	471200	474840
4	474840	476520
4	476520	478200
4	478200	479600
4	479600	481880
4	481880	485080
4	485080	486960
4	486960	488520
4	488520	491280
4	491280	496120
4	496120	498840
4	498840	500160
4	500160	501600
4	501600	504640
4	504640	506880
4	506880	510960
4	510960	513160
4	513160	516600
4	516600	520040
4	520040	526080
4	526080	534920
4	534920	537320
4	537320	538920
4	538920	549480
4	549480	554760
4	554760	557720
4	557720	563320
4	563320	565200
4	565200	567080
4	567080	572640
4	572640	574960
4	574960	576880
4	576880	579320
4	579320	585040
4	585040	590080
4	590080	593200
4	593200	595480
4	595480	598280
4	598280	600840
4	600840	602560
4	602560	604440
4	604440	607080
4	607080	612320
4	612320	617200
4	617200	620000
4	620000	624120
5	624120	627400
5	627400	629000
5	629000	630400
5	630400	631600
5	631600	632400
5	632400	635480
5	635480	636800
5	636800	638640
5	638640	640120
5	640120	642880
5	642880	643520
5	643520	644240
5	644240	647600
5	647600	648840
5	648840	650600
5	650600	651840
5	651840	652880
5	652880	654480
5	654480	656720
5	656720	663080
5	663080	664800
5	664800	666320
5	666320	669480
5	669480	670280
5	670280	671520
5	671520	673000
5	673000	674120
5	674120	676240
5	676240	679600
5	679600	683080
5	683080	686240
5	686240	691480
5	691480	701800
6	701800	729440
6	729440	731360
6	731360	748600
6	748600	753880
6	753880	755760
6	755760	758520
6	758520	782080
6	782080	784840
6	784840	788560
6	788560	791280
6	791280	793920
6	793920	797240
6	797240	799280
6	799280	801160
6	801160	804400
6	804400	805680
6	805680	831600
6	831600	836360
6	836360	845560
6	845560	850520
6	850520	855520
6	855520	858680
6	858680	864440
6	864440	870800
6	870800	872840
6	872840	875840
6	875840	883120
6	883120	892480
6	892480	897080
6	897080	900200
6	900200	901400
6	901400	902400
6	902400	906840
6	906840	910280
7	910280	913600
7	913600	917360
7	917360	932120
7	932120	938080
7	938080	951680
7	951680	968800
7	968800	979440
7	979440	985000
7	985000	989600
7	989600	992600
7	992600	997200
7	997200	1003440
7	1003440	1006040
7	1006040	1007000
7	1007000	1012160
7	1012160	1014520
7	1014520	1015720
7	1015720	1021720
7	1021720	1028920
7	1028920	1031760
7	1031760	1034480
7	1034480	1036520
7	1036520	1038840
7	1038840	1046280
7	1046280	1049480
7	1049480	1056880
7	1056880	1067480
7	1067480	1071320
7	1071320	1075720
7	1075720	1078120
7	1078120	1081080
7	1081080	1084000
8	1084000	1088000
8	1088000	1092560
8	1092560	1100440
8	1100440	1103200
8	1103200	1105000
8	1105000	1107480
8	1107480	1109120
8	1109120	1112480
8	1112480	1113960
8	1113960	1117120
8	1117120	1121120
8	1121120	1124680
9	1124680	1130040
9	1130040	1131200
9	1131200	1132360
9	1132360	1136680
9	1136680	1139120
9	1139120	1140880
9	1140880	1144360
9	1144360	1145480
9	1145480	1147720
9	1147720	1148760
9	1148760	1151760
9	1151760	1155560
9	1155560	1157960
9	1157960	1160000
9	1160000	1161880
9	1161880	1163920
9	1163920	1166160
9	1166160	1169120
9	1169120	1171800
9	1171800	1175840
9	1175840	1177400
9	1177400	1178760
9	1178760	1179600
9	1179600	1181560
9	1181560	1182800
9	1182800	1188080
9	1188080	1189200
9	1189200	1190320
9	1190320	1192160
9	1192160	1193600
9	1193600	1200480
9	1200480	1204560
9	1204560	1208480
9	1208480	1210440
9	1210440	1211960
9	1211960	1217720
9	1217720	1219960
9	1219960	1223280
9	1223280	1228200
9	1228200	1230720
9	1230720	1235280
9	1235280	1239320
9	1239320	1242560
9	1242560	1244360
9	1244360	1247320
9	1247320	1249560
10	1249560	1250800
10	1250800	1252160
10	1252160	1255880
10	1255880	1258160
10	1258160	1263360
10	1263360	1265560
10	1265560	1270280
10	1270280	1276600
10	1276600	1280000
10	1280000	1282720
10	1282720	1284320
10	1284320	1285160
10	1285160	1286440
10	1286440	1286960
10	1286960	1287320
10	1287320	1288280
10	1288280	1289280
10	1289280	1291720
10	1291720	1294440
10	1294440	1297280
10	1297280	1297920
10	1297920	1298640
10	1298640	1299240
10	1299240	1299720
10	1299720	1301720
10	1301720	1303920
10	1303920	1305720
10	1305720	1309280
10	1309280	1311600
10	1311600	1312880
10	1312880	1314320
10	1314320	1317360
10	1317360	1320800
10	1320800	1323640
10	1323640	1325080
10	1325080	1328520
10	1328520	1331400
10	1331400	1334120
10	1334120	1339040
10	1339040	1341600
11	1341600	1346040
11	1346040	1348760
11	1348760	1352920
11	1352920	1356400
11	1356400	1359840
11	1359840	1362360
11	1362360	1366400
11	1366400	1370440
11	1370440	1373200
11	1373200	1376440
11	1376440	1379200
11	1379200	1388280
12	1388280	1390440
12	1390440	1392040
12	1392040	1394160
12	1394160	1399360
12	1399360	1400920
12	1400920	1401920
12	1401920	1403320
12	1403320	1404760
12	1404760	1405600
12	1405600	1406760
12	1406760	1409840
12	1409840	1412120
12	1412120	1418920
12	1418920	1421520
13	1421520	1429440
13	1429440	1431480
13	1431480	1433120
13	1433120	1435000
13	1435000	1436640
13	1436640	1442280
13	1442280	1444480
13	1444480	1452240
13	1452240	1458320
13	1458320	1462000
13	1462000	1465200
13	1465200	1468880
13	1468880	1470840
13	1470840	1472480
13	1472480	1474640
13	1474640	1480120
13	1480120	1481880
13	1481880	1483680
13	1483680	1485320
13	1485320	1487120
13	1487120	1489360
13	1489360	1493920
13	1493920	1496080
13	1496080	1498000
13	1498000	1503040
13	1503040	1508440
13	1508440	1511120
13	1511120	1512480
13	1512480	1513800
13	1513800	1516040
13	1516040	1519320
13	1519320	1521600
13	1521600	1523080
13	1523080	1526000
13	1526000	1528280
13	1528280	1529560
13	1529560	1532520
13	1532520	1533640
13	1533640	1537200
14	1537200	1539360
14	1539360	1542440
14	1542440	1545720
14	1545720	1548200
14	1548200	1550640
14	1550640	1552400
14	1552400	1554600
14	1554600	1557240
14	1557240	1558880
14	1558880	1561440
14	1561440	1567200
14	1567200	1572600
15	1572600	1576760
15	1576760	1577720
15	1577720	1580600
15	1580600	1585560
15	1585560	1588120
15	1588120	1590200
15	1590200	1593560
15	1593560	1597440
15	1597440	1600720
15	1600720	1607000
15	1607000	1608000
15	1608000	1609960
15	1609960	1610760
15	1610760	1638280
16	1638280	1643520
16	1643520	1646560
16	1646560	1647720
16	1647720	1649400
16	1649400	1650640
16	1650640	1655160
16	1655160	1658800
16	1658800	1662480
16	1662480	1665320
16	1665320	1669640
16	1669640	1674760
16	1674760	1678720
16	1678720	1682280
16	1682280	1686960
16	1686960	1689600
16	1689600	1698360
16	1698360	1703480
16	1703480	1705480
16	1705480	1708760
16	1708760	1712160
16	1712160	1722160
16	1722160	1725440
16	1725440	1733240
17	1733240	1740920
17	1740920	1747640
17	1747640	1752480
17	1752480	1757520
17	1757520	1761200
17	1761200	1768520
17	1768520	1774320
17	1774320	1781760
17	1781760	1790880
17	1790880	1796800
17	1796800	1802920
17	1802920	1807440
17	1807440	1810920
17	1810920	1823280
17	1823280	1830360
17	1830360	1837120
17	1837120	1843120
17	1843120	1846160
17	1846160	1850040
17	1850040	1851960
17	1851960	1855360
17	1855360	1858880
17	1858880	1861360
17	1861360	1862880
17	1862880	1865160
17	1865160	1870280
17	1870280	1871720
17	1871720	1875920
17	1875920	1878560
17	1878560	1880360
17	1880360	1882200
17	1882200	1885720
17	1885720	1887600
17	1887600	1894920
17	1894920	1897960
17	1897960	1903160
17	1903160	1906720
17	1906720	1910640
17	1910640	1915720
17	1915720	1921160
17	1921160	1925640
17	1925640	1932240
17	1932240	1939640
17	1939640	1944440
17	1944440	1950800
17	1950800	1952840
17	1952840	1955360
17	1955360	1956880
17	1956880	1958120
17	1958120	1961000
17	1961000	1965600
17	1965600	1969720
17	1969720	1972640
17	1972640	1981200
17	1981200	1984520
17	1984520	1988560
17	1988560	1990360
17	1990360	1994240
18	1994240	2010640
18	2010640	2016720
18	2016720	2033360
18	2033360	2040200
18	2040200	2043240
18	2043240	2046280
18	2046280	2047880
18	2047880	2049240
18	2049240	2052680
18	2052680	2057120
18	2057120	2061400
18	2061400	2063680
18	2063680	2067440
18	2067440	2069160
18	2069160	2072480
18	2072480	2082800
18	2082800	2100960
18	2100960	2102920
18	2102920	2105000
18	2105000	2106680
18	2106680	2109560
18	2109560	2111840
18	2111840	2113120
18	2113120	2114720
18	2114720	2116880
18	2116880	2118200
18	2118200	2118800
18	2118800	2119960
18	2119960	2121000
18	2121000	2122120
18	2122120	2123440
18	2123440	2125320
18	2125320	2126480
18	2126480	2128400
18	2128400	2129680
18	2129680	2131840
18	2131840	2133400
18	2133400	2136560
18	2136560	2138040
18	2138040	2141880
18	2141880	2143480
18	2143480	2145080
18	2145080	2146920
18	2146920	2148400
18	2148400	2149880
18	2149880	2150840
18	2150840	2153160
18	2153160	2154600
18	2154600	2156560
18	2156560	2159120
18	2159120	2160560
18	2160560	2162320
18	2162320	2164240
18	2164240	2165920
18	2165920	2169760
18	2169760	2171720
18	2171720	2173720
18	2173720	2178040
18	2178040	2180040
18	2180040	2182120
18	2182120	2185440
18	2185440	2187280
18	2187280	2192200
18	2192200	2195080
18	2195080	2197160
18	2197160	2203520
19	2203520	2210200
19	2210200	2214680
19	2214680	2230400
19	2230400	2233640
19	2233640	2238440
19	2238440	2239920
19	2239920	2242720
19	2242720	2245400
19	2245400	2248040
19	2248040	2252200
19	2252200	2254000
19	2254000	2260840
19	2260840	2267200
19	2267200	2270840
19	2270840	2278600
19	2278600	2308440
19	2308440	2312800
19	2312800	2316320
19	2316320	2318120
20	2318120	2319440
20	2319440	2320720
20	2320720	2324840
20	2324840	2326000
20	2326000	2334800
20	2334800	2344680
20	2344680	2347080
20	2347080	2351240
20	2351240	2352560
20	2352560	2354360
20	2354360	2359960
20	2359960	2362680
20	2362680	2364840
20	2364840	2367640
20	2367640	2371280
20	2371280	2376520
20	2376520	2405640
20	2405640	2410000
21	2410000	2424880
21	2424880	2428440
21	2428440	2430120
21	2430120	2432280
21	2432280	2434880
21	2434880	2437960
21	2437960	2442320
21	2442320	2448960
21	2448960	2459320
21	2459320	2460640
21	2460640	2462640
21	2462640	2465040
21	2465040	2468520
21	2468520	2471280
21	2471280	2473840
21	2473840	2476920
21	2476920	2482360
21	2482360	2491120
21	2491120	2496960
21	2496960	2503320
21	2503320	2507480
21	2507480	2509760
21	2509760	2512840
21	2512840	2514440
21	2514440	2516560
21	2516560	2520160
21	2520160	2522440
21	2522440	2525480
21	2525480	2533400
21	2533400	2540760
21	2540760	2543080
21	2543080	2544520
21	2544520	2546520
21	2546520	2548760
21	2548760	2551440
21	2551440	2553080
21	2553080	2555120
21	2555120	2557920
21	2557920	2560600
21	2560600	2565120
21	2565120	2569000
21	2569000	2573240
21	2573240	2575760
21	2575760	2580000
21	2580000	2584720
21	2584720	2589480
21	2589480	2595000
21	2595000	2597640
21	2597640	2604680
21	2604680	2607800
21	2607800	2612400
21	2612400	2617120
21	2617120	2620640
21	2620640	2628160
21	2628160	2633960
22	2633960	2670280
23	2670280	2690720
23	2690720	2693680
23	2693680	2695240
23	2695240	2697640
23	2697640	2699320
23	2699320	2705880
23	2705880	2714840
23	2714840	2718280
23	2718280	2720840
23	2720840	2722400
23	2722400	2726200
23	2726200	2732840
23	2732840	2735840
23	2735840	2739840
23	2739840	2745360
23	2745360	2748560
23	2748560	2751040
23	2751040	2753400
23	2753400	2756000
23	2756000	2758440
23	2758440	2763640
23	2763640	2780360
23	2780360	2783080
23	2783080	2785400
23	2785400	2788600
23	2788600	2794680
23	2794680	2799320
24	2799320	2801800
24	2801800	2804280
24	2804280	2805640
24	2805640	2806880
24	2806880	2808520
24	2808520	2811200
24	2811200	2813120
24	2813120	2816560
24	2816560	2817800
24	2817800	2819640
24	2819640	2821360
24	2821360	2823800
24	2823800	2827560
25	2827560	2834320
25	2834320	2836840
25	2836840	2839920
25	2839920	2843640
25	2843640	2849400
25	2849400	2856680
25	2856680	2859400
25	2859400	2861280
25	2861280	2871280
25	2871280	2878200
25	2878200	2881160
25	2881160	2884960
25	2884960	2889440
25	2889440	2891800
25	2891800	2893960
25	2893960	2896760
25	2896760	2899720
25	2899720	2903280
25	2903280	2911360
25	2911360	2913600
25	2913600	2917600
26	2917600	2963840
27	2963840	2968480
27	2968480	2972040
27	2972040	2975160
27	2975160	2978000
27	2978000	2979720
27	2979720	2981720
27	2981720	2989120
27	2989120	2993200
27	2993200	2996160
27	2996160	3001800
27	3001800	3005280
27	3005280	3007800
27	3007800	3009440
27	3009440	3011600
27	3011600	3014000
27	3014000	3016960
27	3016960	3023400
28	3023400	3027200
28	3027200	3030480
28	3030480	3033040
28	3033040	3034800
28	3034800	3037840
28	3037840	3039840
28	3039840	3040440
28	3040440	3041880
28	3041880	3045360
28	3045360	3048640
28	3048640	3050840
28	3050840	3053400
28	3053400	3054520
28	3054520	3055800
28	3055800	3057480
28	3057480	3059760
28	3059760	3061440
28	3061440	3063160
28	3063160	3064360
28	3064360	3068560
28	3068560	3070000
28	3070000	3071800
28	3071800	3075040
28	3075040	3076320
28	3076320	3077320
28	3077320	3078560
28	3078560	3080640
28	3080640	3082600
28	3082600	3083480
28	3083480	3086200
28	3086200	3087520
28	3087520	3089840
28	3089840	3092200
28	3092200	3094040
28	3094040	3095320
28	3095320	3096680
28	3096680	3098320
28	3098320	3101520
28	3101520	3103400
28	3103400	3105160
28	3105160	3107000
28	3107000	3110440
28	3110440	3112280
28	3112280	3115880
28	3115880	3116720
28	3116720	3117560
28	3117560	3119120
28	3119120	3120680
28	3120680	3123200
28	3123200	3124960
28	3124960	3126960
28	3126960	3130280
28	3130280	3132360
28	3132360	3134680
28	3134680	3139840
28	3139840	3141760
28	3141760	3143640
28	3143640	3145320
28	3145320	3151880
28	3151880	3154760
28	3154760	3158240
28	3158240	3161360
28	3161360	3162800
28	3162800	3164400
28	3164400	3165480
28	3165480	3166520
28	3166520	3167560
28	3167560	3171760
28	3171760	3173080
28	3173080	3173680
28	3173680	3174000
28	3174000	3174600
28	3174600	3175320
28	3175320	3178600
28	3178600	3182440
28	3182440	3182880
28	3182880	3183480
28	3183480	3183840
28	3183840	3184720
28	3184720	3186480
28	3186480	3189040
28	3189040	3192160
28	3192160	3193320
28	3193320	3194520
28	3194520	3195520
28	3195520	3196080
28	3196080	3197800
28	3197800	3198520
28	3198520	3199600
28	3199600	3201240
28	3201240	3203000
28	3203000	3203360
28	3203360	3204160
28	3204160	3204840
28	3204840	3206040
28	3206040	3207560
28	3207560	3209280
28	3209280	3210000
28	3210000	3210680
28	3210680	3211240
28	3211240	3212040
28	3212040	3214680
28	3214680	3215320
28	3215320	3216000
28	3216000	3216520
28	3216520	3217160
28	3217160	3219960
28	3219960	3220360
28	3220360	3220640
28	3220640	3221040
28	3221040	3221440
28	3221440	3223400
28	3223400	3226760
29	3226760	3286760
29	3286760	3293560
