shot	start	end
0	0	6760
0	6760	20360
0	20360	22440
0	22440	24480
0	24480	26960
0	26960	28600
0	28600	35800
0	35800	40840
0	40840	46040
0	46040	48200
0	48200	50400
0	50400	52480
0	52480	54560
0	54560	56560
0	56560	65160
0	65160	66760
0	66760	68040
0	68040	85880
0	85880	89640
0	89640	119680
1	119680	124800
1	124800	125680
1	125680	136400
1	136400	140080
1	140080	143280
1	143280	147240
1	147240	152560
1	152560	161160
1	161160	169640
1	169640	176680
1	176680	181960
1	181960	184160
1	184160	187520
1	187520	189120
1	189120	191920
1	191920	195760
1	195760	200200
1	200200	210640
1	210640	228560
1	228560	231400
1	231400	237960
1	237960	243120
1	243120	249840
1	249840	251800
1	251800	254480
1	254480	256560
1	256560	259680
1	259680	264520
1	264520	270880
1	270880	275400
1	275400	279160
1	279160	282720
1	282720	290720
1	290720	294880
1	294880	304680
1	304680	309440
1	309440	311520
1	311520	313920
1	313920	320400
1	320400	326520
1	326520	336760
2	336760	339640
2	339640	346800
2	346800	356200
2	356200	362640
2	362640	369160
2	369160	372160
2	372160	374320
2	374320	375960
2	375960	378920
2	378920	380840
2	380840	383880
2	383880	385920
2	385920	390600
2	390600	393720
2	393720	396760
2	396760	400440
2	400440	402760
2	402760	404520
2	404520	408920
2	408920	410400
2	410400	412560
2	412560	415400
2	415400	428320
2	428320	432560
2	432560	436040
2	436040	439440
3	439440	447560
3	447560	450520
3	450520	454920
3	454920	457200
3	457200	459360
3	459360	461000
3	461000	464840
3	464840	466320
3	466320	468200
3	468200	470520
3	470520	473280
3	473280	477920
3	477920	480520
3	480520	485160
3	485160	487760
3	487760	489520
3	489520	494800
3	494800	496160
3	496160	501960
3	501960	504600
3	504600	506720
3	506720	509320
3	509320	512360
3	512360	521000
3	521000	521480
3	521480	523120
3	523120	530080
3	530080	544960
3	544960	560120
3	560120	561360
3	561360	564440
3	564440	567200
3	567200	569600
3	569600	573360
3	573360	575800
3	575800	588360
3	588360	590880
3	590880	595280
3	595280	597320
3	597320	602000
3	602000	605520
3	605520	608680
3	608680	615760
3	615760	621120
3	621120	627400
3	627400	633080
3	633080	639200
4	639200	642560
4	642560	652480
4	652480	655640
4	655640	657720
4	657720	660440
4	660440	667880
4	667880	673960
4	673960	677120
4	677120	680840
4	680840	686080
4	686080	695920
4	695920	698320
4	698320	705600
4	705600	709800
4	709800	712440
4	712440	715120
4	715120	716480
4	716480	718120
4	718120	730560
4	730560	733960
4	733960	737840
4	737840	741840
4	741840	744360
4	744360	750240
4	750240	754360
4	754360	756800
4	756800	763120
4	763120	768920
5	768920	783520
5	783520	787720
5	787720	790440
5	790440	792000
5	792000	793440
5	793440	796000
5	796000	797840
5	797840	799000
5	799000	801840
5	801840	805240
5	805240	817720
5	817720	828280
5	828280	833400
5	833400	841160
5	841160	863720
6	863720	873320
6	873320	877000
6	877000	880960
6	880960	886840
6	886840	888720
6	888720	889760
6	889760	892760
6	892760	894440
6	894440	898560
6	898560	903040
6	903040	905440
6	905440	906880
6	906880	908360
6	908360	913320
6	913320	916360
6	916360	919240
6	919240	922080
6	922080	932360
6	932360	935400
6	935400	938720
6	938720	948480
6	948480	953000
6	953000	954440
6	954440	960600
6	960600	962560
6	962560	964760
6	964760	967800
6	967800	970560
6	970560	972160
6	972160	974880
7	974880	1001080
7	1001080	1003080
7	1003080	1018400
7	1018400	1023160
7	1023160	1034080
7	1034080	1038360
7	1038360	1044600
7	1044600	1052600
7	1052600	1059280
7	1059280	1064560
7	1064560	1070480
7	1070480	1073880
7	1073880	1078560
7	1078560	1080560
7	1080560	1086520
7	1086520	1090720
7	1090720	1095000
7	1095000	1098040
7	1098040	1101760
7	1101760	1106920
7	1106920	1111440
7	1111440	1113400
7	1113400	1118360
7	1118360	1122280
7	1122280	1125960
7	1125960	1129760
7	1129760	1137600
7	1137600	1141240
7	1141240	1153360
7	1153360	1159320
7	1159320	1165800
7	1165800	1169640
7	1169640	1172640
7	1172640	1175120
7	1175120	1179360
7	1179360	1182120
7	1182120	1187800
7	1187800	1191600
7	1191600	1201080
7	1201080	1205600
7	1205600	1209080
7	1209080	1212480
8	1212480	1225920
8	1225920	1228560
8	1228560	1235520
8	1235520	1237400
8	1237400	1239440
8	1239440	1241240
8	1241240	1242480
8	1242480	1244560
8	1244560	1246360
8	1246360	1248760
8	1248760	1253040
8	1253040	1255120
8	1255120	1256800
8	1256800	1261400
8	1261400	1262200
8	1262200	1264480
8	1264480	1267800
8	1267800	1272200
8	1272200	1276720
8	1276720	1278520
8	1278520	1280400
8	1280400	1282360
8	1282360	1284320
8	1284320	1287320
8	1287320	1291760
8	1291760	1294960
8	1294960	1299680
8	1299680	1302160
8	1302160	1304520
8	1304520	1308680
9	1308680	1329680
9	1329680	1333280
9	1333280	1336240
9	1336240	1338400
9	1338400	1340120
9	1340120	1342800
9	1342800	1345240
9	1345240	1347720
9	1347720	1351440
9	1351440	1353920
9	1353920	1356360
9	1356360	1361920
9	1361920	1363800
9	1363800	1365040
9	1365040	1367240
9	1367240	1369280
9	1369280	1373880
9	1373880	1377560
9	1377560	1384320
9	1384320	1386400
9	1386400	1390000
9	1390000	1393480
9	1393480	1396960
9	1396960	1400160
9	1400160	1403120
9	1403120	1409680
9	1409680	1412600
10	1412600	1418520
10	1418520	1420920
10	1420920	1430200
10	1430200	1433160
10	1433160	1438040
10	1438040	1443880
10	1443880	1451960
10	1451960	1454240
10	1454240	1460840
10	1460840	1462960
10	1462960	1465320
10	1465320	1468840
10	1468840	1471800
10	1471800	1473960
10	1473960	1476480
10	1476480	1478080
10	1478080	1479720
10	1479720	1482840
10	1482840	1488680
10	1488680	1491640
10	1491640	1496600
10	1496600	1499320
10	1499320	1503960
10	1503960	1506320
10	1506320	1512000
10	1512000	1514560
10	1514560	1519120
10	1519120	1521200
10	1521200	1523640
10	1523640	1526880
10	1526880	1529800
10	1529800	1532720
10	1532720	1538120
10	1538120	1540440
10	1540440	1543920
10	1543920	1554040
10	1554040	1559760
11	1559760	1562960
11	1562960	1569520
11	1569520	1578640
11	1578640	1582240
11	1582240	1584760
11	1584760	1589200
11	1589200	1594480
11	1594480	1597680
11	1597680	1599960
11	1599960	1604720
11	1604720	1607920
11	1607920	1611160
11	1611160	1615720
11	1615720	1623520
11	1623520	1624680
11	1624680	1627320
11	1627320	1628680
11	1628680	1638200
11	1638200	1640400
11	1640400	1643080
11	1643080	1649760
11	1649760	1653120
11	1653120	1657720
11	1657720	1664280
11	1664280	1668960
11	1668960	1673600
11	1673600	1678640
11	1678640	1679120
11	1679120	1679720
11	1679720	1681120
11	1681120	1683320
11	1683320	1685440
11	1685440	1687080
11	1687080	1693080
11	1693080	1695280
11	1695280	1697360
11	1697360	1700200
11	1700200	1702480
11	1702480	1706600
11	1706600	1719400
11	1719400	1723600
11	1723600	1726560
11	1726560	1728200
11	1728200	1730840
11	1730840	1741600
11	1741600	1745400
11	1745400	1747840
11	1747840	1750040
11	1750040	1753320
11	1753320	1754600
11	1754600	1758760
11	1758760	1761400
11	1761400	1767880
11	1767880	1772560
11	1772560	1774720
11	1774720	1778400
11	1778400	1780040
11	1780040	1783720
11	1783720	1785360
11	1785360	1788360
11	1788360	1794560
11	1794560	1800440
11	1800440	1802920
11	1802920	1804680
11	1804680	1807760
11	1807760	1811720
11	1811720	1813680
11	1813680	1814880
11	1814880	1816320
11	1816320	1816920
11	1816920	1818360
11	1818360	1819800
11	1819800	1821040
11	1821040	1822440
11	1822440	1822960
11	1822960	1824800
11	1824800	1826400
11	1826400	1829360
11	1829360	1830960
11	1830960	1834560
11	1834560	1837960
11	1837960	1839720
11	1839720	1843440
11	1843440	1845800
11	1845800	1846920
11	1846920	1852240
11	1852240	1853200
11	1853200	1855440
11	1855440	1858320
11	1858320	1860840
11	1860840	1862800
11	1862800	1867360
11	1867360	1869360
11	1869360	1871320
11	1871320	1873040
11	1873040	1875320
11	1875320	1876240
11	1876240	1878160
11	1878160	1878680
11	1878680	1879040
11	1879040	1879480
11	1879480	1880000
11	1880000	1880600
11	1880600	1881120
11	1881120	1883200
11	1883200	1885440
11	1885440	1890240
11	1890240	1914840
12	1914840	1918520
12	1918520	1921400
12	1921400	1922640
12	1922640	1924800
12	1924800	1925360
12	1925360	1926440
12	1926440	1928280
12	1928280	1930840
12	1930840	1932040
12	1932040	1934800
12	1934800	1937080
12	1937080	1939760
12	1939760	1941200
12	1941200	1941880
12	1941880	1943240
12	1943240	1944640
12	1944640	1945040
12	1945040	1945760
12	1945760	1946760
12	1946760	1948000
12	1948000	1948640
12	1948640	1950080
12	1950080	1950720
12	1950720	1952720
12	1952720	1955480
12	1955480	1957680
12	1957680	1958600
12	1958600	1959560
12	1959560	1960280
12	1960280	1960960
12	1960960	1963800
12	1963800	1967240
12	1967240	1970560
12	1970560	1988240
12	1988240	1990160
12	1990160	1993880
12	1993880	1996040
12	1996040	1998360
12	1998360	1999800
12	1999800	2001680
12	2001680	2003360
12	2003360	2007240
13	2007240	2015080
13	2015080	2019760
13	2019760	2021840
13	2021840	2023520
13	2023520	2025520
13	2025520	2027360
13	2027360	2030240
13	2030240	2032000
13	2032000	2034520
13	2034520	2037920
13	2037920	2039840
13	2039840	2041640
13	2041640	2044080
13	2044080	2045760
13	2045760	2048120
13	2048120	2051720
13	2051720	2055920
13	2055920	2061760
13	2061760	2064120
13	2064120	2069800
13	2069800	2073160
13	2073160	2075120
13	2075120	2080440
13	2080440	2086200
13	2086200	2087960
13	2087960	2089120
13	2089120	2092400
13	2092400	2094040
13	2094040	2095600
13	2095600	2097680
13	2097680	2100520
13	2100520	2102880
13	2102880	2105920
13	2105920	2108120
13	2108120	2109840
13	2109840	2111640
13	2111640	2113920
13	2113920	2117680
13	2117680	2122360
13	2122360	2126680
13	2126680	2129640
13	2129640	2133360
13	2133360	2136920
13	2136920	2148280
13	2148280	2150120
13	2150120	2157200
13	2157200	2159360
13	2159360	2161160
13	2161160	2162640
13	2162640	2166480
13	2166480	2168960
13	2168960	2171600
13	2171600	2177200
13	2177200	2178280
13	2178280	2179240
13	2179240	2184320
13	2184320	2186320
13	2186320	2188440
13	2188440	2192160
13	2192160	2194360
13	2194360	2197520
13	2197520	2199480
13	2199480	2201080
13	2201080	2203920
13	2203920	2206040
13	2206040	2212640
13	2212640	2214440
13	2214440	2216840
13	2216840	2218600
13	2218600	2220480
13	2220480	2222400
13	2222400	2224960
13	2224960	2227440
13	2227440	2230720
13	2230720	2232600
13	2232600	2233720
13	2233720	2235160
13	2235160	2236760
13	2236760	2240840
13	2240840	2242600
13	2242600	2245840
13	2245840	2247760
13	2247760	2249280
13	2249280	2251080
13	2251080	2253960
13	2253960	2261920
13	2261920	2266320
13	2266320	2270040
13	2270040	2273040
13	2273040	2280840
13	2280840	2284880
13	2284880	2289360
13	2289360	2295080
13	2295080	2303960
13	2303960	2309880
13	2309880	2317520
13	2317520	2322440
13	2322440	2332800
13	2332800	2342200
13	2342200	2348360
13	2348360	2353560
13	2353560	2357640
13	2357640	2362600
13	2362600	2368320
13	2368320	2374720
13	2374720	2378000
13	2378000	2384120
13	2384120	2389120
13	2389120	2392120
13	2392120	2397880
13	2397880	2402520
13	2402520	2407400
13	2407400	2413320
13	2413320	2420320
13	2420320	2426600
14	2426600	2438800
14	2438800	2451000
14	2451000	2452960
14	2452960	2455520
14	2455520	2457080
14	2457080	2458200
14	2458200	2459720
14	2459720	2462760
14	2462760	2474480
14	2474480	2479080
14	2479080	2482640
15	2482640	2483720
15	2483720	2484400
15	2484400	2485360
15	2485360	2488640
15	2488640	2490960
15	2490960	2494120
15	2494120	2503080
15	2503080	2509720
15	2509720	2511280
15	2511280	2512160
15	2512160	2513240
15	2513240	2514400
15	2514400	2515600
15	2515600	2517000
15	2517000	2520240
15	2520240	2521360
15	2521360	2522640
15	2522640	2523720
15	2523720	2524760
15	2524760	2526760
15	2526760	2528560
15	2528560	2529480
15	2529480	2534680
15	2534680	2538320
15	2538320	2540080
15	2540080	2540720
15	2540720	2541360
15	2541360	2542080
15	2542080	2545000
15	2545000	2560000
16	2560000	2565440
16	2565440	2569640
16	2569640	2577560
16	2577560	2582280
16	2582280	2585360
16	2585360	2590680
16	2590680	2594160
16	2594160	2600920
16	2600920	2603480
16	2603480	2610840
16	2610840	2615520
16	2615520	2617480
16	2617480	2620560
16	2620560	2622600
16	2622600	2625920
16	2625920	2627720
16	2627720	2630960
16	2630960	2633240
16	2633240	2639240
16	2639240	2643640
17	2643640	2654160
17	2654160	2663840
17	2663840	2665480
17	2665480	2669600
17	2669600	2671160
17	2671160	2673200
17	2673200	2676760
17	2676760	2679760
17	2679760	2683600
17	2683600	2687760
17	2687760	2693040
17	2693040	2696360
17	2696360	2699800
17	2699800	2703000
17	2703000	2705240
17	2705240	2707040
17	2707040	2712920
17	2712920	2716400
17	2716400	2718840
17	2718840	2720840
17	2720840	2724280
17	2724280	2727920
17	2727920	2732480
17	2732480	2736040
17	2736040	2739600
17	2739600	2746000
17	2746000	2748160
17	2748160	2751200
17	2751200	2754080
17	2754080	2757800
17	2757800	2760200
17	2760200	2765960
17	2765960	2769120
17	2769120	2774120
17	2774120	2780400
17	2780400	2795240
17	2795240	2805680
17	2805680	2811400
18	2811400	2816480
18	2816480	2817400
18	2817400	2820400
18	2820400	2823080
18	2823080	2824280
18	2824280	2828120
18	2828120	2830800
18	2830800	2832640
18	2832640	2833800
18	2833800	2834760
18	2834760	2837400
18	2837400	2841560
18	2841560	2846920
18	2846920	2850480
18	2850480	2856200
18	2856200	2861880
18	2861880	2862760
18	2862760	2867160
19	2867160	2874840
19	2874840	2881320
19	2881320	2895200
19	2895200	2899600
19	2899600	2904080
19	2904080	2905440
19	2905440	2907920
19	2907920	2911840
19	2911840	2915160
19	2915160	2918200
19	2918200	2920080
19	2920080	2922120
19	2922120	2929560
19	2929560	2931640
19	2931640	2935920
19	2935920	2942560
19	2942560	2943760
19	2943760	2946400
19	2946400	2949080
19	2949080	2953560
19	2953560	2957200
19	2957200	2961520
19	2961520	2963280
19	2963280	2965200
19	2965200	2966520
19	2966520	2972720
19	2972720	2975720
19	2975720	2979200
19	2979200	2982280
19	2982280	2987320
19	2987320	2991280
19	2991280	2995040
19	2995040	2996600
19	2996600	2998280
19	2998280	2999440
19	2999440	3000720
19	3000720	3002400
19	3002400	3004920
19	3004920	3006720
19	3006720	3018600
19	3018600	3019600
19	3019600	3022040
19	3022040	3027720
19	3027720	3030280
19	3030280	3032760
19	3032760	3037880
19	3037880	3043280
19	3043280	3053720
19	3053720	3059720
19	3059720	3061880
19	3061880	3063800
19	3063800	3067360
19	3067360	3072560
19	3072560	3074360
19	3074360	3078720
19	3078720	3081000
19	3081000	3086480
19	3086480	3090200
19	3090200	3093840
19	3093840	3094600
19	3094600	3095960
19	3095960	3097800
19	3097800	3099080
19	3099080	3106600
19	3106600	3108560
19	3108560	3109440
19	3109440	3110480
19	3110480	3111400
19	3111400	3112600
19	3112600	3114080
19	3114080	3115640
19	3115640	3117360
19	3117360	3119000
19	3119000	3119680
19	3119680	3122000
19	3122000	3124560
19	3124560	3126040
19	3126040	3127000
19	3127000	3128920
19	3128920	3130240
19	3130240	3131840
19	3131840	3133640
19	3133640	3135440
19	3135440	3137680
19	3137680	3139360
19	3139360	3142320
19	3142320	3144800
19	3144800	3147600
19	3147600	3150720
19	3150720	3153520
19	3153520	3156720
19	3156720	3158000
19	3158000	3159840
19	3159840	3162520
19	3162520	3167040
19	3167040	3170080
19	3170080	3237960
