shot	start	end
0	0	7160
0	7160	20760
0	20760	22840
0	22840	24880
0	24880	27360
0	27360	29000
0	29000	40320
0	40320	43360
0	43360	45560
0	45560	47640
0	47640	49720
0	49720	51720
0	51720	60320
0	60320	61920
0	61920	63200
0	63200	82000
0	82000	88280
0	88280	116360
1	116360	144840
1	144840	147840
1	147840	149920
1	149920	151560
1	151560	155000
1	155000	161880
1	161880	166240
1	166240	171640
1	171640	173560
1	173560	177040
1	177040	179280
1	179280	186080
1	186080	187880
1	187880	190760
1	190760	199440
1	199440	204800
2	204800	220440
2	220440	233640
2	233640	243120
2	243120	249320
2	249320	252240
2	252240	255560
2	255560	258320
2	258320	263360
2	263360	268320
2	268320	276080
2	276080	281160
3	281160	295360
3	295360	305520
3	305520	310360
3	310360	318080
3	318080	320760
3	320760	324640
3	324640	331120
3	331120	333000
3	333000	335560
3	335560	336760
3	336760	339280
3	339280	342920
3	342920	344840
3	344840	347560
3	347560	350200
3	350200	351640
3	351640	356000
3	356000	358280
3	358280	360400
3	360400	365600
3	365600	374640
4	374640	389640
4	389640	391360
4	391360	393560
4	393560	396480
4	396480	398440
4	398440	399680
4	399680	402520
4	402520	407760
4	407760	410480
4	410480	412560
4	412560	414520
4	414520	415840
4	415840	418880
4	418880	421560
4	421560	425280
4	425280	426880
4	426880	428560
4	428560	430320
4	430320	433440
4	433440	435160
4	435160	437480
4	437480	442800
4	442800	446160
4	446160	447200
4	447200	448600
4	448600	450120
4	450120	451480
4	451480	452440
4	452440	453480
4	453480	454680
4	454680	455400
4	455400	456200
4	456200	457240
4	457240	459200
4	459200	460080
4	460080	464880
4	464880	466240
4	466240	468440
4	468440	475600
4	475600	480440
4	480440	492840
4	492840	496000
4	496000	502000
5	502000	507560
5	507560	510360
5	510360	512480
5	512480	515160
5	515160	517200
5	517200	520480
5	520480	522720
5	522720	524600
5	524600	526280
5	526280	527880
5	527880	529760
5	529760	531520
5	531520	533560
5	533560	535480
5	535480	542880
5	542880	548960
5	548960	556480
5	556480	561560
5	561560	568560
5	568560	573920
5	573920	578720
5	578720	581120
5	581120	584320
5	584320	586160
5	586160	592400
5	592400	594720
5	594720	596720
5	596720	598880
5	598880	605000
5	605000	608680
5	608680	613560
5	613560	615120
5	615120	618680
5	618680	642040
6	642040	656160
6	656160	662440
6	662440	665680
6	665680	668680
6	668680	670200
6	670200	671680
6	671680	673080
6	673080	684240
6	684240	685440
6	685440	688440
6	688440	691120
6	691120	692480
6	692480	693800
6	693800	694920
6	694920	695800
6	695800	697040
6	697040	700880
6	700880	704200
6	704200	710960
6	710960	715240
6	715240	721360
6	721360	723720
6	723720	727640
6	727640	734560
6	734560	736640
6	736640	740120
7	740120	754120
7	754120	758800
7	758800	760600
7	760600	762640
7	762640	764840
7	764840	768360
7	768360	769680
7	769680	771120
7	771120	772880
7	772880	775280
7	775280	777840
7	777840	780080
7	780080	781760
7	781760	783360
7	783360	784760
7	784760	786520
7	786520	788920
7	788920	792920
7	792920	796080
7	796080	798840
7	798840	801640
7	801640	802680
7	802680	805760
7	805760	807960
7	807960	811960
7	811960	815880
7	815880	818560
7	818560	819400
7	819400	820160
7	820160	821680
7	821680	823080
7	823080	824520
7	824520	829080
7	829080	831560
7	831560	832880
7	832880	834720
7	834720	842000
7	842000	843560
7	843560	844840
7	844840	850760
7	850760	853240
7	853240	855720
7	855720	858400
7	858400	867000
7	867000	869920
7	869920	871720
8	871720	874360
8	874360	878200
8	878200	881240
8	881240	883280
8	883280	884880
8	884880	886880
8	886880	893440
8	893440	895240
8	895240	905040
8	905040	907160
8	907160	912840
8	912840	916400
8	916400	935480
8	935480	939080
8	939080	941920
8	941920	946280
8	946280	948560
8	948560	952200
8	952200	955880
8	955880	958640
8	958640	961720
8	961720	967520
8	967520	970800
8	970800	973760
8	973760	975920
8	975920	981000
9	981000	1002280
9	1002280	1008760
9	1008760	1021080
9	1021080	1024760
9	1024760	1031760
9	1031760	1035000
9	1035000	1038880
9	1038880	1041440
9	1041440	1046400
9	1046400	1054480
9	1054480	1059280
9	1059280	1064280
9	1064280	1068360
9	1068360	1075680
9	1075680	1081640
10	1081640	1102680
10	1102680	1105880
10	1105880	1107680
10	1107680	1110520
10	1110520	1113080
10	1113080	1114560
10	1114560	1116160
10	1116160	1118800
10	1118800	1120920
10	1120920	1125000
11	1125000	1136360
11	1136360	1145000
11	1145000	1158240
11	1158240	1162960
11	1162960	1166960
11	1166960	1169840
11	1169840	1173960
11	1173960	1176560
11	1176560	1188000
11	1188000	1198440
11	1198440	1201720
11	1201720	1203480
11	1203480	1209000
11	1209000	1214320
11	1214320	1224200
12	1224200	1242840
12	1242840	1249720
12	1249720	1252160
12	1252160	1254200
12	1254200	1255960
12	1255960	1259320
12	1259320	1262080
12	1262080	1263480
12	1263480	1264760
12	1264760	1266040
12	1266040	1267080
12	1267080	1268160
12	1268160	1272320
12	1272320	1274800
12	1274800	1277040
12	1277040	1279280
12	1279280	1284480
12	1284480	1287880
12	1287880	1292680
12	1292680	1298680
12	1298680	1303600
12	1303600	1305760
12	1305760	1310160
12	1310160	1313280
12	1313280	1315880
12	1315880	1317840
12	1317840	1320920
12	1320920	1327080
12	1327080	1329320
12	1329320	1331840
12	1331840	1334680
12	1334680	1338800
12	1338800	1340640
12	1340640	1347720
12	1347720	1352080
12	1352080	1355160
12	1355160	1357160
12	1357160	1358600
12	1358600	1360760
12	1360760	1364400
12	1364400	1366400
12	1366400	1369160
12	1369160	1370840
12	1370840	1373760
12	1373760	1377960
12	1377960	1385320
12	1385320	1388200
12	1388200	1390760
12	1390760	1394400
12	1394400	1398320
12	1398320	1400200
12	1400200	1406960
12	1406960	1409200
12	1409200	1412560
12	1412560	1415360
13	1415360	1421760
13	1421760	1429720
13	1429720	1446680
13	1446680	1453360
13	1453360	1459480
13	1459480	1474680
14	1474680	1477920
14	1477920	1482440
14	1482440	1488440
14	1488440	1490720
14	1490720	1493960
14	1493960	1497160
14	1497160	1499720
14	1499720	1501920
14	1501920	1505240
14	1505240	1508240
14	1508240	1510320
14	1510320	1513800
14	1513800	1518320
14	1518320	1520960
14	1520960	1523320
14	1523320	1527560
14	1527560	1530560
14	1530560	1533640
14	1533640	1539960
14	1539960	1542960
14	1542960	1549080
14	1549080	1551080
14	1551080	1552840
14	1552840	1554280
14	1554280	1561000
14	1561000	1567120
14	1567120	1571480
14	1571480	1574600
14	1574600	1577440
14	1577440	1579960
14	1579960	1589520
14	1589520	1593880
14	1593880	1598480
14	1598480	1602200
14	1602200	1610080
14	1610080	1614360
14	1614360	1618200
14	1618200	1621760
14	1621760	1626680
14	1626680	1629560
14	1629560	1632440
14	1632440	1634040
14	1634040	1635640
14	1635640	1637680
14	1637680	1641400
14	1641400	1645080
14	1645080	1648640
14	1648640	1651440
15	1651440	1655120
15	1655120	1657160
15	1657160	1667360
15	1667360	1671400
15	1671400	1682160
15	1682160	1686160
15	1686160	1690560
15	1690560	1693160
15	1693160	1698360
15	1698360	1700080
15	1700080	1701680
15	1701680	1703120
15	1703120	1704560
15	1704560	1707760
15	1707760	1710160
15	1710160	1712480
15	1712480	1719920
15	1719920	1723120
15	1723120	1726560
15	1726560	1728000
15	1728000	1731120
15	1731120	1735280
15	1735280	1739520
15	1739520	1741400
15	1741400	1743680
15	1743680	1746280
15	1746280	1749000
15	1749000	1750840
15	1750840	1752640
15	1752640	1754040
15	1754040	1755120
15	1755120	1757240
15	1757240	1762120
15	1762120	1767680
15	1767680	1770440
16	1770440	1776120
16	1776120	1777240
16	1777240	1779240
16	1779240	1780880
16	1780880	1782560
16	1782560	1784320
16	1784320	1785240
16	1785240	1786000
16	1786000	1787200
16	1787200	1787760
16	1787760	1790480
16	1790480	1791560
16	1791560	1793000
16	1793000	1793880
16	1793880	1794480
16	1794480	1795080
16	1795080	1795760
16	1795760	1796600
16	1796600	1797760
16	1797760	1800400
16	1800400	1801800
16	1801800	1802720
16	1802720	1804120
16	1804120	1804560
16	1804560	1805400
16	1805400	1809520
16	1809520	1810280
16	1810280	1811360
16	1811360	1813040
16	1813040	1817000
16	1817000	1822480
16	1822480	1825800
16	1825800	1827960
16	1827960	1831520
16	1831520	1835200
17	1835200	1837720
17	1837720	1841640
17	1841640	1844040
17	1844040	1849480
17	1849480	1854640
17	1854640	1857560
17	1857560	1860480
17	1860480	1861760
17	1861760	1863480
17	1863480	1867320
17	1867320	1868600
17	1868600	1870760
17	1870760	1874720
17	1874720	1887680
17	1887680	1890320
17	1890320	1891600
17	1891600	1893720
17	1893720	1897240
17	1897240	1900440
17	1900440	1904880
17	1904880	1912880
17	1912880	1914600
17	1914600	1917120
17	1917120	1919360
17	1919360	1926000
17	1926000	1932080
17	1932080	1934680
17	1934680	1936920
17	1936920	1939920
17	1939920	1943240
18	1943240	1956800
18	1956800	1958880
18	1958880	1962560
18	1962560	1964960
18	1964960	1971040
18	1971040	1974280
19	1974280	1977040
19	1977040	1985560
19	1985560	1998400
19	1998400	2011920
19	2011920	2014720
19	2014720	2017760
19	2017760	2037960
19	2037960	2049400
20	2049400	2052720
20	2052720	2059760
20	2059760	2061120
20	2061120	2065000
20	2065000	2066600
20	2066600	2069480
20	2069480	2072120
20	2072120	2073720
20	2073720	2076040
20	2076040	2078440
20	2078440	2081720
20	2081720	2083960
20	2083960	2085480
20	2085480	2087880
20	2087880	2089520
20	2089520	2092480
20	2092480	2094440
20	2094440	2096200
20	2096200	2098560
20	2098560	2099920
20	2099920	2102160
20	2102160	2105440
20	2105440	2107560
20	2107560	2109520
20	2109520	2111960
20	2111960	2115400
20	2115400	2116680
20	2116680	2118560
20	2118560	2119840
20	2119840	2120840
20	2120840	2122120
20	2122120	2123160
20	2123160	2124240
20	2124240	2125440
20	2125440	2127320
20	2127320	2130720
20	2130720	2133040
20	2133040	2135960
20	2135960	2137280
20	2137280	2139640
20	2139640	2141840
20	2141840	2146240
20	2146240	2151880
20	2151880	2154640
21	2154640	2204800
21	2204800	2207960
21	2207960	2211920
21	2211920	2213960
21	2213960	2220160
21	2220160	2222320
21	2222320	2223800
21	2223800	2225920
21	2225920	2227760
21	2227760	2231240
21	2231240	2236440
21	2236440	2240080
21	2240080	2252800
21	2252800	2258120
21	2258120	2261360
21	2261360	2264160
21	2264160	2266920
21	2266920	2269640
21	2269640	2275720
21	2275720	2278160
21	2278160	2281280
21	2281280	2282400
21	2282400	2286880
21	2286880	2291920
21	2291920	2297400
21	2297400	2303760
22	2303760	2328640
22	2328640	2331640
22	2331640	2334280
22	2334280	2336800
22	2336800	2339240
22	2339240	2343400
22	2343400	2346600
22	2346600	2349440
22	2349440	2352400
22	2352400	2354480
22	2354480	2358080
22	2358080	2361760
22	2361760	2365440
22	2365440	2368600
22	2368600	2371080
22	2371080	2372800
22	2372800	2374360
22	2374360	2384640
22	2384640	2389360
22	2389360	2396520
22	2396520	2401760
22	2401760	2409520
22	2409520	2428080
23	2428080	2442880
23	2442880	2449600
23	2449600	2455360
23	2455360	2458080
23	2458080	2462000
23	2462000	2463680
23	2463680	2466920
23	2466920	2468760
23	2468760	2470360
23	2470360	2472320
23	2472320	2475520
23	2475520	2477280
23	2477280	2479800
23	2479800	2483440
23	2483440	2485040
23	2485040	2487400
23	2487400	2490320
23	2490320	2493800
23	2493800	2496600
23	2496600	2498280
23	2498280	2499440
23	2499440	2500960
23	2500960	2501920
23	2501920	2504240
23	2504240	2505840
23	2505840	2507160
23	2507160	2512480
23	2512480	2519080
23	2519080	2524920
23	2524920	2526880
23	2526880	2535160
24	2535160	2537200
24	2537200	2538560
24	2538560	2541320
24	2541320	2568360
24	2568360	2573600
24	2573600	2575720
24	2575720	2576320
24	2576320	2576520
24	2576520	2578280
24	2578280	2579840
24	2579840	2582120
24	2582120	2583600
24	2583600	2586120
24	2586120	2587920
24	2587920	2589080
24	2589080	2589960
24	2589960	2591520
24	2591520	2593200
24	2593200	2594000
24	2594000	2595520
24	2595520	2596440
24	2596440	2597560
24	2597560	2598520
24	2598520	2600480
24	2600480	2606320
24	2606320	2609680
24	2609680	2613520
24	2613520	2615800
24	2615800	2618560
24	2618560	2620080
24	2620080	2621440
24	2621440	2624240
24	2624240	2627720
24	2627720	2629520
24	2629520	2630880
24	2630880	2631960
24	2631960	2632480
24	2632480	2632840
24	2632840	2633560
24	2633560	2634640
24	2634640	2635400
24	2635400	2636480
24	2636480	2637880
24	2637880	2638520
24	2638520	2639680
24	2639680	2640440
24	2640440	2641120
24	2641120	2642400
24	2642400	2643520
24	2643520	2644560
24	2644560	2645840
24	2645840	2646240
24	2646240	2646880
24	2646880	2647520
24	2647520	2648280
24	2648280	2648920
24	2648920	2649280
24	2649280	2650760
24	2650760	2652280
24	2652280	2653960
24	2653960	2655400
24	2655400	2657320
24	2657320	2658600
24	2658600	2659800
24	2659800	2662040
24	2662040	2663960
24	2663960	2665760
24	2665760	2667280
24	2667280	2668800
24	2668800	2672120
24	2672120	2673560
24	2673560	2674920
24	2674920	2677600
24	2677600	2681920
24	2681920	2683320
24	2683320	2685160
24	2685160	2686880
24	2686880	2691120
25	2691120	2695760
25	2695760	2696760
25	2696760	2698880
25	2698880	2700120
25	2700120	2703640
25	2703640	2705400
25	2705400	2708040
25	2708040	2709560
25	2709560	2710480
25	2710480	2711480
25	2711480	2713880
25	2713880	2714720
25	2714720	2716800
25	2716800	2719080
25	2719080	2721040
25	2721040	2722440
25	2722440	2724080
25	2724080	2725600
25	2725600	2726880
25	2726880	2728680
25	2728680	2732200
25	2732200	2736640
25	2736640	2740400
26	2740400	2777000
26	2777000	2784720
26	2784720	2786880
26	2786880	2791960
26	2791960	2793640
26	2793640	2795720
26	2795720	2798920
26	2798920	2800960
26	2800960	2805360
26	2805360	2807360
26	2807360	2811800
26	2811800	2815640
26	2815640	2816800
26	2816800	2818600
26	2818600	2820360
26	2820360	2822280
26	2822280	2823800
26	2823800	2825320
26	2825320	2826240
26	2826240	2827000
26	2827000	2827600
26	2827600	2829680
26	2829680	2831080
26	2831080	2832600
26	2832600	2834800
26	2834800	2836920
26	2836920	2838440
26	2838440	2839640
26	2839640	2843000
26	2843000	2845280
26	2845280	2854480
26	2854480	2856280
26	2856280	2861320
26	2861320	2863760
26	2863760	2865680
26	2865680	2867280
26	2867280	2869320
26	2869320	2871160
26	2871160	2875120
26	2875120	2877960
26	2877960	2880920
26	2880920	2882320
26	2882320	2883320
26	2883320	2884640
26	2884640	2885680
26	2885680	2887040
26	2887040	2888880
26	2888880	2891120
26	2891120	2892480
26	2892480	2896080
26	2896080	2898760
26	2898760	2900080
26	2900080	2901600
26	2901600	2905000
26	2905000	2907520
26	2907520	2909560
26	2909560	2911520
26	2911520	2913720
26	2913720	2915520
26	2915520	2917000
26	2917000	2920200
26	2920200	2922280
26	2922280	2926760
26	2926760	2931000
26	2931000	2932560
26	2932560	2934520
26	2934520	2937400
26	2937400	2942720
26	2942720	2949560
26	2949560	2951240
26	2951240	2953080
26	2953080	2954920
26	2954920	2956920
26	2956920	2958280
26	2958280	2959400
26	2959400	2960760
26	2960760	2964480
26	2964480	2967120
26	2967120	2968520
26	2968520	2969880
26	2969880	2971720
26	2971720	2979120
26	2979120	2981760
26	2981760	2984120
26	2984120	2988560
26	2988560	2990680
26	2990680	2997520
26	2997520	2999400
26	2999400	3015400
27	3015400	3025480
27	3025480	3028520
27	3028520	3032080
27	3032080	3038360
27	3038360	3045120
28	3045120	3055480
28	3055480	3082440
28	3082440	3097880
28	3097880	3107320
28	3107320	3181600
