shot	start	end
0	0	6760
0	6760	20360
0	20360	22440
0	22440	24480
0	24480	26960
0	26960	28600
0	28600	35960
0	35960	41960
0	41960	50360
0	50360	52520
0	52520	54720
0	54720	56800
0	56800	58880
0	58880	60880
0	60880	69480
0	69480	71080
0	71080	72360
0	72360	90200
0	90200	93960
0	93960	113240
1	113240	115480
1	115480	119480
1	119480	135160
1	135160	141240
1	141240	143160
1	143160	149000
1	149000	151400
1	151400	154520
1	154520	158880
1	158880	160680
1	160680	169280
1	169280	175600
1	175600	180120
1	180120	184200
1	184200	195160
1	195160	198160
1	198160	201200
1	201200	202360
1	202360	206200
1	206200	212400
1	212400	216240
1	216240	217680
1	217680	222120
1	222120	224240
1	224240	228320
1	228320	229800
1	229800	231720
1	231720	237880
1	237880	241920
1	241920	255680
1	255680	257440
1	257440	258880
1	258880	267080
1	267080	269280
1	269280	271560
1	271560	278200
1	278200	281240
1	281240	285320
1	285320	287120
1	287120	296080
1	296080	298200
1	298200	300520
1	300520	303720
1	303720	305920
1	305920	309480
1	309480	319320
1	319320	323760
1	323760	327200
1	327200	331800
1	331800	339800
1	339800	344920
1	344920	347360
1	347360	349040
1	349040	353000
1	353000	357760
1	357760	359560
1	359560	362520
1	362520	365120
1	365120	368960
1	368960	373640
1	373640	379400
2	379400	383080
2	383080	385480
2	385480	386520
2	386520	388400
2	388400	393400
2	393400	396200
2	396200	399480
2	399480	403720
2	403720	408800
2	408800	412280
2	412280	419120
2	419120	422640
2	422640	424440
2	424440	426240
2	426240	434480
2	434480	436640
2	436640	439400
2	439400	442240
2	442240	444600
2	444600	446960
2	446960	451880
2	451880	455000
2	455000	460360
2	460360	463120
2	463120	466280
2	466280	468360
2	468360	478640
2	478640	481000
2	481000	489320
2	489320	492600
2	492600	496200
2	496200	502400
2	502400	513920
2	513920	516200
2	516200	520320
2	520320	524080
2	524080	529240
2	529240	536960
2	536960	542520
2	542520	544080
2	544080	546600
2	546600	551760
2	551760	553160
3	553160	568400
3	568400	574680
3	574680	578400
3	578400	582160
3	582160	586120
3	586120	590480
3	590480	592960
3	592960	596480
3	596480	598320
3	598320	599600
3	599600	601920
3	601920	603880
3	603880	605800
3	605800	609000
3	609000	610040
3	610040	612880
3	612880	615000
3	615000	616280
3	616280	619120
3	619120	622640
3	622640	625280
3	625280	626120
3	626120	633800
3	633800	635800
3	635800	640360
3	640360	653800
3	653800	660680
3	660680	663640
3	663640	669400
3	669400	675080
3	675080	680240
3	680240	683320
3	683320	684960
3	684960	689520
3	689520	693920
3	693920	697840
3	697840	699240
3	699240	703360
3	703360	705520
3	705520	709440
3	709440	712800
3	712800	714520
3	714520	719000
3	719000	721560
3	721560	724600
3	724600	728200
3	728200	731680
3	731680	732600
3	732600	735840
3	735840	741440
3	741440	745040
3	745040	750480
3	750480	755800
3	755800	759440
3	759440	761560
3	761560	765360
3	765360	769120
3	769120	772800
3	772800	775760
3	775760	777520
3	777520	778680
3	778680	780480
3	780480	783160
3	783160	785800
3	785800	788080
3	788080	789960
3	789960	791560
3	791560	793320
3	793320	796760
3	796760	798600
3	798600	801600
3	801600	804440
3	804440	806880
3	806880	809560
3	809560	814160
3	814160	817320
3	817320	823560
3	823560	825600
3	825600	828080
3	828080	830040
3	830040	835240
3	835240	839960
3	839960	842920
3	842920	844360
4	844360	860520
4	860520	866480
4	866480	870160
4	870160	875400
4	875400	879920
4	879920	883480
4	883480	887720
4	887720	890400
4	890400	898440
4	898440	900840
4	900840	904360
4	904360	906920
4	906920	910400
4	910400	912200
4	912200	918440
4	918440	926200
4	926200	929400
4	929400	930960
4	930960	933880
4	933880	935800
4	935800	938560
4	938560	940200
4	940200	944560
4	944560	948960
4	948960	963360
4	963360	965320
4	965320	968440
4	968440	970480
4	970480	972720
4	972720	975320
4	975320	977400
4	977400	978560
4	978560	979600
4	979600	980840
4	980840	982000
4	982000	983240
4	983240	985160
4	985160	987760
4	987760	990400
4	990400	991760
4	991760	994880
4	994880	1001680
4	1001680	1003440
4	1003440	1004520
4	1004520	1006440
4	1006440	1009720
4	1009720	1011200
4	1011200	1013000
4	1013000	1016960
4	1016960	1021840
4	1021840	1024680
4	1024680	1028800
4	1028800	1030600
4	1030600	1034560
4	1034560	1036680
4	1036680	1039040
4	1039040	1040840
4	1040840	1043120
4	1043120	1047280
4	1047280	1053440
4	1053440	1055240
4	1055240	1058000
5	1058000	1065760
5	1065760	1068200
5	1068200	1069720
5	1069720	1071520
5	1071520	1074440
5	1074440	1077520
5	1077520	1086680
5	1086680	1089240
5	1089240	1094720
5	1094720	1096480
5	1096480	1103040
5	1103040	1104640
5	1104640	1105840
5	1105840	1107480
5	1107480	1110600
5	1110600	1112960
5	1112960	1114880
5	1114880	1119720
5	1119720	1128440
5	1128440	1130440
5	1130440	1132040
5	1132040	1135040
5	1135040	1136080
5	1136080	1140160
5	1140160	1142520
5	1142520	1143960
5	1143960	1146560
5	1146560	1147640
5	1147640	1149600
5	1149600	1150800
6	1150800	1152240
6	1152240	1154840
6	1154840	1155920
6	1155920	1158680
6	1158680	1160160
6	1160160	1161560
6	1161560	1164760
7	1164760	1170320
7	1170320	1172200
7	1172200	1175160
7	1175160	1177160
7	1177160	1181120
7	1181120	1185480
7	1185480	1187200
7	1187200	1189680
7	1189680	1191760
7	1191760	1193400
7	1193400	1194960
7	1194960	1198000
7	1198000	1199360
7	1199360	1201360
7	1201360	1203880
7	1203880	1211480
7	1211480	1213120
7	1213120	1214760
7	1214760	1218800
7	1218800	1220200
7	1220200	1221800
7	1221800	1223480
7	1223480	1225920
7	1225920	1227280
7	1227280	1229480
7	1229480	1231240
7	1231240	1236400
7	1236400	1238400
7	1238400	1240880
7	1240880	1245800
7	1245800	1248160
7	1248160	1249840
7	1249840	1251520
7	1251520	1253960
7	1253960	1255880
7	1255880	1258440
7	1258440	1260360
7	1260360	1263400
7	1263400	1265120
7	1265120	1267840
7	1267840	1268880
7	1268880	1271040
7	1271040	1272520
7	1272520	1273360
7	1273360	1274920
7	1274920	1275880
7	1275880	1278880
7	1278880	1280600
7	1280600	1285360
7	1285360	1287760
7	1287760	1305800
7	1305800	1309760
7	1309760	1312280
7	1312280	1320240
7	1320240	1324000
7	1324000	1329360
7	1329360	1335840
7	1335840	1342160
7	1342160	1346440
7	1346440	1348560
7	1348560	1355920
7	1355920	1357760
7	1357760	1361400
7	1361400	1364560
7	1364560	1370560
7	1370560	1373000
7	1373000	1380040
7	1380040	1384800
7	1384800	1391640
7	1391640	1396920
7	1396920	1401760
7	1401760	1404200
7	1404200	1411120
7	1411120	1415120
7	1415120	1417520
7	1417520	1419200
7	1419200	1420800
7	1420800	1428280
7	1428280	1437560
7	1437560	1440880
7	1440880	1445200
7	1445200	1447160
8	1447160	1474400
8	1474400	1476800
8	1476800	1478320
8	1478320	1484040
8	1484040	1493680
8	1493680	1496240
8	1496240	1499040
8	1499040	1504680
8	1504680	1507040
8	1507040	1508400
8	1508400	1514040
8	1514040	1516480
8	1516480	1522200
8	1522200	1524480
8	1524480	1527760
8	1527760	1529240
8	1529240	1530800
8	1530800	1535840
8	1535840	1539960
9	1539960	1585360
9	1585360	1587520
9	1587520	1589920
9	1589920	1596480
9	1596480	1599680
9	1599680	1605480
9	1605480	1607280
9	1607280	1611200
9	1611200	1619240
9	1619240	1623040
9	1623040	1624840
9	1624840	1626400
9	1626400	1628120
9	1628120	1631040
9	1631040	1633840
9	1633840	1638000
9	1638000	1644640
9	1644640	1650280
9	1650280	1653680
9	1653680	1656360
9	1656360	1657760
9	1657760	1662320
9	1662320	1664360
9	1664360	1668800
9	1668800	1670040
9	1670040	1681320
10	1681320	1684560
10	1684560	1687520
10	1687520	1688320
10	1688320	1692560
10	1692560	1694560
10	1694560	1698160
10	1698160	1700600
10	1700600	1712920
11	1712920	1725360
11	1725360	1728840
11	1728840	1731800
11	1731800	1734760
11	1734760	1736360
11	1736360	1738320
11	1738320	1740200
11	1740200	1741520
11	1741520	1742680
11	1742680	1745800
11	1745800	1748640
11	1748640	1750040
11	1750040	1753760
11	1753760	1756320
11	1756320	1757680
11	1757680	1759520
11	1759520	1760360
11	1760360	1764520
11	1764520	1765640
11	1765640	1766560
11	1766560	1767880
11	1767880	1770280
11	1770280	1771800
11	1771800	1775080
11	1775080	1778280
11	1778280	1781720
11	1781720	1784360
11	1784360	1785400
11	1785400	1786640
11	1786640	1789000
11	1789000	1789800
11	1789800	1790800
11	1790800	1792600
11	1792600	1793400
11	1793400	1794440
11	1794440	1796440
11	1796440	1797640
11	1797640	1798720
11	1798720	1799760
11	1799760	1803320
11	1803320	1806360
11	1806360	1808200
11	1808200	1809520
11	1809520	1812800
11	1812800	1813760
11	1813760	1815400
11	1815400	1817920
11	1817920	1819520
11	1819520	1821920
11	1821920	1823760
11	1823760	1824880
11	1824880	1826040
11	1826040	1828680
11	1828680	1834000
11	1834000	1836280
11	1836280	1837120
11	1837120	1838240
11	1838240	1838960
11	1838960	1842720
11	1842720	1843920
11	1843920	1845400
11	1845400	1846080
11	1846080	1846880
11	1846880	1850680
11	1850680	1851800
11	1851800	1853440
11	1853440	1855200
11	1855200	1856920
11	1856920	1857880
11	1857880	1859520
11	1859520	1861400
11	1861400	1862520
11	1862520	1864880
11	1864880	1865880
11	1865880	1867000
11	1867000	1868160
11	1868160	1869400
11	1869400	1871480
12	1871480	1872040
12	1872040	1872760
12	1872760	1873560
12	1873560	1874680
12	1874680	1875320
12	1875320	1876040
12	1876040	1876640
12	1876640	1877400
12	1877400	1877640
12	1877640	1879040
12	1879040	1880400
12	1880400	1881160
12	1881160	1882040
12	1882040	1882720
12	1882720	1883960
12	1883960	1887080
12	1887080	1889200
12	1889200	1895840
13	1895840	1902840
13	1902840	1916440
13	1916440	1921000
13	1921000	1924800
13	1924800	1927800
13	1927800	1930200
13	1930200	1933120
13	1933120	1935080
13	1935080	1938040
13	1938040	1945280
13	1945280	1951720
13	1951720	1959040
13	1959040	1961600
13	1961600	1968760
13	1968760	1971920
13	1971920	1973080
13	1973080	1980000
13	1980000	1985840
13	1985840	1992240
13	1992240	1996240
13	1996240	2001240
13	2001240	2002640
13	2002640	2005320
13	2005320	2007120
13	2007120	2008680
13	2008680	2011200
13	2011200	2013000
13	2013000	2014400
13	2014400	2015520
13	2015520	2018120
13	2018120	2019280
13	2019280	2020560
13	2020560	2022200
13	2022200	2024360
13	2024360	2028080
13	2028080	2032120
13	2032120	2034640
13	2034640	2036760
13	2036760	2039120
13	2039120	2043360
13	2043360	2044680
13	2044680	2046680
13	2046680	2047600
13	2047600	2048720
13	2048720	2050600
13	2050600	2053480
13	2053480	2058000
13	2058000	2060800
13	2060800	2065920
13	2065920	2068360
13	2068360	2070800
13	2070800	2072920
13	2072920	2074320
13	2074320	2081000
13	2081000	2082640
13	2082640	2084560
13	2084560	2086480
13	2086480	2094360
13	2094360	2098800
13	2098800	2101760
13	2101760	2104120
13	2104120	2108320
13	2108320	2110120
13	2110120	2112680
13	2112680	2116400
13	2116400	2118200
13	2118200	2121600
13	2121600	2124280
13	2124280	2127840
13	2127840	2132000
13	2132000	2139120
13	2139120	2142000
13	2142000	2144040
14	2144040	2147560
14	2147560	2150640
14	2150640	2153840
14	2153840	2157720
14	2157720	2160320
14	2160320	2162320
14	2162320	2163200
14	2163200	2166520
14	2166520	2168880
14	2168880	2170760
14	2170760	2174320
14	2174320	2177360
14	2177360	2178960
14	2178960	2184000
14	2184000	2188160
14	2188160	2191880
14	2191880	2193640
14	2193640	2198160
14	2198160	2200680
14	2200680	2204880
14	2204880	2206920
14	2206920	2212480
15	2212480	2218280
15	2218280	2220120
15	2220120	2221320
15	2221320	2222560
15	2222560	2224640
15	2224640	2226040
15	2226040	2228240
15	2228240	2234080
15	2234080	2236000
15	2236000	2238040
15	2238040	2241840
15	2241840	2246640
15	2246640	2248480
15	2248480	2249680
15	2249680	2251240
15	2251240	2254840
15	2254840	2258760
15	2258760	2263560
15	2263560	2268280
15	2268280	2277000
15	2277000	2281880
15	2281880	2285640
15	2285640	2287240
15	2287240	2289360
15	2289360	2298680
15	2298680	2302800
15	2302800	2305360
15	2305360	2307000
15	2307000	2310040
15	2310040	2311800
15	2311800	2314280
16	2314280	2315880
16	2315880	2318880
16	2318880	2321280
16	2321280	2324360
16	2324360	2326280
16	2326280	2333240
16	2333240	2336400
16	2336400	2340320
16	2340320	2342440
16	2342440	2345560
16	2345560	2347440
16	2347440	2360520
16	2360520	2368400
16	2368400	2374880
16	2374880	2378840
16	2378840	2382840
16	2382840	2389280
16	2389280	2394160
16	2394160	2396720
16	2396720	2398600
16	2398600	2400600
16	2400600	2405040
16	2405040	2407200
16	2407200	2410000
16	2410000	2412640
16	2412640	2415040
16	2415040	2417400
16	2417400	2421440
16	2421440	2422440
16	2422440	2429000
16	2429000	2430680
16	2430680	2436240
17	2436240	2441160
17	2441160	2444600
17	2444600	2449800
17	2449800	2453800
17	2453800	2455160
17	2455160	2459600
17	2459600	2461840
17	2461840	2463520
17	2463520	2468000
17	2468000	2469880
17	2469880	2472960
17	2472960	2474680
17	2474680	2480240
17	2480240	2488560
17	2488560	2491080
17	2491080	2492920
17	2492920	2496240
17	2496240	2500480
17	2500480	2503200
17	2503200	2506200
17	2506200	2507240
17	2507240	2513160
17	2513160	2516280
17	2516280	2518440
17	2518440	2520200
17	2520200	2523280
17	2523280	2524880
17	2524880	2527080
17	2527080	2529600
17	2529600	2531680
17	2531680	2533880
17	2533880	2538920
17	2538920	2545000
17	2545000	2547520
17	2547520	2550640
17	2550640	2555400
17	2555400	2557440
17	2557440	2566120
17	2566120	2568440
17	2568440	2569560
17	2569560	2571720
17	2571720	2574920
17	2574920	2577480
17	2577480	2581120
17	2581120	2584600
17	2584600	2589640
17	2589640	2591120
17	2591120	2593040
17	2593040	2598520
17	2598520	2603480
17	2603480	2612240
17	2612240	2615400
17	2615400	2618680
17	2618680	2623520
17	2623520	2626920
17	2626920	2628840
17	2628840	2632680
17	2632680	2634440
17	2634440	2637040
18	2637040	2643360
18	2643360	2650280
18	2650280	2655560
18	2655560	2663040
18	2663040	2665600
18	2665600	2670040
18	2670040	2673560
18	2673560	2678920
18	2678920	2682880
18	2682880	2687400
18	2687400	2695720
18	2695720	2699880
18	2699880	2703920
18	2703920	2710000
18	2710000	2714640
18	2714640	2720480
18	2720480	2724200
18	2724200	2727400
18	2727400	2730760
18	2730760	2732560
18	2732560	2734200
18	2734200	2739600
18	2739600	2740800
18	2740800	2742600
18	2742600	2743240
18	2743240	2744840
18	2744840	2746200
18	2746200	2748000
18	2748000	2751880
18	2751880	2753040
18	2753040	2755240
18	2755240	2757160
18	2757160	2759320
19	2759320	2773400
19	2773400	2782000
19	2782000	2784200
19	2784200	2790680
19	2790680	2796440
19	2796440	2798600
19	2798600	2800720
19	2800720	2806640
19	2806640	2809880
19	2809880	2812320
19	2812320	2815160
19	2815160	2817840
19	2817840	2823280
19	2823280	2824360
19	2824360	2826400
19	2826400	2828520
19	2828520	2830280
19	2830280	2833200
19	2833200	2840320
19	2840320	2842680
19	2842680	2843560
19	2843560	2844200
19	2844200	2845680
19	2845680	2846480
19	2846480	2847800
19	2847800	2848600
19	2848600	2849680
19	2849680	2851920
19	2851920	2853920
19	2853920	2855520
19	2855520	2856560
19	2856560	2858360
19	2858360	2861040
19	2861040	2862640
19	2862640	2865400
19	2865400	2868840
19	2868840	2870560
19	2870560	2873880
19	2873880	2875680
19	2875680	2883280
19	2883280	2887320
19	2887320	2891200
19	2891200	2894120
19	2894120	2898000
19	2898000	2901680
19	2901680	2905760
19	2905760	2907520
19	2907520	2910680
19	2910680	2914800
19	2914800	2916040
19	2916040	2917400
19	2917400	2920080
19	2920080	2928120
19	2928120	2930360
19	2930360	2931720
19	2931720	2932600
19	2932600	2935120
19	2935120	2940480
19	2940480	2941200
19	2941200	2942360
19	2942360	2943360
19	2943360	2944360
19	2944360	2948880
19	2948880	2949800
19	2949800	2951200
19	2951200	2952000
19	2952000	2953200
19	2953200	2956720
19	2956720	2957760
19	2957760	2958400
19	2958400	2959400
19	2959400	2960960
19	2960960	2962280
19	2962280	2964200
19	2964200	2966280
19	2966280	2968080
19	2968080	2970280
20	2970280	2973000
20	2973000	2977920
20	2977920	2986960
20	2986960	2990680
21	2990680	2991520
21	2991520	2992120
21	2992120	2992800
21	2992800	2996480
21	2996480	2999480
21	2999480	3009760
21	3009760	3014360
21	3014360	3018520
21	3018520	3022040
21	3022040	3023360
21	3023360	3027160
21	3027160	3029040
21	3029040	3031120
21	3031120	3033000
21	3033000	3036520
21	3036520	3038320
21	3038320	3039320
21	3039320	3040640
21	3040640	3041720
21	3041720	3043360
21	3043360	3048240
22	3048240	3061480
22	3061480	3070720
22	3070720	3074960
22	3074960	3080120
22	3080120	3083120
22	3083120	3087120
22	3087120	3089920
22	3089920	3094240
22	3094240	3098200
22	3098200	3100280
22	3100280	3102320
22	3102320	3104120
22	3104120	3105960
22	3105960	3107680
22	3107680	3110280
22	3110280	3113360
22	3113360	3114960
22	3114960	3116520
22	3116520	3118560
22	3118560	3119880
22	3119880	3121360
22	3121360	3124040
22	3124040	3126440
22	3126440	3128720
22	3128720	3131920
22	3131920	3134000
22	3134000	3139680
22	3139680	3141200
22	3141200	3145800
22	3145800	3147840
22	3147840	3151920
22	3151920	3153080
22	3153080	3155160
22	3155160	3163360
22	3163360	3164880
22	3164880	3166560
22	3166560	3171720
22	3171720	3173000
22	3173000	3176080
22	3176080	3177360
22	3177360	3178760
22	3178760	3180280
22	3180280	3181640
22	3181640	3183360
22	3183360	3186000
22	3186000	3187040
22	3187040	3189320
22	3189320	3192200
22	3192200	3193800
22	3193800	3195120
22	3195120	3197560
22	3197560	3202480
22	3202480	3203320
22	3203320	3204200
22	3204200	3206000
22	3206000	3207080
22	3207080	3208440
22	3208440	3210160
22	3210160	3211800
22	3211800	3213000
22	3213000	3214440
22	3214440	3215520
22	3215520	3216840
22	3216840	3218160
22	3218160	3219440
22	3219440	3221960
22	3221960	3223040
22	3223040	3223960
22	3223960	3225000
22	3225000	3227000
22	3227000	3228480
22	3228480	3229760
22	3229760	3231080
22	3231080	3232840
22	3232840	3234480
22	3234480	3235400
22	3235400	3236080
22	3236080	3237000
22	3237000	3238200
22	3238200	3239560
22	3239560	3242720
22	3242720	3244120
22	3244120	3245360
22	3245360	3247720
22	3247720	3248480
22	3248480	3249360
22	3249360	3249800
22	3249800	3250360
22	3250360	3251520
22	3251520	3252360
22	3252360	3252800
22	3252800	3253680
22	3253680	3254160
22	3254160	3254600
22	3254600	3255120
22	3255120	3255840
22	3255840	3261640
23	3261640	3325120
