shot	start	end
0	0	6760
0	6760	10160
0	10160	20360
0	20360	22440
0	22440	24480
0	24480	26960
0	26960	28600
0	28600	35960
0	35960	41960
0	41960	50360
0	50360	52520
0	52520	54720
0	54720	56800
0	56800	58880
0	58880	60880
0	60880	69480
0	69480	71080
0	71080	72360
0	72360	90200
0	90200	93960
0	93960	109120
1	109120	113400
1	113400	117200
1	117200	121880
1	121880	124520
1	124520	132400
1	132400	149600
1	149600	157880
1	157880	165760
1	165760	169080
2	169080	221880
2	221880	223120
2	223120	224520
2	224520	227360
2	227360	230600
2	230600	234200
2	234200	240520
2	240520	242480
2	242480	246560
2	246560	248800
2	248800	250960
2	250960	253080
2	253080	254320
2	254320	255240
2	255240	256360
2	256360	258120
2	258120	260880
2	260880	262960
2	262960	265240
2	265240	266320
2	266320	267680
2	267680	268680
2	268680	270320
2	270320	271120
2	271120	272120
2	272120	273200
2	273200	274720
2	274720	275760
2	275760	277080
2	277080	280560
2	280560	282200
2	282200	286640
2	286640	289240
2	289240	291960
2	291960	294760
2	294760	297640
2	297640	300560
2	300560	302840
2	302840	305080
2	305080	306760
2	306760	311640
2	311640	313560
2	313560	315840
2	315840	319600
2	319600	323280
2	323280	328040
2	328040	331760
2	331760	335160
2	335160	338120
2	338120	340680
2	340680	347320
2	347320	349720
2	349720	354720
2	354720	360920
2	360920	362280
2	362280	365120
2	365120	368200
3	368200	370920
3	370920	375040
3	375040	376840
3	376840	379320
3	379320	381360
3	381360	385600
3	385600	388800
3	388800	390200
3	390200	391120
3	391120	393240
3	393240	395080
3	395080	396200
3	396200	397920
3	397920	399320
3	399320	401320
3	401320	402200
3	402200	403320
3	403320	404120
3	404120	405840
3	405840	407520
3	407520	409880
3	409880	412360
3	412360	415560
3	415560	418320
3	418320	420160
3	420160	422600
3	422600	424080
3	424080	425520
3	425520	427800
3	427800	429400
3	429400	431400
3	431400	433080
3	433080	434360
3	434360	436360
3	436360	439160
3	439160	440720
3	440720	442120
3	442120	444360
3	444360	445400
3	445400	448760
3	448760	450440
3	450440	451560
3	451560	453120
3	453120	454640
3	454640	456760
3	456760	460800
3	460800	461480
3	461480	462000
3	462000	463840
3	463840	464920
3	464920	466200
3	466200	466920
3	466920	467800
3	467800	468680
3	468680	469080
3	469080	469400
3	469400	469760
3	469760	470240
3	470240	471240
3	471240	472080
3	472080	472760
3	472760	473760
3	473760	474680
3	474680	475520
3	475520	476800
3	476800	477800
3	477800	478920
3	478920	480280
3	480280	481640
3	481640	483640
3	483640	487200
3	487200	488520
3	488520	491520
3	491520	493000
3	493000	494040
3	494040	499160
3	499160	500880
3	500880	503320
3	503320	505320
3	505320	508120
3	508120	508760
3	508760	510440
3	510440	512560
3	512560	513960
3	513960	515000
3	515000	517840
3	517840	519320
3	519320	520120
3	520120	520880
3	520880	522120
3	522120	523080
3	523080	523480
3	523480	523960
3	523960	524480
3	524480	525280
3	525280	526800
3	526800	527320
3	527320	528280
3	528280	528600
3	528600	529240
3	529240	529960
3	529960	530920
3	530920	531920
3	531920	533960
3	533960	534760
3	534760	535680
3	535680	536240
3	536240	536640
3	536640	537680
3	537680	538400
3	538400	539200
3	539200	540320
3	540320	541560
3	541560	543520
3	543520	545840
3	545840	546920
3	546920	547320
3	547320	547920
3	547920	548880
3	548880	550760
3	550760	552640
3	552640	553520
3	553520	554480
3	554480	555680
3	555680	557000
3	557000	558440
3	558440	560040
3	560040	560840
3	560840	561960
3	561960	565200
3	565200	570240
3	570240	571600
3	571600	572920
3	572920	574680
3	574680	576600
3	576600	579000
3	579000	581640
3	581640	582600
3	582600	584120
3	584120	585560
3	585560	588560
3	588560	590440
3	590440	597240
4	597240	601920
4	601920	603720
4	603720	605400
4	605400	609000
4	609000	610200
4	610200	611040
4	611040	612560
4	612560	615840
4	615840	619440
4	619440	621720
4	621720	624000
4	624000	626360
4	626360	627720
4	627720	629360
4	629360	632080
4	632080	634120
4	634120	636320
4	636320	637600
4	637600	638760
4	638760	640240
4	640240	642360
4	642360	646960
4	646960	649840
4	649840	651680
4	651680	657400
4	657400	659160
4	659160	662080
4	662080	665240
4	665240	666600
4	666600	668400
4	668400	671680
4	671680	672680
4	672680	676160
4	676160	678160
4	678160	680320
4	680320	682440
4	682440	684360
4	684360	684880
4	684880	685960
4	685960	686600
4	686600	687120
4	687120	688240
4	688240	688840
4	688840	689480
4	689480	690600
4	690600	692360
4	692360	693520
4	693520	694640
4	694640	695800
4	695800	697400
4	697400	698520
4	698520	699280
4	699280	700120
4	700120	701880
4	701880	703040
4	703040	704400
4	704400	705880
4	705880	706920
4	706920	707840
4	707840	708880
4	708880	710560
4	710560	711760
4	711760	713040
4	713040	716920
4	716920	718360
4	718360	719520
4	719520	720320
4	720320	721640
4	721640	722680
4	722680	723280
4	723280	724920
4	724920	725960
4	725960	727600
4	727600	728920
4	728920	730600
4	730600	731840
4	731840	732600
4	732600	733320
4	733320	733920
4	733920	734960
4	734960	736000
4	736000	736760
4	736760	737280
4	737280	738800
4	738800	741080
4	741080	742320
4	742320	743200
4	743200	743760
4	743760	744160
4	744160	744680
4	744680	745120
4	745120	746600
4	746600	748040
4	748040	748640
4	748640	749360
4	749360	749840
4	749840	750600
4	750600	753160
4	753160	754200
4	754200	757680
4	757680	759120
4	759120	764560
4	764560	768440
4	768440	770760
4	770760	776040
4	776040	778640
4	778640	779960
4	779960	783040
4	783040	787240
5	787240	788560
5	788560	789720
5	789720	790880
5	790880	792480
5	792480	793760
5	793760	795600
5	795600	797080
5	797080	798760
5	798760	799720
5	799720	800840
5	800840	801840
5	801840	803960
5	803960	805160
5	805160	807560
5	807560	808840
5	808840	811400
5	811400	813560
5	813560	815000
5	815000	817040
5	817040	818000
5	818000	819240
5	819240	820600
5	820600	822520
5	822520	823800
5	823800	825080
5	825080	827560
5	827560	838960
5	838960	841560
5	841560	842560
5	842560	844120
5	844120	846480
5	846480	848880
5	848880	850360
5	850360	852880
5	852880	853880
5	853880	856160
5	856160	860440
5	860440	863720
5	863720	869520
5	869520	873840
5	873840	877760
5	877760	882520
5	882520	887240
5	887240	889640
5	889640	891600
5	891600	894680
5	894680	897880
5	897880	900680
5	900680	902800
5	902800	905280
5	905280	907720
5	907720	909440
5	909440	911320
5	911320	913880
5	913880	916280
5	916280	918600
5	918600	920880
5	920880	924080
5	924080	925920
5	925920	931160
5	931160	933360
5	933360	934280
5	934280	936040
6	936040	952720
6	952720	958840
6	958840	963320
6	963320	969920
6	969920	982280
6	982280	1000440
6	1000440	1004560
6	1004560	1007080
6	1007080	1009160
6	1009160	1010000
6	1010000	1010400
6	1010400	1023160
6	1023160	1025600
6	1025600	1032960
6	1032960	1035400
7	1035400	1044800
7	1044800	1045960
7	1045960	1047240
7	1047240	1048680
8	1048680	1051040
8	1051040	1052880
8	1052880	1054640
8	1054640	1057560
8	1057560	1059640
8	1059640	1062600
8	1062600	1065440
8	1065440	1066680
8	1066680	1067880
8	1067880	1069040
8	1069040	1070880
8	1070880	1072360
8	1072360	1074200
8	1074200	1076800
8	1076800	1079040
8	1079040	1080600
8	1080600	1085080
8	1085080	1089160
8	1089160	1095760
8	1095760	1098760
8	1098760	1100920
8	1100920	1102920
8	1102920	1108800
8	1108800	1111920
8	1111920	1114200
8	1114200	1117800
8	1117800	1121160
8	1121160	1125640
8	1125640	1129360
8	1129360	1132000
8	1132000	1138320
8	1138320	1142640
8	1142640	1143960
8	1143960	1145360
8	1145360	1148760
8	1148760	1153600
8	1153600	1164280
8	1164280	1168000
8	1168000	1177120
8	1177120	1180920
8	1180920	1184120
8	1184120	1188360
8	1188360	1192240
8	1192240	1196320
9	1196320	1208320
9	1208320	1211600
9	1211600	1214480
9	1214480	1223720
9	1223720	1226360
9	1226360	1229760
9	1229760	1235400
9	1235400	1245360
9	1245360	1249120
9	1249120	1252360
9	1252360	1254440
9	1254440	1258920
9	1258920	1262240
9	1262240	1264640
9	1264640	1268040
9	1268040	1271640
9	1271640	1275040
9	1275040	1277000
9	1277000	1282760
10	1282760	1288280
10	1288280	1291720
10	1291720	1294640
10	1294640	1299560
10	1299560	1303120
10	1303120	1305560
10	1305560	1307280
10	1307280	1308640
10	1308640	1312560
10	1312560	1315280
10	1315280	1318080
10	1318080	1319920
10	1319920	1321600
10	1321600	1328640
10	1328640	1333920
10	1333920	1342440
10	1342440	1345600
10	1345600	1350920
10	1350920	1355120
10	1355120	1360280
10	1360280	1364360
10	1364360	1366680
10	1366680	1370160
10	1370160	1375160
10	1375160	1385120
10	1385120	1390720
10	1390720	1394000
10	1394000	1398400
10	1398400	1401360
10	1401360	1406160
10	1406160	1410000
10	1410000	1418800
10	1418800	1420280
10	1420280	1421640
10	1421640	1425520
10	1425520	1428280
10	1428280	1432440
10	1432440	1435160
10	1435160	1440240
10	1440240	1442800
10	1442800	1445720
10	1445720	1449040
10	1449040	1453440
10	1453440	1458000
10	1458000	1461640
10	1461640	1465520
10	1465520	1467400
10	1467400	1468440
10	1468440	1471680
10	1471680	1473680
10	1473680	1477120
10	1477120	1478640
10	1478640	1480160
10	1480160	1482960
10	1482960	1485480
10	1485480	1487400
11	1487400	1501920
11	1501920	1505840
11	1505840	1510880
11	1510880	1513600
11	1513600	1516240
11	1516240	1518160
11	1518160	1520360
11	1520360	1522240
11	1522240	1524920
11	1524920	1526720
11	1526720	1530760
11	1530760	1532480
11	1532480	1535720
11	1535720	1538000
11	1538000	1540480
11	1540480	1542040
11	1542040	1546000
12	1546000	1547720
12	1547720	1550240
12	1550240	1555440
12	1555440	1556560
12	1556560	1559280
12	1559280	1560000
12	1560000	1562600
12	1562600	1565480
12	1565480	1567240
12	1567240	1569600
12	1569600	1570960
12	1570960	1572640
12	1572640	1575080
12	1575080	1575800
12	1575800	1578240
12	1578240	1579520
12	1579520	1582640
12	1582640	1589080
12	1589080	1590680
12	1590680	1592200
12	1592200	1594000
12	1594000	1595880
12	1595880	1597480
12	1597480	1599360
12	1599360	1601080
12	1601080	1604440
12	1604440	1608040
12	1608040	1610280
12	1610280	1613280
12	1613280	1616280
12	1616280	1617440
12	1617440	1619200
12	1619200	1621680
12	1621680	1623320
12	1623320	1626800
12	1626800	1628320
12	1628320	1630760
12	1630760	1639080
12	1639080	1644480
12	1644480	1660160
12	1660160	1661440
12	1661440	1663680
12	1663680	1666880
12	1666880	1669160
12	1669160	1670800
12	1670800	1672760
13	1672760	1676000
13	1676000	1679560
13	1679560	1682920
13	1682920	1686240
13	1686240	1688000
13	1688000	1691000
13	1691000	1694880
13	1694880	1697040
13	1697040	1700320
13	1700320	1702640
13	1702640	1704520
13	1704520	1706720
13	1706720	1708800
13	1708800	1715000
13	1715000	1719680
13	1719680	1722960
13	1722960	1727960
13	1727960	1729520
13	1729520	1739480
14	1739480	1742000
14	1742000	1744200
14	1744200	1747440
14	1747440	1749680
14	1749680	1752960
14	1752960	1757240
14	1757240	1759080
14	1759080	1762560
14	1762560	1767480
14	1767480	1772200
14	1772200	1774240
14	1774240	1776160
14	1776160	1778360
14	1778360	1780160
14	1780160	1781240
14	1781240	1793080
14	1793080	1795440
14	1795440	1798360
14	1798360	1800120
14	1800120	1804080
14	1804080	1807360
14	1807360	1810640
14	1810640	1814040
14	1814040	1816840
14	1816840	1818280
14	1818280	1820640
14	1820640	1823200
14	1823200	1827840
14	1827840	1831640
14	1831640	1834680
14	1834680	1839120
14	1839120	1847280
14	1847280	1854520
14	1854520	1859320
14	1859320	1863040
14	1863040	1867360
14	1867360	1869600
14	1869600	1874400
14	1874400	1876720
14	1876720	1879720
14	1879720	1882400
14	1882400	1885520
14	1885520	1891160
14	1891160	1896040
14	1896040	1899760
14	1899760	1902280
14	1902280	1905800
14	1905800	1909720
14	1909720	1913360
14	1913360	1916880
14	1916880	1920920
14	1920920	1925000
14	1925000	1929680
14	1929680	1933000
14	1933000	1938560
14	1938560	1945120
14	1945120	1948160
14	1948160	1950840
14	1950840	1953040
14	1953040	1954680
14	1954680	1962400
14	1962400	1970240
15	1970240	1971680
15	1971680	1973560
15	1973560	1975840
15	1975840	1977200
15	1977200	1979520
15	1979520	1981120
15	1981120	1983800
15	1983800	1985800
15	1985800	1988400
15	1988400	1991160
15	1991160	1993520
15	1993520	1996080
15	1996080	1999200
15	1999200	2003680
15	2003680	2012920
15	2012920	2016040
15	2016040	2017440
15	2017440	2019560
15	2019560	2020920
15	2020920	2022600
15	2022600	2027240
16	2027240	2029720
16	2029720	2032600
16	2032600	2035440
16	2035440	2037240
16	2037240	2041240
16	2041240	2045000
16	2045000	2046600
16	2046600	2049560
16	2049560	2051720
16	2051720	2053480
16	2053480	2056080
16	2056080	2058520
16	2058520	2059160
16	2059160	2060840
16	2060840	2064240
16	2064240	2066640
16	2066640	2068800
16	2068800	2069920
16	2069920	2072120
16	2072120	2074120
16	2074120	2078320
16	2078320	2080400
16	2080400	2084920
16	2084920	2088600
16	2088600	2093760
16	2093760	2101760
16	2101760	2104160
16	2104160	2108320
16	2108320	2112680
16	2112680	2115440
16	2115440	2117880
16	2117880	2120480
16	2120480	2123680
16	2123680	2125720
16	2125720	2127160
16	2127160	2129120
16	2129120	2132120
16	2132120	2134880
16	2134880	2137480
16	2137480	2141280
17	2141280	2152040
17	2152040	2160000
17	2160000	2163880
17	2163880	2166520
17	2166520	2181000
18	2181000	2189480
18	2189480	2191720
18	2191720	2193080
18	2193080	2195560
18	2195560	2198200
18	2198200	2203760
18	2203760	2209200
18	2209200	2212120
18	2212120	2214240
18	2214240	2217440
18	2217440	2222280
18	2222280	2229160
18	2229160	2239600
18	2239600	2247760
18	2247760	2249200
18	2249200	2251880
18	2251880	2254200
18	2254200	2258240
18	2258240	2269320
18	2269320	2284320
18	2284320	2287800
18	2287800	2289200
18	2289200	2295120
18	2295120	2297680
18	2297680	2300960
18	2300960	2311800
18	2311800	2325800
18	2325800	2328160
18	2328160	2333640
18	2333640	2335040
18	2335040	2340280
18	2340280	2341400
18	2341400	2342880
18	2342880	2343920
18	2343920	2344880
18	2344880	2345280
18	2345280	2345760
18	2345760	2346680
18	2346680	2348160
18	2348160	2351800
18	2351800	2355080
18	2355080	2357720
18	2357720	2361160
18	2361160	2363200
18	2363200	2366520
18	2366520	2367720
18	2367720	2378800
18	2378800	2381840
18	2381840	2384080
18	2384080	2386240
18	2386240	2387560
18	2387560	2388760
18	2388760	2389440
18	2389440	2390960
18	2390960	2392840
18	2392840	2399240
18	2399240	2407840
19	2407840	2410560
19	2410560	2415480
19	2415480	2420000
19	2420000	2427280
19	2427280	2431880
19	2431880	2439320
19	2439320	2447840
19	2447840	2460200
19	2460200	2465200
19	2465200	2467280
19	2467280	2478800
19	2478800	2486680
19	2486680	2495200
19	2495200	2501520
19	2501520	2508800
19	2508800	2514520
19	2514520	2518800
19	2518800	2523920
19	2523920	2528240
19	2528240	2532040
19	2532040	2534400
19	2534400	2546280
19	2546280	2552520
19	2552520	2554680
19	2554680	2560560
19	2560560	2562800
19	2562800	2564440
19	2564440	2567440
19	2567440	2569880
19	2569880	2571640
19	2571640	2573920
19	2573920	2580080
19	2580080	2585400
19	2585400	2592560
19	2592560	2596360
19	2596360	2598000
19	2598000	2600720
19	2600720	2605920
19	2605920	2610640
19	2610640	2613000
19	2613000	2616440
19	2616440	2619520
19	2619520	2623000
19	2623000	2626840
19	2626840	2628760
19	2628760	2631640
19	2631640	2635480
19	2635480	2639280
19	2639280	2642760
19	2642760	2652480
19	2652480	2657840
19	2657840	2666280
19	2666280	2670800
19	2670800	2673600
19	2673600	2675600
19	2675600	2682400
19	2682400	2688600
19	2688600	2691080
19	2691080	2695280
19	2695280	2704440
19	2704440	2714400
19	2714400	2718920
19	2718920	2721840
19	2721840	2728320
19	2728320	2734120
19	2734120	2738320
19	2738320	2744760
19	2744760	2760440
19	2760440	2771160
20	2771160	2801960
20	2801960	2804040
20	2804040	2805880
20	2805880	2812960
20	2812960	2819360
20	2819360	2821440
20	2821440	2825240
20	2825240	2829680
20	2829680	2834840
20	2834840	2840560
20	2840560	2843080
20	2843080	2845480
20	2845480	2847360
20	2847360	2849360
20	2849360	2851360
20	2851360	2853240
20	2853240	2854920
20	2854920	2857240
20	2857240	2860120
20	2860120	2861600
20	2861600	2863400
20	2863400	2866200
20	2866200	2870800
21	2870800	2877840
21	2877840	2881280
21	2881280	2884440
21	2884440	2886120
21	2886120	2889840
21	2889840	2891760
21	2891760	2893680
21	2893680	2896240
21	2896240	2898320
21	2898320	2899440
21	2899440	2900760
21	2900760	2904880
21	2904880	2907720
21	2907720	2909520
21	2909520	2911600
21	2911600	2913200
21	2913200	2918040
21	2918040	2920280
21	2920280	2922280
21	2922280	2922840
21	2922840	2923440
21	2923440	2925440
21	2925440	2926840
21	2926840	2932760
21	2932760	2935160
21	2935160	2941520
21	2941520	2945320
21	2945320	2950440
21	2950440	2951320
21	2951320	2952000
21	2952000	2952800
21	2952800	2953240
21	2953240	2954160
21	2954160	2954520
21	2954520	2955000
21	2955000	2955520
21	2955520	2956040
21	2956040	2956360
21	2956360	2957000
21	2957000	2958120
21	2958120	2959520
21	2959520	2959880
21	2959880	2961000
21	2961000	2961880
21	2961880	2963160
21	2963160	2963680
21	2963680	2964320
21	2964320	2965080
21	2965080	2966960
21	2966960	2970400
21	2970400	2971080
21	2971080	2972880
21	2972880	2974920
21	2974920	2977960
21	2977960	2980960
21	2980960	2982400
21	2982400	2983320
21	2983320	2984160
21	2984160	2984640
21	2984640	2985560
21	2985560	2986080
21	2986080	2986480
21	2986480	2987320
21	2987320	2987880
21	2987880	2988840
21	2988840	2989480
21	2989480	2992240
21	2992240	2994040
21	2994040	2995040
21	2995040	2995600
21	2995600	2995960
21	2995960	2996800
21	2996800	2997440
21	2997440	2998000
21	2998000	2998720
21	2998720	3000600
21	3000600	3000960
21	3000960	3001560
21	3001560	3002280
21	3002280	3002560
21	3002560	3003560
21	3003560	3003920
21	3003920	3004640
21	3004640	3005320
21	3005320	3006080
21	3006080	3006920
21	3006920	3008520
21	3008520	3009040
21	3009040	3010480
21	3010480	3011240
21	3011240	3012600
21	3012600	3014000
21	3014000	3015040
21	3015040	3016400
21	3016400	3016960
21	3016960	3017760
21	3017760	3018760
21	3018760	3019320
21	3019320	3020840
21	3020840	3022600
21	3022600	3023800
21	3023800	3025160
21	3025160	3026720
21	3026720	3028280
21	3028280	3028800
21	3028800	3032240
21	3032240	3034920
21	3034920	3036920
21	3036920	3041840
21	3041840	3046040
21	3046040	3048240
21	3048240	3056320
22	3056320	3123120
