shot	start	end
0	0	6760
0	6760	12080
0	12080	20360
0	20360	22440
0	22440	24480
0	24480	26960
0	26960	28600
0	28600	39920
0	39920	42960
0	42960	45160
0	45160	47240
0	47240	49320
0	49320	51320
0	51320	59920
0	59920	61520
0	61520	62800
0	62800	81600
0	81600	87880
0	87880	116840
1	116840	125240
1	125240	127040
1	127040	129360
1	129360	130880
1	130880	132080
1	132080	136240
1	136240	140240
1	140240	141720
1	141720	147040
1	147040	152200
1	152200	155560
1	155560	157160
1	157160	158040
1	158040	161640
1	161640	162640
1	162640	164560
1	164560	166440
1	166440	168720
2	168720	172360
2	172360	176240
2	176240	178480
2	178480	181640
2	181640	184120
2	184120	186880
2	186880	190880
2	190880	194240
2	194240	195800
2	195800	211600
2	211600	214320
2	214320	218080
2	218080	225680
3	225680	235960
3	235960	243280
3	243280	250160
3	250160	256320
3	256320	257840
3	257840	262320
3	262320	262840
3	262840	264000
3	264000	265480
3	265480	267080
3	267080	268040
3	268040	273120
3	273120	276200
3	276200	278680
3	278680	281160
3	281160	283880
3	283880	285560
3	285560	289040
3	289040	293880
3	293880	297720
4	297720	309760
4	309760	316280
4	316280	324080
5	324080	331400
5	331400	335640
5	335640	340560
5	340560	350600
5	350600	361920
5	361920	367120
5	367120	378760
5	378760	380760
5	380760	382880
5	382880	384880
5	384880	386040
5	386040	394120
5	394120	397800
5	397800	399840
5	399840	406160
5	406160	407560
5	407560	439000
6	439000	455360
6	455360	468960
6	468960	473600
6	473600	480840
6	480840	484600
6	484600	490760
6	490760	499760
6	499760	507360
6	507360	509520
6	509520	512680
6	512680	516280
6	516280	518440
6	518440	522640
6	522640	527440
6	527440	530080
6	530080	532080
6	532080	535880
6	535880	538680
6	538680	542280
6	542280	543400
6	543400	544800
6	544800	546360
6	546360	547640
6	547640	550920
6	550920	554680
6	554680	556080
6	556080	561440
6	561440	564000
6	564000	569040
6	569040	574280
6	574280	576640
6	576640	578360
6	578360	583280
6	583280	590040
6	590040	591640
6	591640	597440
7	597440	605800
7	605800	606800
7	606800	608080
7	608080	609240
7	609240	610920
7	610920	614160
7	614160	616720
7	616720	618880
7	618880	620400
7	620400	625360
7	625360	628440
7	628440	632520
7	632520	634360
7	634360	636520
7	636520	643320
7	643320	646520
7	646520	649160
7	649160	655800
7	655800	658280
7	658280	660600
7	660600	663120
7	663120	664960
7	664960	667200
7	667200	669240
7	669240	673200
7	673200	675720
7	675720	676720
7	676720	679040
7	679040	686840
7	686840	688160
7	688160	688760
7	688760	692120
7	692120	695680
7	695680	701000
7	701000	705240
7	705240	707640
7	707640	708720
7	708720	711240
7	711240	713440
7	713440	720520
7	720520	723920
7	723920	728760
7	728760	730960
7	730960	733320
7	733320	734880
7	734880	739800
7	739800	751040
8	751040	764840
8	764840	769760
8	769760	777840
8	777840	779400
8	779400	788960
8	788960	793200
8	793200	798120
8	798120	800280
8	800280	804040
8	804040	807960
8	807960	809560
8	809560	812080
8	812080	816120
8	816120	819040
8	819040	819920
8	819920	821520
8	821520	824560
8	824560	826560
8	826560	828640
8	828640	836200
8	836200	837840
8	837840	840400
8	840400	845960
8	845960	847360
8	847360	849240
8	849240	850800
8	850800	852240
8	852240	853400
8	853400	856800
8	856800	864360
8	864360	866600
8	866600	867400
8	867400	868880
8	868880	870520
8	870520	871840
8	871840	875280
8	875280	876160
8	876160	878000
8	878000	881080
8	881080	886600
9	886600	898920
9	898920	905160
9	905160	916520
9	916520	921640
9	921640	923920
9	923920	927680
9	927680	929400
9	929400	932160
9	932160	936360
9	936360	939560
9	939560	944960
9	944960	950840
9	950840	954000
9	954000	957040
9	957040	963160
9	963160	967960
9	967960	972360
9	972360	976240
9	976240	982600
9	982600	987200
9	987200	991720
9	991720	997120
9	997120	1004280
9	1004280	1013200
9	1013200	1014640
9	1014640	1019440
9	1019440	1023840
9	1023840	1027320
9	1027320	1035280
9	1035280	1039200
9	1039200	1044520
9	1044520	1045760
9	1045760	1048680
9	1048680	1056480
10	1056480	1088320
11	1088320	1091840
11	1091840	1099480
11	1099480	1103320
11	1103320	1106720
11	1106720	1110840
11	1110840	1114360
11	1114360	1121760
11	1121760	1128040
11	1128040	1133560
11	1133560	1135920
11	1135920	1139120
11	1139120	1144640
11	1144640	1150160
11	1150160	1152280
11	1152280	1155600
11	1155600	1158920
11	1158920	1163720
11	1163720	1167320
11	1167320	1171040
11	1171040	1173960
11	1173960	1177920
11	1177920	1182480
11	1182480	1193400
11	1193400	1202000
11	1202000	1210640
11	1210640	1215560
11	1215560	1225240
11	1225240	1228000
11	1228000	1231000
11	1231000	1234640
11	1234640	1239600
11	1239600	1244400
11	1244400	1246080
11	1246080	1248080
11	1248080	1250720
11	1250720	1254000
11	1254000	1258400
11	1258400	1264560
11	1264560	1273520
12	1273520	1278000
12	1278000	1290320
12	1290320	1292680
12	1292680	1295600
12	1295600	1299080
12	1299080	1302480
12	1302480	1305600
12	1305600	1309760
12	1309760	1317520
12	1317520	1319320
12	1319320	1322120
12	1322120	1325960
12	1325960	1329560
12	1329560	1333200
12	1333200	1335320
12	1335320	1338720
12	1338720	1342760
12	1342760	1346920
12	1346920	1350960
12	1350960	1353640
12	1353640	1358840
12	1358840	1364360
12	1364360	1367280
12	1367280	1372560
12	1372560	1376200
12	1376200	1377920
12	1377920	1379280
12	1379280	1381440
13	1381440	1391960
13	1391960	1406960
13	1406960	1412200
13	1412200	1415800
13	1415800	1418160
13	1418160	1420520
13	1420520	1422200
13	1422200	1424320
13	1424320	1426640
13	1426640	1430840
13	1430840	1438720
13	1438720	1441000
13	1441000	1444200
13	1444200	1446520
13	1446520	1450000
13	1450000	1456960
13	1456960	1462680
13	1462680	1466320
13	1466320	1471760
13	1471760	1475200
13	1475200	1483760
13	1483760	1487240
13	1487240	1497280
13	1497280	1502920
13	1502920	1506760
13	1506760	1510240
13	1510240	1521240
13	1521240	1526360
13	1526360	1532960
13	1532960	1534800
13	1534800	1539160
13	1539160	1542920
13	1542920	1546880
13	1546880	1550480
13	1550480	1555600
14	1555600	1575120
14	1575120	1583080
14	1583080	1585440
14	1585440	1592120
14	1592120	1593240
14	1593240	1594120
14	1594120	1595320
14	1595320	1595840
14	1595840	1596600
14	1596600	1610200
15	1610200	1612880
15	1612880	1615000
15	1615000	1619960
15	1619960	1622520
15	1622520	1625640
15	1625640	1627400
15	1627400	1629880
15	1629880	1631640
15	1631640	1632680
15	1632680	1637640
15	1637640	1639640
15	1639640	1645160
15	1645160	1659960
15	1659960	1665560
15	1665560	1668480
15	1668480	1672920
15	1672920	1675200
15	1675200	1678720
15	1678720	1684160
15	1684160	1687240
15	1687240	1688520
15	1688520	1690680
16	1690680	1694160
16	1694160	1696680
16	1696680	1699000
16	1699000	1701200
16	1701200	1703080
16	1703080	1704520
16	1704520	1706280
16	1706280	1709000
16	1709000	1710480
16	1710480	1714360
16	1714360	1715800
16	1715800	1723040
16	1723040	1725520
16	1725520	1729080
16	1729080	1731320
16	1731320	1733600
16	1733600	1735520
16	1735520	1740520
16	1740520	1742160
16	1742160	1752280
16	1752280	1754680
16	1754680	1758800
16	1758800	1761920
16	1761920	1765640
16	1765640	1768800
16	1768800	1780000
16	1780000	1784880
16	1784880	1788160
16	1788160	1791320
16	1791320	1798920
16	1798920	1808440
17	1808440	1819760
17	1819760	1829400
17	1829400	1834920
17	1834920	1850800
17	1850800	1859760
17	1859760	1872960
17	1872960	1922240
17	1922240	1934160
17	1934160	1940160
17	1940160	1955920
18	1955920	1962600
18	1962600	1980120
18	1980120	1990320
18	1990320	2004000
18	2004000	2019960
18	2019960	2035480
18	2035480	2049800
18	2049800	2056920
18	2056920	2063840
18	2063840	2068920
18	2068920	2073800
18	2073800	2088760
18	2088760	2092200
18	2092200	2097720
18	2097720	2099600
18	2099600	2103920
18	2103920	2109880
18	2109880	2116000
18	2116000	2134360
18	2134360	2138360
18	2138360	2140920
18	2140920	2151560
19	2151560	2181400
19	2181400	2187560
19	2187560	2191880
19	2191880	2204120
19	2204120	2224280
19	2224280	2231840
19	2231840	2234720
19	2234720	2237560
19	2237560	2242000
19	2242000	2245160
19	2245160	2246840
19	2246840	2248040
19	2248040	2251560
19	2251560	2257600
19	2257600	2258920
19	2258920	2260320
19	2260320	2262680
19	2262680	2271840
20	2271840	2289040
20	2289040	2305480
20	2305480	2309880
20	2309880	2314480
20	2314480	2319640
20	2319640	2321280
20	2321280	2323440
20	2323440	2324880
20	2324880	2326880
20	2326880	2329320
20	2329320	2330840
20	2330840	2331960
20	2331960	2338360
20	2338360	2338960
20	2338960	2339520
20	2339520	2340120
20	2340120	2341960
20	2341960	2344000
20	2344000	2346040
20	2346040	2349800
20	2349800	2351200
20	2351200	2352840
20	2352840	2355960
20	2355960	2357600
20	2357600	2358760
20	2358760	2360560
20	2360560	2362280
20	2362280	2364880
20	2364880	2368720
20	2368720	2370680
20	2370680	2372520
20	2372520	2373920
20	2373920	2377600
20	2377600	2380360
20	2380360	2382600
20	2382600	2384280
20	2384280	2388200
20	2388200	2390120
20	2390120	2397280
20	2397280	2406000
20	2406000	2407520
20	2407520	2413200
20	2413200	2417440
20	2417440	2424360
20	2424360	2427400
20	2427400	2431760
20	2431760	2438560
20	2438560	2449320
21	2449320	2458280
21	2458280	2463960
21	2463960	2470400
21	2470400	2472520
21	2472520	2477400
21	2477400	2478600
21	2478600	2481040
21	2481040	2483320
21	2483320	2486240
21	2486240	2487960
21	2487960	2492120
21	2492120	2493960
21	2493960	2495560
21	2495560	2498040
21	2498040	2506040
21	2506040	2510280
21	2510280	2514120
21	2514120	2516840
21	2516840	2520240
21	2520240	2522480
21	2522480	2525840
21	2525840	2529800
21	2529800	2535960
21	2535960	2539560
21	2539560	2543320
21	2543320	2548440
21	2548440	2556240
21	2556240	2558280
21	2558280	2561240
22	2561240	2571320
22	2571320	2574680
22	2574680	2579400
22	2579400	2583920
22	2583920	2592520
22	2592520	2596160
22	2596160	2605320
23	2605320	2618320
23	2618320	2624280
23	2624280	2634520
23	2634520	2640920
23	2640920	2643160
23	2643160	2646320
23	2646320	2651200
23	2651200	2659920
23	2659920	2663200
23	2663200	2669320
23	2669320	2673640
23	2673640	2681240
23	2681240	2692480
23	2692480	2694880
23	2694880	2704200
23	2704200	2707680
23	2707680	2713600
23	2713600	2715600
23	2715600	2718040
23	2718040	2720320
23	2720320	2722240
23	2722240	2727280
23	2727280	2738400
23	2738400	2740200
23	2740200	2742600
23	2742600	2751080
23	2751080	2761800
23	2761800	2763680
23	2763680	2766760
23	2766760	2773240
23	2773240	2774800
23	2774800	2777560
23	2777560	2782360
23	2782360	2796120
23	2796120	2802680
23	2802680	2805400
23	2805400	2808640
23	2808640	2810480
23	2810480	2812400
23	2812400	2815640
23	2815640	2817400
23	2817400	2819480
23	2819480	2821280
23	2821280	2822880
23	2822880	2824240
23	2824240	2825840
23	2825840	2827600
23	2827600	2830880
23	2830880	2833160
23	2833160	2834960
23	2834960	2836440
23	2836440	2840800
23	2840800	2871000
24	2871000	2882680
24	2882680	2899480
24	2899480	2902320
24	2902320	2910200
24	2910200	2917880
24	2917880	2937160
24	2937160	2950280
24	2950280	2954920
24	2954920	2957840
24	2957840	2961600
25	2961600	3027920
