shot	start	end
0	0	20360
0	20360	22440
0	22440	24480
0	24480	26960
0	26960	28600
0	28600	35960
0	35960	41960
0	41960	50360
0	50360	52520
0	52520	54720
0	54720	58880
0	58880	60880
0	60880	69480
0	69480	71080
0	71080	72360
0	72360	90200
0	90200	93960
0	93960	102240
1	102240	125880
1	125880	133000
1	133000	135120
1	135120	138000
1	138000	149560
1	149560	153880
1	153880	154960
1	154960	155760
1	155760	156680
1	156680	157680
1	157680	160080
1	160080	162400
1	162400	165120
1	165120	167280
1	167280	170200
1	170200	171240
1	171240	172080
1	172080	173120
1	173120	174360
1	174360	175520
1	175520	178200
1	178200	183040
1	183040	184560
1	184560	188240
1	188240	190160
1	190160	190880
1	190880	192200
1	192200	193840
1	193840	196480
1	196480	202080
1	202080	206720
1	206720	210360
1	210360	212400
1	212400	214720
1	214720	217080
1	217080	222760
1	222760	230320
1	230320	232240
1	232240	236360
1	236360	253720
1	253720	256760
1	256760	259000
1	259000	261560
1	261560	264040
1	264040	273400
1	273400	275520
1	275520	282480
1	282480	290400
1	290400	298480
1	298480	300200
1	300200	303120
1	303120	314360
1	314360	317320
1	317320	324080
1	324080	325520
1	325520	327080
1	327080	332720
1	332720	334520
1	334520	336560
1	336560	338280
1	338280	342800
1	342800	344520
1	344520	351280
1	351280	357520
1	357520	361440
1	361440	366920
2	366920	373280
2	373280	389680
2	389680	398520
2	398520	404200
2	404200	412800
2	412800	423240
2	423240	431400
2	431400	432840
2	432840	433840
2	433840	434720
2	434720	435560
2	435560	436160
2	436160	437880
2	437880	440080
2	440080	441760
2	441760	442840
2	442840	446360
2	446360	448040
2	448040	451640
3	451640	454440
3	454440	456960
3	456960	458560
3	458560	461040
3	461040	462880
3	462880	465560
3	465560	466800
3	466800	469640
3	469640	471200
3	471200	473160
3	473160	475440
3	475440	480880
3	480880	482360
3	482360	483000
3	483000	485960
4	485960	488360
4	488360	489200
4	489200	490800
4	490800	494280
4	494280	495680
5	495680	497760
5	497760	499440
5	499440	500520
5	500520	502000
5	502000	504520
5	504520	506600
5	506600	510920
5	510920	512960
5	512960	517600
5	517600	522680
5	522680	524680
5	524680	527560
5	527560	529160
5	529160	531640
5	531640	536520
5	536520	538200
5	538200	544400
5	544400	546240
5	546240	547240
5	547240	553080
5	553080	559200
5	559200	565720
5	565720	569000
5	569000	571360
5	571360	573360
5	573360	575280
5	575280	576720
5	576720	581920
5	581920	583280
5	583280	584320
5	584320	585080
5	585080	586920
5	586920	588040
5	588040	589960
5	589960	592960
5	592960	594040
5	594040	595000
5	595000	597480
5	597480	599600
5	599600	600760
5	600760	603320
5	603320	605080
5	605080	606920
5	606920	609400
5	609400	611960
5	611960	612720
5	612720	616160
5	616160	617080
5	617080	619080
5	619080	620760
5	620760	621480
5	621480	623520
5	623520	625040
5	625040	626080
5	626080	629000
5	629000	630000
5	630000	631160
5	631160	632240
5	632240	633120
5	633120	633800
5	633800	634760
5	634760	636360
5	636360	637920
5	637920	639480
5	639480	641680
5	641680	644280
5	644280	645200
5	645200	646720
5	646720	647960
5	647960	648840
5	648840	649640
5	649640	650160
5	650160	651000
5	651000	651520
5	651520	652440
5	652440	653000
5	653000	653360
5	653360	653960
5	653960	654400
5	654400	656960
5	656960	658240
5	658240	659280
5	659280	659960
5	659960	660600
5	660600	661560
5	661560	661960
5	661960	662760
5	662760	664840
5	664840	665400
5	665400	666200
5	666200	667120
5	667120	668040
5	668040	669120
5	669120	670160
5	670160	671120
5	671120	673120
5	673120	674160
5	674160	675120
5	675120	676040
5	676040	677400
5	677400	679360
5	679360	681200
5	681200	682320
5	682320	685720
5	685720	686960
5	686960	690600
5	690600	691840
5	691840	693120
5	693120	693880
5	693880	694720
5	694720	695280
5	695280	696320
5	696320	697040
5	697040	697600
5	697600	701360
5	701360	704320
5	704320	707040
5	707040	708800
5	708800	710000
5	710000	711160
5	711160	713760
5	713760	714960
5	714960	716360
5	716360	718440
5	718440	719760
5	719760	721360
5	721360	725200
5	725200	728120
5	728120	729880
5	729880	732280
5	732280	733200
5	733200	734760
5	734760	736200
5	736200	737400
5	737400	741000
5	741000	744120
5	744120	745240
5	745240	749480
5	749480	751360
5	751360	753240
5	753240	754880
5	754880	757400
6	757400	760360
6	760360	762840
6	762840	764720
6	764720	766360
6	766360	768720
6	768720	775320
6	775320	787280
6	787280	789880
6	789880	794200
6	794200	797440
6	797440	800800
6	800800	803560
6	803560	805600
6	805600	806400
6	806400	809560
6	809560	811840
6	811840	813400
6	813400	819360
6	819360	821440
7	821440	825040
7	825040	826600
7	826600	834400
7	834400	840520
7	840520	842800
7	842800	850360
7	850360	852240
7	852240	853840
7	853840	856040
7	856040	859200
7	859200	861120
7	861120	869040
7	869040	871800
7	871800	873880
7	873880	875520
7	875520	876600
7	876600	880000
7	880000	883200
7	883200	883840
7	883840	884160
7	884160	884440
7	884440	890880
7	890880	892120
7	892120	895920
7	895920	900360
7	900360	904840
7	904840	906360
7	906360	907840
7	907840	911280
7	911280	915720
7	915720	926160
7	926160	928760
8	928760	933640
8	933640	935840
8	935840	937800
8	937800	940080
8	940080	942360
8	942360	945200
8	945200	948120
8	948120	949880
8	949880	951720
8	951720	955040
8	955040	956520
8	956520	958040
8	958040	960000
8	960000	962720
8	962720	965320
8	965320	967200
8	967200	969120
8	969120	973080
8	973080	975280
8	975280	977920
8	977920	981480
8	981480	984040
8	984040	985480
8	985480	987400
8	987400	988720
8	988720	990520
8	990520	991160
8	991160	993160
8	993160	994400
8	994400	996360
8	996360	997560
8	997560	1000000
8	1000000	1007520
8	1007520	1008920
8	1008920	1010920
8	1010920	1012240
8	1012240	1013880
8	1013880	1017160
8	1017160	1018040
8	1018040	1018720
8	1018720	1019800
8	1019800	1021360
8	1021360	1022960
8	1022960	1024080
8	1024080	1025720
8	1025720	1027280
8	1027280	1028800
8	1028800	1030360
8	1030360	1031680
8	1031680	1032640
8	1032640	1042480
8	1042480	1044600
8	1044600	1047680
8	1047680	1049640
8	1049640	1051760
8	1051760	1054240
8	1054240	1057040
8	1057040	1058800
8	1058800	1061840
8	1061840	1063560
8	1063560	1065840
8	1065840	1071000
8	1071000	1073160
8	1073160	1075120
8	1075120	1078520
8	1078520	1081880
8	1081880	1083120
8	1083120	1084000
8	1084000	1086760
8	1086760	1090160
8	1090160	1091320
8	1091320	1092560
8	1092560	1093680
8	1093680	1095240
8	1095240	1096120
8	1096120	1097440
8	1097440	1098520
8	1098520	1099920
8	1099920	1101120
8	1101120	1102400
8	1102400	1105720
8	1105720	1107920
8	1107920	1110560
8	1110560	1112480
8	1112480	1113720
8	1113720	1121680
8	1121680	1124520
8	1124520	1128880
8	1128880	1131920
9	1131920	1137080
9	1137080	1139880
9	1139880	1142440
9	1142440	1144720
9	1144720	1149880
9	1149880	1155160
9	1155160	1160440
9	1160440	1163280
9	1163280	1164240
9	1164240	1165840
9	1165840	1171760
9	1171760	1174200
9	1174200	1175720
9	1175720	1177160
9	1177160	1179120
9	1179120	1181160
9	1181160	1185640
9	1185640	1187280
9	1187280	1190520
9	1190520	1191960
9	1191960	1197760
9	1197760	1200680
9	1200680	1211480
9	1211480	1215440
9	1215440	1224240
9	1224240	1227640
9	1227640	1230800
9	1230800	1237000
9	1237000	1239960
9	1239960	1241520
9	1241520	1244080
9	1244080	1247000
9	1247000	1249720
9	1249720	1251680
9	1251680	1256480
9	1256480	1258480
9	1258480	1260960
10	1260960	1268240
10	1268240	1278640
10	1278640	1284640
10	1284640	1285720
10	1285720	1288040
10	1288040	1294120
10	1294120	1295120
10	1295120	1300560
10	1300560	1304320
10	1304320	1306880
10	1306880	1310000
10	1310000	1315200
10	1315200	1321440
10	1321440	1323960
10	1323960	1326160
10	1326160	1330960
10	1330960	1332640
10	1332640	1339640
10	1339640	1342120
10	1342120	1344240
10	1344240	1346400
10	1346400	1348120
10	1348120	1349880
10	1349880	1352040
10	1352040	1353480
10	1353480	1359840
10	1359840	1363360
10	1363360	1365040
10	1365040	1369880
10	1369880	1374200
11	1374200	1376120
11	1376120	1377520
11	1377520	1382120
11	1382120	1384560
11	1384560	1392120
11	1392120	1393200
11	1393200	1395600
11	1395600	1396880
11	1396880	1398000
11	1398000	1400240
11	1400240	1403400
11	1403400	1407200
11	1407200	1408280
11	1408280	1418960
11	1418960	1421280
11	1421280	1422640
11	1422640	1424480
11	1424480	1425840
11	1425840	1428400
11	1428400	1436320
11	1436320	1437600
11	1437600	1442640
11	1442640	1443880
11	1443880	1445040
11	1445040	1446200
11	1446200	1447480
11	1447480	1450360
11	1450360	1452600
11	1452600	1457200
11	1457200	1458920
11	1458920	1463720
11	1463720	1465320
11	1465320	1466720
11	1466720	1467680
11	1467680	1469840
11	1469840	1470680
11	1470680	1471800
11	1471800	1473720
11	1473720	1475640
11	1475640	1476600
11	1476600	1478880
11	1478880	1481440
11	1481440	1483520
11	1483520	1485440
11	1485440	1488360
11	1488360	1493240
11	1493240	1495880
11	1495880	1497320
11	1497320	1499560
11	1499560	1504680
11	1504680	1506520
11	1506520	1509240
11	1509240	1510360
11	1510360	1511200
11	1511200	1513160
11	1513160	1516480
11	1516480	1520160
11	1520160	1522040
11	1522040	1523120
11	1523120	1524520
11	1524520	1527560
11	1527560	1529400
11	1529400	1534480
11	1534480	1535520
11	1535520	1541280
11	1541280	1545040
11	1545040	1549120
11	1549120	1550240
11	1550240	1552000
11	1552000	1553600
11	1553600	1554640
11	1554640	1558640
11	1558640	1559840
11	1559840	1560880
11	1560880	1561800
11	1561800	1564040
11	1564040	1567840
11	1567840	1570800
11	1570800	1572000
11	1572000	1574760
11	1574760	1577280
11	1577280	1579640
11	1579640	1580960
11	1580960	1584920
11	1584920	1587680
11	1587680	1589080
11	1589080	1591320
11	1591320	1592440
11	1592440	1593440
11	1593440	1594800
11	1594800	1597160
11	1597160	1598640
11	1598640	1600120
11	1600120	1601440
11	1601440	1602520
11	1602520	1604320
11	1604320	1605480
11	1605480	1606280
11	1606280	1607400
11	1607400	1608800
11	1608800	1609760
11	1609760	1610560
11	1610560	1612840
11	1612840	1613840
11	1613840	1614720
11	1614720	1615680
11	1615680	1617680
11	1617680	1619240
11	1619240	1620560
11	1620560	1621840
11	1621840	1623160
11	1623160	1624280
11	1624280	1625320
11	1625320	1627000
11	1627000	1628120
11	1628120	1632360
11	1632360	1633960
11	1633960	1636440
11	1636440	1638520
11	1638520	1641400
11	1641400	1642480
11	1642480	1643640
11	1643640	1644560
11	1644560	1646520
11	1646520	1649040
11	1649040	1650440
11	1650440	1651200
11	1651200	1652280
11	1652280	1654800
11	1654800	1655600
11	1655600	1656880
11	1656880	1658800
11	1658800	1661200
11	1661200	1664120
11	1664120	1665880
11	1665880	1667040
11	1667040	1669520
11	1669520	1671520
11	1671520	1673440
11	1673440	1674680
11	1674680	1675960
11	1675960	1677000
11	1677000	1677960
11	1677960	1679480
11	1679480	1681280
11	1681280	1682720
11	1682720	1685320
11	1685320	1686480
11	1686480	1688280
11	1688280	1689680
11	1689680	1690240
11	1690240	1691040
11	1691040	1693360
11	1693360	1695360
12	1695360	1701360
12	1701360	1713160
12	1713160	1719960
12	1719960	1728400
12	1728400	1730000
12	1730000	1732880
12	1732880	1734520
12	1734520	1739840
12	1739840	1746280
12	1746280	1748000
12	1748000	1751800
12	1751800	1754400
12	1754400	1758000
12	1758000	1759880
12	1759880	1762200
12	1762200	1765760
12	1765760	1767360
12	1767360	1769760
12	1769760	1778480
12	1778480	1782400
12	1782400	1784360
12	1784360	1788160
12	1788160	1791440
12	1791440	1793000
12	1793000	1795480
12	1795480	1796560
12	1796560	1802040
12	1802040	1803800
13	1803800	1813800
13	1813800	1819360
13	1819360	1821200
13	1821200	1824080
13	1824080	1827560
13	1827560	1829400
13	1829400	1830720
13	1830720	1833080
13	1833080	1834320
13	1834320	1836320
13	1836320	1839960
13	1839960	1841360
13	1841360	1842880
13	1842880	1843920
13	1843920	1849240
13	1849240	1850080
13	1850080	1850840
13	1850840	1852040
13	1852040	1854960
13	1854960	1856320
13	1856320	1858400
13	1858400	1859640
13	1859640	1861480
13	1861480	1863000
13	1863000	1864000
13	1864000	1864960
13	1864960	1866160
13	1866160	1867240
13	1867240	1868400
13	1868400	1870880
13	1870880	1873320
13	1873320	1876720
13	1876720	1878480
13	1878480	1880640
13	1880640	1882280
13	1882280	1884200
13	1884200	1885920
13	1885920	1887160
13	1887160	1892200
13	1892200	1895680
13	1895680	1899360
13	1899360	1903360
13	1903360	1907760
13	1907760	1910360
13	1910360	1915760
13	1915760	1918640
13	1918640	1920400
13	1920400	1921360
13	1921360	1922600
13	1922600	1928720
13	1928720	1931280
13	1931280	1933240
13	1933240	1935720
13	1935720	1937920
13	1937920	1941840
13	1941840	1944480
13	1944480	1946480
13	1946480	1948080
13	1948080	1949840
13	1949840	1959840
13	1959840	1961760
13	1961760	1963520
13	1963520	1966720
13	1966720	1969240
13	1969240	1971400
13	1971400	1974920
13	1974920	1977080
13	1977080	1979240
13	1979240	1982800
13	1982800	1985080
13	1985080	1988280
13	1988280	1990120
13	1990120	1991640
13	1991640	1994000
13	1994000	1999560
13	1999560	2002600
13	2002600	2005560
13	2005560	2007440
13	2007440	2008960
13	2008960	2010960
13	2010960	2012840
13	2012840	2013880
13	2013880	2014600
13	2014600	2016800
13	2016800	2018480
13	2018480	2020040
13	2020040	2021680
13	2021680	2026880
13	2026880	2028600
13	2028600	2038720
14	2038720	2041960
14	2041960	2045320
14	2045320	2048520
14	2048520	2051400
14	2051400	2052840
14	2052840	2053560
14	2053560	2054800
14	2054800	2057000
14	2057000	2057960
14	2057960	2059160
14	2059160	2060400
14	2060400	2061360
14	2061360	2063320
14	2063320	2065720
14	2065720	2067360
14	2067360	2068280
14	2068280	2068960
14	2068960	2069800
14	2069800	2070520
14	2070520	2071120
14	2071120	2073320
14	2073320	2074000
14	2074000	2074600
14	2074600	2075520
14	2075520	2076160
14	2076160	2077040
14	2077040	2077480
14	2077480	2078160
14	2078160	2078640
14	2078640	2079880
14	2079880	2080480
14	2080480	2082520
14	2082520	2083720
14	2083720	2084680
14	2084680	2085920
14	2085920	2086600
14	2086600	2087080
14	2087080	2090240
14	2090240	2091240
14	2091240	2092400
14	2092400	2093200
14	2093200	2094520
14	2094520	2095000
14	2095000	2095440
14	2095440	2095680
14	2095680	2096160
14	2096160	2096680
14	2096680	2097120
14	2097120	2097720
14	2097720	2098200
14	2098200	2098880
14	2098880	2099520
14	2099520	2100080
14	2100080	2100840
14	2100840	2101400
14	2101400	2102400
14	2102400	2103160
14	2103160	2103840
14	2103840	2104480
14	2104480	2105520
14	2105520	2106320
14	2106320	2106920
14	2106920	2107560
14	2107560	2108240
14	2108240	2109200
14	2109200	2111920
14	2111920	2112920
14	2112920	2113720
14	2113720	2114440
14	2114440	2115000
14	2115000	2116600
14	2116600	2117760
14	2117760	2118240
14	2118240	2119520
14	2119520	2120400
14	2120400	2121960
14	2121960	2122320
14	2122320	2123640
14	2123640	2123920
14	2123920	2124120
14	2124120	2124760
14	2124760	2126000
14	2126000	2126960
14	2126960	2128080
14	2128080	2129200
14	2129200	2131640
14	2131640	2132160
14	2132160	2132560
14	2132560	2132960
14	2132960	2133920
14	2133920	2134640
14	2134640	2136400
14	2136400	2137240
14	2137240	2138040
14	2138040	2139400
14	2139400	2140320
14	2140320	2141440
14	2141440	2141800
14	2141800	2142560
14	2142560	2143320
14	2143320	2144200
14	2144200	2145320
14	2145320	2146320
14	2146320	2147880
14	2147880	2150400
14	2150400	2151680
14	2151680	2153960
14	2153960	2156000
14	2156000	2156960
14	2156960	2157840
14	2157840	2158520
14	2158520	2158920
14	2158920	2159320
14	2159320	2159720
14	2159720	2160960
14	2160960	2161480
14	2161480	2162600
14	2162600	2163520
14	2163520	2164960
14	2164960	2166120
14	2166120	2166760
14	2166760	2167680
14	2167680	2169080
14	2169080	2170320
14	2170320	2171520
14	2171520	2173080
14	2173080	2174240
14	2174240	2176240
14	2176240	2177600
14	2177600	2179520
14	2179520	2182080
14	2182080	2184160
14	2184160	2186080
14	2186080	2186680
14	2186680	2189000
14	2189000	2189640
14	2189640	2190400
14	2190400	2191000
14	2191000	2192000
14	2192000	2193320
14	2193320	2194800
14	2194800	2196680
14	2196680	2198160
14	2198160	2199000
14	2199000	2201200
14	2201200	2202160
14	2202160	2203400
14	2203400	2204160
14	2204160	2205480
14	2205480	2208280
14	2208280	2212680
14	2212680	2214120
14	2214120	2216240
14	2216240	2217920
14	2217920	2221520
14	2221520	2223640
14	2223640	2225880
14	2225880	2227880
14	2227880	2229200
14	2229200	2234680
14	2234680	2238760
14	2238760	2240000
14	2240000	2242680
14	2242680	2244240
14	2244240	2248160
14	2248160	2253040
14	2253040	2254360
14	2254360	2256000
14	2256000	2257800
14	2257800	2261040
14	2261040	2262560
14	2262560	2264000
14	2264000	2265800
14	2265800	2268600
14	2268600	2270360
14	2270360	2274240
14	2274240	2279200
14	2279200	2280680
14	2280680	2282520
14	2282520	2284440
14	2284440	2285800
14	2285800	2290000
14	2290000	2294720
15	2294720	2299440
15	2299440	2302320
15	2302320	2304400
15	2304400	2306880
15	2306880	2313360
15	2313360	2318120
15	2318120	2320480
15	2320480	2325440
15	2325440	2327120
15	2327120	2333200
15	2333200	2336080
15	2336080	2346080
15	2346080	2348480
15	2348480	2350080
15	2350080	2351440
15	2351440	2353800
15	2353800	2355880
15	2355880	2357480
15	2357480	2358600
15	2358600	2359880
15	2359880	2361320
15	2361320	2362200
15	2362200	2364560
15	2364560	2366200
15	2366200	2369920
15	2369920	2373200
15	2373200	2374360
15	2374360	2382360
15	2382360	2392320
15	2392320	2395760
15	2395760	2398320
15	2398320	2400520
15	2400520	2405320
15	2405320	2408040
15	2408040	2414360
15	2414360	2419320
15	2419320	2421520
15	2421520	2425240
15	2425240	2427320
15	2427320	2429320
15	2429320	2432920
15	2432920	2456800
15	2456800	2461440
16	2461440	2465880
16	2465880	2469320
16	2469320	2472080
16	2472080	2473760
16	2473760	2475480
16	2475480	2477640
16	2477640	2479720
16	2479720	2482480
16	2482480	2484840
16	2484840	2487480
16	2487480	2490600
16	2490600	2496160
16	2496160	2498880
16	2498880	2505080
16	2505080	2508040
16	2508040	2511880
16	2511880	2515600
16	2515600	2519320
16	2519320	2520600
16	2520600	2521880
16	2521880	2526280
16	2526280	2528400
16	2528400	2531040
16	2531040	2535440
16	2535440	2536720
16	2536720	2539440
16	2539440	2541480
16	2541480	2543200
16	2543200	2544880
16	2544880	2547320
16	2547320	2549840
17	2549840	2555840
17	2555840	2559080
17	2559080	2560360
17	2560360	2562200
17	2562200	2565360
17	2565360	2569160
17	2569160	2573880
17	2573880	2578360
17	2578360	2579960
17	2579960	2582920
17	2582920	2584960
17	2584960	2588600
17	2588600	2590320
17	2590320	2591800
17	2591800	2594520
17	2594520	2595720
17	2595720	2597160
17	2597160	2599760
17	2599760	2602880
17	2602880	2605160
17	2605160	2607320
17	2607320	2612400
17	2612400	2615640
17	2615640	2618000
17	2618000	2619520
17	2619520	2632440
17	2632440	2638000
17	2638000	2642480
17	2642480	2646160
17	2646160	2666800
17	2666800	2669840
17	2669840	2691200
18	2691200	2700120
18	2700120	2703800
18	2703800	2705440
18	2705440	2706320
18	2706320	2708320
18	2708320	2710520
18	2710520	2712240
18	2712240	2715600
18	2715600	2716280
18	2716280	2718280
18	2718280	2723240
18	2723240	2725240
18	2725240	2728560
18	2728560	2730240
18	2730240	2731720
18	2731720	2733480
18	2733480	2735600
18	2735600	2737280
18	2737280	2738120
18	2738120	2742040
18	2742040	2743760
18	2743760	2745440
18	2745440	2746560
18	2746560	2748760
18	2748760	2751040
18	2751040	2752440
18	2752440	2758880
18	2758880	2761360
18	2761360	2762800
18	2762800	2763680
18	2763680	2764280
18	2764280	2765720
18	2765720	2766880
18	2766880	2767680
18	2767680	2771280
18	2771280	2773400
18	2773400	2777880
18	2777880	2778480
18	2778480	2780880
18	2780880	2783200
18	2783200	2785760
18	2785760	2787000
18	2787000	2789160
18	2789160	2790240
18	2790240	2791640
18	2791640	2792920
18	2792920	2797320
18	2797320	2798320
18	2798320	2799760
18	2799760	2801000
18	2801000	2802960
18	2802960	2806920
18	2806920	2810840
18	2810840	2812600
18	2812600	2816080
18	2816080	2819600
18	2819600	2823280
18	2823280	2825360
18	2825360	2827040
18	2827040	2830000
18	2830000	2834360
18	2834360	2838920
18	2838920	2841160
18	2841160	2844200
18	2844200	2848360
18	2848360	2851480
18	2851480	2854720
18	2854720	2857040
18	2857040	2859280
18	2859280	2860640
18	2860640	2866120
18	2866120	2867560
18	2867560	2869520
18	2869520	2870920
18	2870920	2873160
18	2873160	2877720
18	2877720	2881280
18	2881280	2882800
18	2882800	2887520
18	2887520	2888040
18	2888040	2890560
18	2890560	2892480
18	2892480	2895440
18	2895440	2897360
18	2897360	2898160
18	2898160	2899680
18	2899680	2901760
18	2901760	2903000
18	2903000	2904800
18	2904800	2907320
18	2907320	2908800
18	2908800	2911920
18	2911920	2913880
18	2913880	2914720
18	2914720	2916720
18	2916720	2918800
18	2918800	2921000
18	2921000	2923720
18	2923720	2924800
18	2924800	2926280
18	2926280	2927360
18	2927360	2929040
18	2929040	2931080
18	2931080	2932200
18	2932200	2934120
18	2934120	2935720
18	2935720	2936840
18	2936840	2937800
18	2937800	2940760
18	2940760	2942000
18	2942000	2943000
18	2943000	2944280
18	2944280	2945360
18	2945360	2946920
18	2946920	2952640
18	2952640	2955240
18	2955240	2964960
19	2964960	3026640
