shot	start	end
0	0	6760
0	6760	20360
0	20360	22440
0	22440	24480
0	24480	26960
0	26960	28600
0	28600	39920
0	39920	42960
0	42960	45160
0	45160	47240
0	47240	49320
0	49320	51320
0	51320	59920
0	59920	61520
0	61520	62800
0	62800	81600
0	81600	87880
0	87880	108080
1	108080	110320
1	110320	113480
1	113480	115960
1	115960	119800
1	119800	123160
1	123160	127160
1	127160	131200
1	131200	136400
1	136400	139120
1	139120	142480
1	142480	147160
1	147160	149840
1	149840	151200
2	151200	157760
2	157760	160480
2	160480	163560
2	163560	165320
2	165320	168160
2	168160	175480
2	175480	178280
2	178280	182440
2	182440	185240
2	185240	186080
2	186080	191480
2	191480	193000
2	193000	195560
2	195560	202600
3	202600	206080
3	206080	208520
3	208520	210480
3	210480	213320
3	213320	216200
3	216200	217560
3	217560	221320
3	221320	224000
3	224000	226320
3	226320	227720
3	227720	229280
3	229280	231560
3	231560	232640
3	232640	236720
3	236720	240080
3	240080	248480
3	248480	252000
3	252000	253600
3	253600	254920
3	254920	256920
3	256920	261280
3	261280	264000
3	264000	266360
3	266360	270560
3	270560	273000
3	273000	274600
3	274600	278080
3	278080	280040
3	280040	282360
3	282360	284360
3	284360	287520
3	287520	291680
3	291680	297320
3	297320	301160
4	301160	303800
4	303800	305720
4	305720	308840
4	308840	311960
4	311960	314240
4	314240	318280
4	318280	321480
4	321480	323280
4	323280	325240
4	325240	328440
4	328440	331600
4	331600	334000
4	334000	336560
4	336560	341880
4	341880	344000
4	344000	345960
4	345960	349280
4	349280	351560
4	351560	352760
4	352760	356840
4	356840	360560
4	360560	362440
4	362440	364240
4	364240	367440
4	367440	374880
4	374880	377600
4	377600	379480
4	379480	384960
5	384960	398200
5	398200	399840
5	399840	401280
5	401280	404480
5	404480	406880
5	406880	408240
5	408240	410920
5	410920	413520
5	413520	415160
5	415160	416760
5	416760	418400
5	418400	420160
5	420160	422040
5	422040	424560
5	424560	428560
5	428560	432000
5	432000	432840
5	432840	434000
5	434000	437320
5	437320	438920
5	438920	442720
5	442720	444560
5	444560	446560
5	446560	447360
5	447360	448760
5	448760	449920
5	449920	451680
5	451680	453160
5	453160	456200
5	456200	457960
5	457960	458920
5	458920	461280
5	461280	463080
5	463080	464680
5	464680	467560
5	467560	468440
5	468440	471040
5	471040	474520
5	474520	477240
5	477240	479680
5	479680	484120
5	484120	486960
5	486960	489520
5	489520	491800
5	491800	493640
5	493640	494320
5	494320	495120
5	495120	495880
5	495880	496360
5	496360	496760
5	496760	497400
5	497400	499000
5	499000	499840
5	499840	500480
5	500480	501400
5	501400	502280
5	502280	503520
5	503520	504720
5	504720	510440
5	510440	512840
5	512840	514440
5	514440	517080
5	517080	519400
5	519400	520760
5	520760	521920
5	521920	524560
5	524560	526200
5	526200	528240
5	528240	530520
5	530520	532160
5	532160	534520
5	534520	537840
5	537840	539680
5	539680	543000
5	543000	545680
5	545680	548120
5	548120	551400
5	551400	554360
5	554360	559000
5	559000	562200
5	562200	565000
5	565000	566920
5	566920	568200
5	568200	570560
5	570560	573160
5	573160	575240
5	575240	576360
5	576360	577840
5	577840	581160
5	581160	586760
6	586760	592160
6	592160	597560
6	597560	601320
6	601320	603560
6	603560	608680
6	608680	613600
6	613600	615800
6	615800	617840
6	617840	620640
6	620640	621920
6	621920	625120
6	625120	626600
6	626600	630320
6	630320	632240
6	632240	639360
6	639360	654080
6	654080	665760
6	665760	669480
6	669480	673960
6	673960	677720
6	677720	680840
6	680840	683560
6	683560	685200
6	685200	690960
6	690960	694360
6	694360	696480
6	696480	699160
6	699160	707760
7	707760	712160
7	712160	714800
7	714800	717480
7	717480	719960
7	719960	723400
7	723400	727280
7	727280	730680
7	730680	733640
7	733640	745080
7	745080	748800
7	748800	757560
7	757560	777920
7	777920	781640
7	781640	785040
7	785040	793840
7	793840	803040
7	803040	807520
7	807520	814320
7	814320	822560
7	822560	828400
7	828400	831200
7	831200	833840
7	833840	841680
7	841680	846680
7	846680	849840
7	849840	852960
7	852960	857720
7	857720	862320
7	862320	884200
7	884200	893480
7	893480	909920
7	909920	916040
7	916040	927600
7	927600	950320
7	950320	956080
7	956080	961360
7	961360	968080
7	968080	973680
7	973680	980120
7	980120	988080
8	988080	993600
8	993600	999720
8	999720	1003640
8	1003640	1011920
8	1011920	1015880
8	1015880	1021440
8	1021440	1024800
8	1024800	1026920
8	1026920	1028760
8	1028760	1031320
8	1031320	1033560
8	1033560	1035280
8	1035280	1037760
8	1037760	1040640
8	1040640	1044440
8	1044440	1045480
8	1045480	1048560
8	1048560	1050360
8	1050360	1052320
8	1052320	1058640
8	1058640	1060480
8	1060480	1063240
8	1063240	1066640
8	1066640	1069600
8	1069600	1072080
8	1072080	1074800
8	1074800	1077720
8	1077720	1080520
8	1080520	1084520
8	1084520	1087120
9	1087120	1091880
9	1091880	1096760
9	1096760	1098640
9	1098640	1100760
9	1100760	1102960
9	1102960	1105760
9	1105760	1112360
9	1112360	1114040
9	1114040	1115280
9	1115280	1116840
9	1116840	1118080
9	1118080	1120200
9	1120200	1124120
9	1124120	1126480
9	1126480	1128960
9	1128960	1131240
9	1131240	1134920
9	1134920	1139640
9	1139640	1142800
9	1142800	1144760
9	1144760	1146640
9	1146640	1148800
9	1148800	1151240
9	1151240	1154040
9	1154040	1154760
9	1154760	1155880
9	1155880	1158080
9	1158080	1159800
9	1159800	1162360
10	1162360	1167160
10	1167160	1171520
10	1171520	1174320
10	1174320	1181280
10	1181280	1185400
10	1185400	1189280
10	1189280	1193800
10	1193800	1196840
10	1196840	1198480
10	1198480	1207040
10	1207040	1209120
10	1209120	1213160
10	1213160	1214760
10	1214760	1221520
10	1221520	1225720
11	1225720	1234920
11	1234920	1241360
11	1241360	1250160
11	1250160	1255760
11	1255760	1257960
11	1257960	1260280
11	1260280	1266440
11	1266440	1270880
11	1270880	1275200
11	1275200	1278840
11	1278840	1280840
11	1280840	1284280
11	1284280	1285680
11	1285680	1287480
11	1287480	1289960
11	1289960	1293560
11	1293560	1295400
11	1295400	1297840
11	1297840	1299680
11	1299680	1303200
11	1303200	1311400
11	1311400	1320120
11	1320120	1329200
11	1329200	1331920
11	1331920	1337880
11	1337880	1342040
11	1342040	1343480
11	1343480	1348120
11	1348120	1353240
11	1353240	1355760
11	1355760	1361480
11	1361480	1364600
12	1364600	1370960
12	1370960	1382920
12	1382920	1386200
12	1386200	1391200
12	1391200	1393760
12	1393760	1397680
12	1397680	1399200
12	1399200	1402160
12	1402160	1404360
12	1404360	1406120
12	1406120	1407560
12	1407560	1412920
12	1412920	1417520
12	1417520	1419240
12	1419240	1421520
12	1421520	1459480
12	1459480	1465520
12	1465520	1467640
13	1467640	1471840
13	1471840	1476960
13	1476960	1481480
13	1481480	1494800
13	1494800	1496760
13	1496760	1499520
13	1499520	1501520
13	1501520	1503920
13	1503920	1505840
13	1505840	1508600
13	1508600	1514840
13	1514840	1521960
13	1521960	1524880
13	1524880	1542120
13	1542120	1547200
13	1547200	1553400
13	1553400	1561520
13	1561520	1567000
13	1567000	1570000
13	1570000	1580800
13	1580800	1585760
13	1585760	1588040
13	1588040	1589440
13	1589440	1591760
13	1591760	1595280
14	1595280	1603680
14	1603680	1612920
14	1612920	1617640
14	1617640	1623560
14	1623560	1630960
14	1630960	1632600
14	1632600	1639000
14	1639000	1640640
14	1640640	1642760
14	1642760	1644680
14	1644680	1646000
14	1646000	1651040
14	1651040	1655600
14	1655600	1660920
14	1660920	1665840
14	1665840	1668800
14	1668800	1673240
14	1673240	1676960
14	1676960	1681360
14	1681360	1687640
14	1687640	1691840
14	1691840	1694400
14	1694400	1698240
15	1698240	1708800
15	1708800	1711000
15	1711000	1714400
15	1714400	1716080
15	1716080	1717480
15	1717480	1719560
15	1719560	1722600
15	1722600	1725200
15	1725200	1727880
15	1727880	1729880
16	1729880	1736200
16	1736200	1738080
16	1738080	1739960
16	1739960	1742560
16	1742560	1745560
16	1745560	1747560
16	1747560	1749600
17	1749600	1753760
17	1753760	1758960
17	1758960	1760760
17	1760760	1765960
17	1765960	1768840
17	1768840	1772920
17	1772920	1775400
17	1775400	1778520
17	1778520	1781520
17	1781520	1785320
17	1785320	1790120
17	1790120	1791440
17	1791440	1793520
17	1793520	1795320
17	1795320	1798800
17	1798800	1802960
17	1802960	1807000
17	1807000	1808960
17	1808960	1820480
17	1820480	1822880
17	1822880	1825160
17	1825160	1827400
17	1827400	1833360
17	1833360	1836440
17	1836440	1838320
17	1838320	1841280
17	1841280	1846120
17	1846120	1850680
17	1850680	1852440
17	1852440	1855280
17	1855280	1858320
17	1858320	1860640
17	1860640	1862720
17	1862720	1870840
18	1870840	1874400
18	1874400	1877920
18	1877920	1881440
18	1881440	1882600
18	1882600	1885520
18	1885520	1889440
18	1889440	1891280
18	1891280	1893560
18	1893560	1898160
18	1898160	1904440
18	1904440	1905680
18	1905680	1909480
18	1909480	1912040
18	1912040	1913400
18	1913400	1916960
18	1916960	1919880
18	1919880	1921600
18	1921600	1925520
18	1925520	1926880
18	1926880	1928280
18	1928280	1930040
18	1930040	1932040
18	1932040	1935040
18	1935040	1937480
18	1937480	1938960
18	1938960	1948920
18	1948920	1951240
18	1951240	1953400
18	1953400	1954600
18	1954600	1956120
18	1956120	1957000
18	1957000	1960320
18	1960320	1964480
18	1964480	1965920
18	1965920	1968880
18	1968880	1971000
18	1971000	1976040
18	1976040	1980960
18	1980960	1983760
19	1983760	1995680
19	1995680	1998000
19	1998000	1999400
19	1999400	2001680
19	2001680	2007160
19	2007160	2013680
19	2013680	2017840
19	2017840	2031280
19	2031280	2034520
19	2034520	2036080
19	2036080	2041600
20	2041600	2054200
20	2054200	2055800
20	2055800	2058120
20	2058120	2060800
20	2060800	2061680
20	2061680	2066960
21	2066960	2069800
21	2069800	2071360
21	2071360	2072960
21	2072960	2074440
21	2074440	2075320
21	2075320	2076560
21	2076560	2077520
21	2077520	2078640
21	2078640	2080640
21	2080640	2083480
21	2083480	2086160
21	2086160	2087040
21	2087040	2088360
21	2088360	2089720
21	2089720	2090680
21	2090680	2092640
21	2092640	2093920
21	2093920	2094880
21	2094880	2096520
21	2096520	2099120
21	2099120	2100720
21	2100720	2102560
21	2102560	2104360
21	2104360	2105760
21	2105760	2106560
21	2106560	2108520
21	2108520	2109080
21	2109080	2110560
21	2110560	2111600
21	2111600	2112880
21	2112880	2113760
21	2113760	2116960
21	2116960	2119720
21	2119720	2121120
21	2121120	2122480
21	2122480	2123840
21	2123840	2127000
21	2127000	2132000
21	2132000	2136080
21	2136080	2137560
21	2137560	2139280
21	2139280	2141400
22	2141400	2146760
22	2146760	2148080
22	2148080	2148800
22	2148800	2151520
22	2151520	2153240
22	2153240	2155520
22	2155520	2159720
22	2159720	2162120
22	2162120	2164040
22	2164040	2167560
22	2167560	2171080
22	2171080	2173280
22	2173280	2174200
22	2174200	2175520
22	2175520	2177120
22	2177120	2178120
22	2178120	2178720
22	2178720	2179400
22	2179400	2179760
22	2179760	2180160
22	2180160	2182600
22	2182600	2184560
22	2184560	2188040
22	2188040	2192320
22	2192320	2192720
22	2192720	2193840
22	2193840	2195560
22	2195560	2196640
22	2196640	2197440
22	2197440	2198120
22	2198120	2200480
22	2200480	2202200
22	2202200	2203920
22	2203920	2206280
22	2206280	2212360
22	2212360	2214920
22	2214920	2218800
23	2218800	2228240
23	2228240	2233840
23	2233840	2236640
23	2236640	2239000
23	2239000	2244000
23	2244000	2248520
23	2248520	2252120
23	2252120	2254560
23	2254560	2260000
23	2260000	2265000
23	2265000	2269800
23	2269800	2274520
23	2274520	2279240
23	2279240	2285640
23	2285640	2287840
23	2287840	2289840
23	2289840	2296440
23	2296440	2299840
23	2299840	2311080
23	2311080	2315400
23	2315400	2321680
23	2321680	2325680
23	2325680	2335800
23	2335800	2345760
23	2345760	2351040
23	2351040	2356240
23	2356240	2362240
23	2362240	2383120
23	2383120	2385840
23	2385840	2391920
23	2391920	2393080
23	2393080	2394520
23	2394520	2396120
23	2396120	2400360
23	2400360	2407080
23	2407080	2412680
23	2412680	2416400
23	2416400	2422240
23	2422240	2429320
23	2429320	2431920
23	2431920	2437320
23	2437320	2440120
23	2440120	2446480
23	2446480	2452560
23	2452560	2457200
23	2457200	2461200
23	2461200	2464080
23	2464080	2474280
23	2474280	2477560
23	2477560	2479960
23	2479960	2483440
23	2483440	2485600
23	2485600	2488960
23	2488960	2492680
23	2492680	2499240
23	2499240	2503720
23	2503720	2513560
23	2513560	2516600
23	2516600	2518080
23	2518080	2522240
23	2522240	2527040
23	2527040	2529400
23	2529400	2532680
23	2532680	2535240
23	2535240	2543200
23	2543200	2547840
23	2547840	2551360
23	2551360	2554800
23	2554800	2558640
23	2558640	2560600
23	2560600	2563680
24	2563680	2567880
24	2567880	2570240
24	2570240	2573760
24	2573760	2577720
24	2577720	2584400
24	2584400	2586080
24	2586080	2589480
24	2589480	2595200
24	2595200	2599920
24	2599920	2606280
24	2606280	2615680
24	2615680	2619800
24	2619800	2625800
25	2625800	2628680
25	2628680	2632040
25	2632040	2635680
25	2635680	2637200
25	2637200	2639000
25	2639000	2641160
25	2641160	2643560
25	2643560	2644640
25	2644640	2647640
25	2647640	2649480
25	2649480	2652120
25	2652120	2656800
25	2656800	2659120
25	2659120	2670400
25	2670400	2676560
25	2676560	2678560
25	2678560	2679960
25	2679960	2683880
25	2683880	2686480
25	2686480	2688840
25	2688840	2691680
25	2691680	2693200
25	2693200	2694840
25	2694840	2695840
25	2695840	2696960
25	2696960	2703200
25	2703200	2705200
25	2705200	2706640
25	2706640	2709280
25	2709280	2711000
25	2711000	2712480
25	2712480	2717000
25	2717000	2718200
25	2718200	2719440
25	2719440	2721480
25	2721480	2723560
25	2723560	2725400
25	2725400	2726600
25	2726600	2727920
25	2727920	2728920
25	2728920	2730680
25	2730680	2733120
25	2733120	2734600
25	2734600	2736520
25	2736520	2738080
25	2738080	2739200
25	2739200	2740960
25	2740960	2742480
25	2742480	2743560
25	2743560	2744320
25	2744320	2744840
25	2744840	2745400
25	2745400	2745880
25	2745880	2746560
25	2746560	2747520
25	2747520	2750000
25	2750000	2751240
25	2751240	2752960
25	2752960	2754200
25	2754200	2755760
25	2755760	2757080
25	2757080	2767840
25	2767840	2769320
25	2769320	2772360
25	2772360	2774960
25	2774960	2792080
25	2792080	2794560
25	2794560	2797040
25	2797040	2808800
25	2808800	2813920
25	2813920	2822240
25	2822240	2829760
25	2829760	2840600
25	2840600	2865120
26	2865120	2870320
26	2870320	2872760
26	2872760	2874440
26	2874440	2876440
26	2876440	2878360
26	2878360	2881480
26	2881480	2884440
26	2884440	2887920
26	2887920	2890120
26	2890120	2892480
26	2892480	2894840
26	2894840	2899040
26	2899040	2903800
26	2903800	2906800
26	2906800	2909160
26	2909160	2911760
26	2911760	2916360
26	2916360	2924680
26	2924680	2929920
26	2929920	2933240
26	2933240	2936840
26	2936840	2942200
26	2942200	2946120
26	2946120	2952520
26	2952520	2961080
27	2961080	2966960
27	2966960	2969400
27	2969400	2975960
27	2975960	2979480
27	2979480	2981000
27	2981000	2986000
27	2986000	2987880
27	2987880	2990640
27	2990640	2992440
27	2992440	2994400
27	2994400	3004280
27	3004280	3006160
27	3006160	3007480
27	3007480	3008960
27	3008960	3013200
27	3013200	3016240
27	3016240	3019000
27	3019000	3024160
27	3024160	3025520
27	3025520	3026560
27	3026560	3028640
27	3028640	3030600
27	3030600	3031800
27	3031800	3033320
27	3033320	3034960
27	3034960	3038360
27	3038360	3049640
27	3049640	3053960
27	3053960	3058240
27	3058240	3060240
27	3060240	3063000
27	3063000	3066080
27	3066080	3068440
27	3068440	3071800
27	3071800	3073600
27	3073600	3075400
27	3075400	3080600
27	3080600	3082560
27	3082560	3085840
27	3085840	3088400
27	3088400	3091760
27	3091760	3093720
27	3093720	3096360
27	3096360	3099000
27	3099000	3099960
27	3099960	3103760
27	3103760	3108240
27	3108240	3110240
27	3110240	3111200
27	3111200	3114960
27	3114960	3118200
27	3118200	3121240
27	3121240	3122040
27	3122040	3123000
27	3123000	3124400
27	3124400	3125720
27	3125720	3127240
27	3127240	3129200
27	3129200	3131000
27	3131000	3131400
27	3131400	3131720
27	3131720	3132440
27	3132440	3132760
27	3132760	3137320
28	3137320	3201160
