shot	start	end
0	0	31680
0	31680	40640
0	40640	43520
0	43520	46560
0	46560	49240
0	49240	55040
0	55040	58280
1	58280	65320
1	65320	72600
1	72600	90200
1	90200	98560
1	98560	107960
1	107960	114360
2	114360	116960
2	116960	130000
2	130000	132880
2	132880	141360
2	141360	149280
2	149280	153040
2	153040	154680
2	154680	157160
2	157160	158200
2	158200	159000
2	159000	160760
2	160760	161800
2	161800	162800
2	162800	163960
2	163960	165640
2	165640	166400
2	166400	167360
2	167360	167960
2	167960	168800
2	168800	170920
2	170920	171440
2	171440	174240
2	174240	176520
2	176520	179000
2	179000	181000
2	181000	186360
3	186360	198040
3	198040	202200
3	202200	205920
3	205920	211200
3	211200	216960
3	216960	220920
3	220920	222520
3	222520	225520
3	225520	229080
3	229080	232440
3	232440	237440
3	237440	239680
3	239680	244280
3	244280	258520
4	258520	266720
4	266720	274080
4	274080	276520
4	276520	280680
4	280680	285600
4	285600	287960
4	287960	293920
4	293920	298400
4	298400	301000
4	301000	304960
4	304960	310840
4	310840	315360
4	315360	319080
4	319080	321640
4	321640	323560
4	323560	326960
4	326960	329160
4	329160	332360
4	332360	335200
4	335200	336000
4	336000	337040
4	337040	337400
5	337400	340120
5	340120	343440
5	343440	345280
5	345280	346640
5	346640	348240
5	348240	349480
5	349480	351160
5	351160	353800
5	353800	356000
5	356000	357120
5	357120	360120
5	360120	363960
6	363960	365720
6	365720	367480
6	367480	370320
6	370320	372560
6	372560	373200
6	373200	374160
6	374160	375880
6	375880	377720
6	377720	378520
6	378520	378760
6	378760	379200
6	379200	379520
6	379520	379800
6	379800	380440
6	380440	380680
6	380680	381520
6	381520	382040
6	382040	383800
6	383800	385720
6	385720	387520
6	387520	389360
6	389360	391400
7	391400	395200
7	395200	396920
7	396920	398280
7	398280	398880
7	398880	400680
7	400680	402360
7	402360	403480
7	403480	404560
7	404560	406120
7	406120	407440
7	407440	408320
7	408320	409640
7	409640	410600
7	410600	412280
7	412280	418800
8	418800	432400
8	432400	434480
8	434480	436520
8	436520	439000
8	439000	440640
8	440640	451960
8	451960	455000
8	455000	457200
8	457200	459280
8	459280	461360
8	461360	463360
8	463360	471960
8	471960	473560
8	473560	474840
8	474840	493840
8	493840	499080
8	499080	544440
9	544440	552480
9	552480	557440
10	557440	558360
10	558360	559600
10	559600	561000
10	561000	564000
10	564000	566440
10	566440	567840
10	567840	569880
10	569880	571600
10	571600	573000
10	573000	575120
10	575120	577480
10	577480	604600
10	604600	606160
10	606160	607360
10	607360	608200
10	608200	609560
10	609560	611000
10	611000	612920
10	612920	613920
10	613920	615400
10	615400	617400
10	617400	619440
10	619440	625480
10	625480	628880
10	628880	630120
10	630120	632120
10	632120	632960
10	632960	634200
10	634200	635120
10	635120	636320
10	636320	636920
10	636920	638640
10	638640	639480
10	639480	639960
10	639960	641000
10	641000	642960
11	642960	644000
11	644000	645880
11	645880	647840
11	647840	650800
11	650800	655600
11	655600	658200
11	658200	660040
11	660040	662440
11	662440	666320
11	666320	668120
11	668120	669800
11	669800	671560
11	671560	673640
11	673640	675520
11	675520	678280
11	678280	681600
11	681600	685600
11	685600	687240
11	687240	690760
11	690760	692240
11	692240	694640
11	694640	698800
12	698800	705080
12	705080	718840
12	718840	722720
12	722720	725360
12	725360	727680
12	727680	733360
12	733360	735200
12	735200	736960
12	736960	739080
12	739080	740920
12	740920	743280
12	743280	746360
12	746360	747720
12	747720	752280
12	752280	754920
12	754920	756600
12	756600	758680
12	758680	760880
12	760880	763040
12	763040	764520
12	764520	768200
12	768200	770520
12	770520	774320
12	774320	777600
12	777600	783080
12	783080	785440
12	785440	788280
12	788280	790720
12	790720	791320
12	791320	793080
12	793080	794320
12	794320	797000
12	797000	799040
12	799040	803560
12	803560	810240
12	810240	814360
12	814360	822800
13	822800	826200
13	826200	829720
13	829720	831680
13	831680	834200
13	834200	835800
13	835800	840920
13	840920	844200
13	844200	849000
13	849000	851600
13	851600	853200
13	853200	854800
13	854800	858080
13	858080	860640
13	860640	863440
13	863440	868560
13	868560	874160
14	874160	877320
14	877320	897320
14	897320	901760
14	901760	925240
14	925240	928200
14	928200	930440
14	930440	933280
14	933280	940840
14	940840	943920
14	943920	945920
14	945920	951920
14	951920	953400
14	953400	956080
14	956080	958160
14	958160	960600
14	960600	962200
14	962200	963760
14	963760	964760
14	964760	966200
14	966200	967160
14	967160	968960
14	968960	970560
14	970560	972040
14	972040	974320
14	974320	976000
14	976000	976400
14	976400	977440
14	977440	978080
14	978080	979480
14	979480	981040
14	981040	982840
14	982840	983880
14	983880	984720
14	984720	992880
14	992880	994640
14	994640	996280
14	996280	997600
14	997600	999160
14	999160	1002800
14	1002800	1004200
14	1004200	1006120
14	1006120	1008240
14	1008240	1011360
14	1011360	1013440
14	1013440	1018160
14	1018160	1020680
14	1020680	1024320
14	1024320	1030680
14	1030680	1033720
14	1033720	1036200
14	1036200	1039320
14	1039320	1041160
14	1041160	1043840
14	1043840	1046320
14	1046320	1049720
15	1049720	1056400
15	1056400	1058280
15	1058280	1060840
16	1060840	1067000
16	1067000	1072680
16	1072680	1078640
16	1078640	1081520
16	1081520	1090920
17	1090920	1103800
17	1103800	1106320
17	1106320	1109560
17	1109560	1113440
17	1113440	1117760
17	1117760	1120400
17	1120400	1125320
17	1125320	1128360
17	1128360	1129560
17	1129560	1132680
17	1132680	1135680
17	1135680	1138360
17	1138360	1147120
17	1147120	1149520
17	1149520	1151880
17	1151880	1154360
17	1154360	1161240
17	1161240	1165680
18	1165680	1170880
18	1170880	1173640
19	1173640	1181760
19	1181760	1187400
20	1187400	1195200
20	1195200	1206000
20	1206000	1210280
20	1210280	1213040
20	1213040	1217960
20	1217960	1222840
20	1222840	1226160
20	1226160	1231760
20	1231760	1239040
20	1239040	1245040
20	1245040	1248640
20	1248640	1258120
20	1258120	1261320
20	1261320	1264200
20	1264200	1272760
20	1272760	1276040
20	1276040	1278800
21	1278800	1303840
21	1303840	1313640
21	1313640	1315720
21	1315720	1319080
21	1319080	1320880
21	1320880	1325360
21	1325360	1327640
21	1327640	1329360
21	1329360	1332160
22	1332160	1336720
22	1336720	1339280
22	1339280	1341680
22	1341680	1342280
22	1342280	1343600
22	1343600	1345920
22	1345920	1347080
22	1347080	1352360
22	1352360	1353320
22	1353320	1357640
22	1357640	1361320
22	1361320	1363320
22	1363320	1364680
22	1364680	1367200
22	1367200	1368440
22	1368440	1369400
22	1369400	1371360
22	1371360	1372280
22	1372280	1375400
22	1375400	1376840
22	1376840	1379840
23	1379840	1383880
23	1383880	1385280
23	1385280	1386920
23	1386920	1388320
23	1388320	1392680
23	1392680	1396080
23	1396080	1397800
23	1397800	1400040
23	1400040	1402600
23	1402600	1404600
23	1404600	1405720
23	1405720	1406520
23	1406520	1407600
24	1407600	1413640
24	1413640	1424280
24	1424280	1426720
24	1426720	1432080
24	1432080	1436880
24	1436880	1440880
24	1440880	1443400
24	1443400	1446200
24	1446200	1452360
24	1452360	1458600
24	1458600	1462280
24	1462280	1464680
24	1464680	1466320
24	1466320	1467240
24	1467240	1470320
24	1470320	1471880
24	1471880	1474560
24	1474560	1476920
24	1476920	1481000
24	1481000	1483600
24	1483600	1486080
24	1486080	1487720
24	1487720	1489000
24	1489000	1492840
24	1492840	1496560
24	1496560	1498240
24	1498240	1499960
24	1499960	1502200
24	1502200	1514160
24	1514160	1514920
24	1514920	1515800
24	1515800	1516640
24	1516640	1521640
24	1521640	1523960
24	1523960	1525640
24	1525640	1528640
24	1528640	1531720
24	1531720	1537280
24	1537280	1539160
24	1539160	1540200
24	1540200	1541640
24	1541640	1543200
24	1543200	1544320
24	1544320	1546760
24	1546760	1548160
24	1548160	1549800
24	1549800	1551520
24	1551520	1553360
24	1553360	1554800
24	1554800	1556360
24	1556360	1559240
24	1559240	1560440
24	1560440	1561720
24	1561720	1563880
24	1563880	1566040
24	1566040	1568240
24	1568240	1569320
24	1569320	1572280
24	1572280	1573360
24	1573360	1576560
24	1576560	1578800
24	1578800	1581360
24	1581360	1586040
24	1586040	1590880
24	1590880	1593480
24	1593480	1599640
24	1599640	1601560
24	1601560	1602960
24	1602960	1605160
24	1605160	1607800
24	1607800	1610040
24	1610040	1612200
24	1612200	1615880
24	1615880	1617360
24	1617360	1618600
24	1618600	1619880
24	1619880	1623720
24	1623720	1627440
24	1627440	1628640
24	1628640	1630280
24	1630280	1631560
24	1631560	1633120
24	1633120	1634080
24	1634080	1635240
24	1635240	1636240
24	1636240	1638040
24	1638040	1640080
24	1640080	1641440
24	1641440	1642480
24	1642480	1644200
24	1644200	1646520
24	1646520	1648560
24	1648560	1650000
24	1650000	1651880
24	1651880	1655880
25	1655880	1671120
25	1671120	1675440
25	1675440	1686360
25	1686360	1695560
25	1695560	1699080
25	1699080	1701440
25	1701440	1705680
25	1705680	1710240
25	1710240	1716760
25	1716760	1718960
25	1718960	1720120
25	1720120	1721760
25	1721760	1727480
25	1727480	1735360
25	1735360	1737080
25	1737080	1738760
25	1738760	1742880
26	1742880	1749800
26	1749800	1761280
26	1761280	1770480
26	1770480	1777680
26	1777680	1782880
26	1782880	1790680
26	1790680	1797600
26	1797600	1805720
26	1805720	1807480
26	1807480	1810960
26	1810960	1818360
26	1818360	1820640
26	1820640	1821680
26	1821680	1823600
26	1823600	1824440
26	1824440	1826240
26	1826240	1830600
26	1830600	1837200
26	1837200	1839200
26	1839200	1848560
26	1848560	1851800
26	1851800	1859080
26	1859080	1862960
26	1862960	1867600
27	1867600	1873000
27	1873000	1875320
27	1875320	1877760
27	1877760	1882080
27	1882080	1886120
27	1886120	1890560
27	1890560	1899200
27	1899200	1901600
27	1901600	1903920
27	1903920	1907800
27	1907800	1910240
27	1910240	1914360
28	1914360	1920760
28	1920760	1929760
28	1929760	1932400
28	1932400	1934400
28	1934400	1935840
28	1935840	1939080
28	1939080	1943320
28	1943320	1945800
28	1945800	1947880
28	1947880	1949920
28	1949920	1952560
28	1952560	1958600
28	1958600	1963160
28	1963160	1966000
28	1966000	1972080
28	1972080	1974520
28	1974520	1976760
28	1976760	1979400
28	1979400	1980680
28	1980680	1982040
28	1982040	1984880
28	1984880	1989080
28	1989080	1992720
28	1992720	1994880
28	1994880	1998240
28	1998240	2004920
28	2004920	2008280
28	2008280	2010800
28	2010800	2013680
28	2013680	2016720
28	2016720	2020440
28	2020440	2028040
28	2028040	2032560
28	2032560	2043040
28	2043040	2059960
29	2059960	2064680
29	2064680	2069720
29	2069720	2076360
29	2076360	2083680
29	2083680	2086600
29	2086600	2089000
29	2089000	2091200
29	2091200	2093200
29	2093200	2096720
29	2096720	2100200
29	2100200	2102400
29	2102400	2105720
29	2105720	2108600
29	2108600	2111080
29	2111080	2118520
29	2118520	2124240
29	2124240	2127600
29	2127600	2129680
29	2129680	2135800
29	2135800	2139160
29	2139160	2141920
29	2141920	2146080
29	2146080	2148920
29	2148920	2154120
29	2154120	2157040
29	2157040	2159480
29	2159480	2163120
29	2163120	2165000
29	2165000	2167680
29	2167680	2170640
29	2170640	2175760
29	2175760	2180280
30	2180280	2184600
30	2184600	2197280
30	2197280	2222960
30	2222960	2226480
30	2226480	2228880
30	2228880	2232680
30	2232680	2239080
30	2239080	2247480
30	2247480	2250960
30	2250960	2255040
30	2255040	2262760
30	2262760	2266000
30	2266000	2269800
30	2269800	2278320
31	2278320	2289320
31	2289320	2291280
31	2291280	2292880
31	2292880	2295040
31	2295040	2297080
31	2297080	2299840
31	2299840	2303560
31	2303560	2308280
31	2308280	2316360
31	2316360	2319920
31	2319920	2323520
31	2323520	2327400
32	2327400	2331120
32	2331120	2333480
32	2333480	2335240
32	2335240	2337200
32	2337200	2339000
32	2339000	2341080
32	2341080	2343880
32	2343880	2345520
32	2345520	2346800
32	2346800	2349080
33	2349080	2349760
33	2349760	2350200
33	2350200	2351320
33	2351320	2357560
33	2357560	2358880
33	2358880	2360160
33	2360160	2361440
33	2361440	2363080
33	2363080	2366440
33	2366440	2369280
33	2369280	2370480
33	2370480	2371760
33	2371760	2377400
33	2377400	2381400
33	2381400	2384240
33	2384240	2388960
33	2388960	2390480
33	2390480	2392760
33	2392760	2394360
33	2394360	2396160
33	2396160	2398840
33	2398840	2400960
33	2400960	2406040
33	2406040	2409720
33	2409720	2412600
33	2412600	2414280
33	2414280	2422000
33	2422000	2423440
33	2423440	2426640
33	2426640	2451800
33	2451800	2453400
33	2453400	2459040
33	2459040	2461160
33	2461160	2464440
33	2464440	2466480
33	2466480	2478240
33	2478240	2480480
33	2480480	2483040
33	2483040	2485000
33	2485000	2491600
33	2491600	2498440
33	2498440	2501720
33	2501720	2505960
33	2505960	2516720
34	2516720	2518320
34	2518320	2520800
34	2520800	2522480
34	2522480	2534120
34	2534120	2543040
34	2543040	2548640
34	2548640	2554000
34	2554000	2565400
34	2565400	2570240
34	2570240	2571800
34	2571800	2574640
35	2574640	2576800
35	2576800	2583240
35	2583240	2585920
35	2585920	2588120
35	2588120	2590040
35	2590040	2591280
35	2591280	2594080
35	2594080	2595480
35	2595480	2597600
35	2597600	2599160
35	2599160	2600800
35	2600800	2603360
35	2603360	2604600
35	2604600	2607240
35	2607240	2609080
35	2609080	2611160
35	2611160	2612600
35	2612600	2614520
35	2614520	2617480
35	2617480	2620440
35	2620440	2621640
35	2621640	2625320
35	2625320	2627120
35	2627120	2630080
35	2630080	2632280
35	2632280	2636720
35	2636720	2639680
35	2639680	2643800
35	2643800	2644840
35	2644840	2647000
35	2647000	2648720
35	2648720	2650600
35	2650600	2653360
36	2653360	2654720
36	2654720	2657600
36	2657600	2660720
36	2660720	2663320
36	2663320	2665480
36	2665480	2671760
36	2671760	2679680
36	2679680	2683160
37	2683160	2683680
37	2683680	2685760
37	2685760	2687120
37	2687120	2688640
37	2688640	2689720
37	2689720	2690640
37	2690640	2692400
37	2692400	2694160
37	2694160	2696120
37	2696120	2697920
37	2697920	2703040
38	2703040	2764080
38	2764080	2768080
38	2768080	2770440
38	2770440	2774560
38	2774560	2789080
38	2789080	2794360
38	2794360	2798320
38	2798320	2803040
38	2803040	2805000
38	2805000	2807640
38	2807640	2810960
38	2810960	2815080
38	2815080	2817880
38	2817880	2820600
38	2820600	2826520
38	2826520	2855320
38	2855320	2859240
38	2859240	2877200
39	2877200	2895040
39	2895040	2896840
39	2896840	2898280
39	2898280	2899680
39	2899680	2906520
39	2906520	2908480
39	2908480	2913080
39	2913080	2915080
39	2915080	2916480
39	2916480	2918800
39	2918800	2920480
39	2920480	2922840
39	2922840	2924880
39	2924880	2926400
39	2926400	2928000
39	2928000	2929480
39	2929480	2931640
39	2931640	2936120
39	2936120	2938960
39	2938960	2941440
39	2941440	2942480
39	2942480	2948640
39	2948640	2950680
39	2950680	2952720
39	2952720	2955880
39	2955880	2957640
39	2957640	2959360
39	2959360	2960520
39	2960520	2961600
39	2961600	2965160
39	2965160	2966720
39	2966720	2968240
39	2968240	2969920
39	2969920	2970480
39	2970480	2973520
39	2973520	2974400
39	2974400	2975640
39	2975640	2979080
39	2979080	2980000
39	2980000	2981960
39	2981960	2982600
39	2982600	2983360
39	2983360	2984880
39	2984880	2986840
39	2986840	2988280
39	2988280	2990160
39	2990160	2990840
39	2990840	2991560
39	2991560	2992440
39	2992440	2992720
39	2992720	2993200
39	2993200	2994360
39	2994360	2994960
39	2994960	2995760
39	2995760	2996680
39	2996680	2997440
39	2997440	2999080
39	2999080	2999760
39	2999760	3000760
39	3000760	3001560
39	3001560	3002440
39	3002440	3005120
39	3005120	3012200
39	3012200	3015320
39	3015320	3017400
39	3017400	3019280
39	3019280	3021400
39	3021400	3023120
39	3023120	3025160
39	3025160	3028480
39	3028480	3030640
39	3030640	3037720
39	3037720	3039800
39	3039800	3041640
39	3041640	3043240
39	3043240	3045920
39	3045920	3049080
39	3049080	3050680
39	3050680	3052440
39	3052440	3053560
39	3053560	3055400
39	3055400	3059520
39	3059520	3061960
39	3061960	3064200
39	3064200	3066840
39	3066840	3068600
39	3068600	3070960
39	3070960	3072680
39	3072680	3075840
39	3075840	3077680
39	3077680	3079880
39	3079880	3081240
39	3081240	3084200
39	3084200	3086120
39	3086120	3091080
39	3091080	3095520
39	3095520	3110920
39	3110920	3115560
39	3115560	3124760
39	3124760	3128440
39	3128440	3133360
39	3133360	3139040
39	3139040	3148840
39	3148840	3151360
39	3151360	3157720
39	3157720	3160000
39	3160000	3165000
39	3165000	3168560
39	3168560	3182000
39	3182000	3183040
39	3183040	3185240
39	3185240	3186800
39	3186800	3188880
39	3188880	3191600
39	3191600	3195240
39	3195240	3198440
40	3198440	3202720
40	3202720	3207720
40	3207720	3213320
40	3213320	3217800
40	3217800	3224480
40	3224480	3234760
40	3234760	3244040
40	3244040	3247640
40	3247640	3249640
40	3249640	3254640
40	3254640	3257320
40	3257320	3259560
40	3259560	3260880
40	3260880	3269760
40	3269760	3272160
40	3272160	3276040
40	3276040	3286160
40	3286160	3288000
40	3288000	3291320
40	3291320	3296960
41	3296960	3318040
41	3318040	3322400
41	3322400	3324880
41	3324880	3328240
41	3328240	3332920
41	3332920	3338800
41	3338800	3341440
41	3341440	3343080
41	3343080	3345680
41	3345680	3349560
41	3349560	3354600
41	3354600	3356520
41	3356520	3358080
41	3358080	3359120
41	3359120	3360880
41	3360880	3363640
41	3363640	3365840
41	3365840	3367400
41	3367400	3371440
42	3371440	3376880
42	3376880	3380240
42	3380240	3383720
42	3383720	3385480
42	3385480	3387640
42	3387640	3390040
42	3390040	3391600
42	3391600	3393440
42	3393440	3395360
42	3395360	3397160
42	3397160	3400440
42	3400440	3402200
42	3402200	3406080
42	3406080	3407560
42	3407560	3409040
42	3409040	3410640
42	3410640	3413480
42	3413480	3418440
42	3418440	3420280
42	3420280	3425720
42	3425720	3426920
43	3426920	3429360
43	3429360	3432840
43	3432840	3435400
43	3435400	3436320
43	3436320	3438120
43	3438120	3439040
43	3439040	3440960
43	3440960	3441720
43	3441720	3442880
43	3442880	3444440
43	3444440	3445080
43	3445080	3446400
43	3446400	3447440
43	3447440	3448720
43	3448720	3449640
43	3449640	3452160
43	3452160	3453280
43	3453280	3455320
43	3455320	3456440
43	3456440	3458000
43	3458000	3459280
43	3459280	3461520
43	3461520	3462680
43	3462680	3463960
43	3463960	3465520
43	3465520	3467040
43	3467040	3468800
43	3468800	3473480
43	3473480	3475520
43	3475520	3477800
43	3477800	3545840
