shot	start	end
0	0	6440
0	6440	7960
0	7960	11960
0	11960	15960
0	15960	16760
0	16760	19240
0	19240	20160
0	20160	22920
0	22920	24080
0	24080	25040
0	25040	26320
0	26320	27520
0	27520	28520
0	28520	29360
0	29360	30440
0	30440	31320
0	31320	32040
0	32040	32360
0	32360	32680
0	32680	34160
0	34160	35560
0	35560	37920
0	37920	38920
0	38920	39920
0	39920	40880
0	40880	42240
0	42240	44640
0	44640	46320
0	46320	48600
0	48600	50640
0	50640	51720
0	51720	52920
0	52920	54040
0	54040	55360
0	55360	57400
1	57400	66680
1	66680	87440
1	87440	95720
1	95720	106560
1	106560	112400
1	112400	117760
1	117760	124520
2	124520	131800
2	131800	140880
2	140880	149600
2	149600	154480
2	154480	156960
2	156960	162280
2	162280	167360
2	167360	175800
2	175800	180440
3	180440	187480
3	187480	189400
3	189400	191360
3	191360	191520
3	191520	193280
3	193280	193960
3	193960	196920
3	196920	199120
3	199120	200560
3	200560	202680
3	202680	204600
3	204600	207160
3	207160	209480
3	209480	211360
3	211360	213440
3	213440	215920
3	215920	218000
3	218000	220040
3	220040	222640
3	222640	223600
3	223600	225680
3	225680	227000
3	227000	229760
3	229760	232640
3	232640	235440
3	235440	237480
3	237480	239600
3	239600	241640
3	241640	243480
3	243480	245480
3	245480	248520
3	248520	250960
3	250960	253720
3	253720	256120
3	256120	258520
3	258520	261040
3	261040	265240
3	265240	273360
4	273360	290440
4	290440	296480
4	296480	299840
4	299840	303040
4	303040	310920
4	310920	319400
5	319400	340440
5	340440	344320
5	344320	351280
5	351280	358320
5	358320	367760
5	367760	374640
5	374640	380000
5	380000	383560
5	383560	389720
5	389720	391880
5	391880	400880
6	400880	410560
6	410560	415640
6	415640	423200
6	423200	427960
6	427960	432080
6	432080	439920
6	439920	445720
6	445720	488400
6	488400	496800
6	496800	501560
6	501560	515240
7	515240	529160
7	529160	531720
7	531720	539960
7	539960	542000
7	542000	544040
7	544040	547280
7	547280	550240
7	550240	556960
7	556960	563280
7	563280	572840
7	572840	577200
8	577200	586120
8	586120	595560
8	595560	603880
8	603880	613680
8	613680	620600
8	620600	636480
8	636480	640560
8	640560	643160
9	643160	684760
9	684760	695560
9	695560	702240
9	702240	705000
9	705000	711280
9	711280	715040
9	715040	724120
9	724120	727240
9	727240	728480
9	728480	729920
9	729920	732440
9	732440	742120
9	742120	746040
9	746040	750760
9	750760	753080
9	753080	757200
9	757200	766240
10	766240	777680
10	777680	783040
10	783040	785640
10	785640	803800
10	803800	811640
11	811640	816720
11	816720	820680
11	820680	826240
11	826240	838480
12	838480	848480
12	848480	856400
12	856400	858560
12	858560	863440
12	863440	874360
12	874360	881360
12	881360	884280
12	884280	889200
12	889200	895240
12	895240	899080
13	899080	915160
13	915160	923200
13	923200	930240
13	930240	948200
13	948200	952160
13	952160	956000
13	956000	964880
13	964880	993800
14	993800	1010080
14	1010080	1017120
14	1017120	1042720
14	1042720	1046040
14	1046040	1049880
14	1049880	1055880
14	1055880	1062480
14	1062480	1067000
14	1067000	1070120
14	1070120	1072760
14	1072760	1083320
14	1083320	1094000
15	1094000	1108200
15	1108200	1115520
15	1115520	1121720
15	1121720	1130920
15	1130920	1136640
15	1136640	1144120
15	1144120	1146440
15	1146440	1152120
15	1152120	1155080
15	1155080	1163120
16	1163120	1169800
16	1169800	1173640
16	1173640	1178120
16	1178120	1188960
16	1188960	1191120
17	1191120	1207440
18	1207440	1220040
18	1220040	1221800
18	1221800	1227080
18	1227080	1229600
18	1229600	1259800
18	1259800	1269720
18	1269720	1273640
19	1273640	1287640
19	1287640	1290400
19	1290400	1305520
19	1305520	1310400
19	1310400	1318840
19	1318840	1330480
19	1330480	1338280
19	1338280	1342320
19	1342320	1348120
19	1348120	1354480
19	1354480	1358880
19	1358880	1361560
19	1361560	1383000
19	1383000	1391480
19	1391480	1395400
19	1395400	1400240
19	1400240	1405400
19	1405400	1410760
19	1410760	1427680
19	1427680	1438000
19	1438000	1449720
19	1449720	1463120
20	1463120	1488440
20	1488440	1491440
20	1491440	1494280
20	1494280	1496160
20	1496160	1525720
20	1525720	1537640
20	1537640	1546880
20	1546880	1553720
20	1553720	1565360
20	1565360	1568880
21	1568880	1611200
21	1611200	1627240
22	1627240	1675120
22	1675120	1693080
22	1693080	1700080
22	1700080	1701840
22	1701840	1711920
22	1711920	1720320
22	1720320	1732200
23	1732200	1735840
23	1735840	1737840
23	1737840	1741360
23	1741360	1742840
23	1742840	1745120
23	1745120	1747920
23	1747920	1751160
23	1751160	1755760
23	1755760	1757160
23	1757160	1761960
23	1761960	1765760
23	1765760	1767880
23	1767880	1772200
23	1772200	1776280
24	1776280	1789840
24	1789840	1798240
24	1798240	1808320
24	1808320	1819120
24	1819120	1824760
24	1824760	1833440
24	1833440	1853120
24	1853120	1860600
24	1860600	1863040
24	1863040	1890920
25	1890920	1904080
25	1904080	1916720
25	1916720	1937360
25	1937360	1939040
25	1939040	1941200
25	1941200	1947720
26	1947720	1958240
26	1958240	1972600
26	1972600	1985760
26	1985760	1996760
26	1996760	1999880
26	1999880	2011280
26	2011280	2018800
26	2018800	2024120
26	2024120	2027000
26	2027000	2032320
26	2032320	2034960
26	2034960	2038680
26	2038680	2042840
26	2042840	2048080
26	2048080	2051880
26	2051880	2055040
26	2055040	2058640
26	2058640	2062800
26	2062800	2069200
26	2069200	2086600
26	2086600	2094640
26	2094640	2098560
26	2098560	2105080
26	2105080	2109000
26	2109000	2110640
26	2110640	2120960
26	2120960	2124160
26	2124160	2126040
26	2126040	2127040
26	2127040	2129440
26	2129440	2132480
26	2132480	2134160
26	2134160	2143560
26	2143560	2149200
26	2149200	2152000
26	2152000	2157480
26	2157480	2159280
26	2159280	2163400
26	2163400	2166000
26	2166000	2169520
26	2169520	2174240
26	2174240	2177480
26	2177480	2185840
26	2185840	2189640
26	2189640	2199760
26	2199760	2204480
26	2204480	2207520
26	2207520	2216440
27	2216440	2234440
27	2234440	2234720
27	2234720	2240720
27	2240720	2241680
27	2241680	2253360
28	2253360	2259040
28	2259040	2266960
28	2266960	2269840
28	2269840	2287160
28	2287160	2295120
28	2295120	2299240
28	2299240	2303360
28	2303360	2306000
28	2306000	2311000
28	2311000	2312320
28	2312320	2318200
28	2318200	2324440
28	2324440	2329000
28	2329000	2330600
28	2330600	2332480
28	2332480	2333880
28	2333880	2335840
28	2335840	2338480
28	2338480	2341920
28	2341920	2344440
28	2344440	2347840
28	2347840	2349760
28	2349760	2351080
28	2351080	2352360
28	2352360	2353280
28	2353280	2355640
28	2355640	2360200
28	2360200	2361880
28	2361880	2365120
28	2365120	2368480
28	2368480	2371000
28	2371000	2374240
28	2374240	2378120
28	2378120	2380680
28	2380680	2383560
28	2383560	2389200
28	2389200	2393960
28	2393960	2398360
28	2398360	2402840
28	2402840	2404600
28	2404600	2410160
28	2410160	2413880
28	2413880	2417280
28	2417280	2419040
28	2419040	2420520
28	2420520	2421600
28	2421600	2423080
28	2423080	2426800
28	2426800	2432200
28	2432200	2437920
28	2437920	2449920
28	2449920	2459800
28	2459800	2466880
28	2466880	2470360
29	2470360	2480040
29	2480040	2496960
29	2496960	2512560
29	2512560	2517800
29	2517800	2522600
29	2522600	2526160
29	2526160	2529640
29	2529640	2534720
29	2534720	2541240
29	2541240	2546520
29	2546520	2550400
29	2550400	2551960
29	2551960	2554240
29	2554240	2555880
29	2555880	2561560
29	2561560	2566800
30	2566800	2591920
30	2591920	2596280
30	2596280	2609200
31	2609200	2625120
31	2625120	2634280
31	2634280	2639280
31	2639280	2644920
31	2644920	2650000
31	2650000	2652480
31	2652480	2662720
31	2662720	2669720
31	2669720	2672480
32	2672480	2692040
32	2692040	2696120
32	2696120	2722720
32	2722720	2743320
33	2743320	2875600
