shot	start	end
0	0	12720
0	12720	17200
0	17200	19840
0	19840	21320
0	21320	22920
0	22920	25760
0	25760	27040
0	27040	28560
0	28560	30160
0	30160	32520
0	32520	33400
0	33400	35040
0	35040	36600
0	36600	37680
0	37680	40720
0	40720	42080
0	42080	43280
0	43280	43480
0	43480	45200
0	45200	46600
0	46600	47280
0	47280	48280
0	48280	49000
1	49000	53680
1	53680	56720
1	56720	62080
1	62080	63560
1	63560	64840
1	64840	69800
1	69800	75280
1	75280	76920
1	76920	80440
1	80440	83040
1	83040	85520
1	85520	87480
1	87480	90040
1	90040	91400
1	91400	94120
1	94120	103880
1	103880	107800
1	107800	112720
1	112720	119120
1	119120	124720
1	124720	133040
1	133040	136680
1	136680	139800
1	139800	142160
1	142160	147320
1	147320	155480
1	155480	158120
1	158120	163040
1	163040	174040
1	174040	176200
1	176200	178360
1	178360	192920
2	192920	199760
2	199760	201680
2	201680	203640
2	203640	203800
2	203800	205560
2	205560	206240
2	206240	209200
2	209200	211400
2	211400	212840
2	212840	214960
2	214960	216880
2	216880	219440
2	219440	221760
2	221760	223640
2	223640	225720
2	225720	228200
2	228200	230280
2	230280	232320
2	232320	234920
2	234920	235880
2	235880	237960
2	237960	239280
2	239280	242040
2	242040	244920
2	244920	247720
2	247720	251880
2	251880	253920
2	253920	255760
2	255760	257760
2	257760	260800
2	260800	263240
2	263240	266000
2	266000	268400
2	268400	270600
2	270600	270800
2	270800	273320
2	273320	277520
2	277520	285840
3	285840	292000
3	292000	299640
3	299640	303160
3	303160	308880
3	308880	312840
3	312840	317200
3	317200	324360
3	324360	326480
3	326480	329520
3	329520	333240
4	333240	362040
4	362040	364360
4	364360	369840
4	369840	373000
4	373000	377760
4	377760	382160
4	382160	385480
4	385480	387600
4	387600	404040
5	404040	409440
5	409440	416120
5	416120	417760
5	417760	425440
5	425440	427200
5	427200	431960
6	431960	458920
6	458920	465840
6	465840	471200
6	471200	480640
6	480640	484320
6	484320	496240
7	496240	507440
7	507440	508560
7	508560	510560
7	510560	513240
7	513240	516800
7	516800	522000
7	522000	523680
7	523680	526600
7	526600	528400
7	528400	534280
7	534280	538760
7	538760	541560
7	541560	562000
7	562000	564480
7	564480	566120
7	566120	568360
7	568360	571000
7	571000	572120
7	572120	573120
7	573120	588680
8	588680	592760
8	592760	606160
8	606160	609480
8	609480	614360
8	614360	619680
8	619680	622480
8	622480	624960
8	624960	628360
8	628360	632640
8	632640	638000
8	638000	639680
8	639680	643120
8	643120	649240
8	649240	651280
8	651280	656480
8	656480	659680
8	659680	665840
9	665840	690120
9	690120	691160
9	691160	692240
9	692240	694840
9	694840	696120
9	696120	698480
9	698480	700200
9	700200	703640
9	703640	708600
9	708600	710120
9	710120	714000
9	714000	715840
9	715840	717320
9	717320	719120
10	719120	721440
10	721440	724920
10	724920	733160
10	733160	745440
10	745440	751880
10	751880	755560
10	755560	757320
10	757320	760480
10	760480	760640
10	760640	761360
10	761360	763360
10	763360	764760
10	764760	765720
10	765720	767240
10	767240	769560
10	769560	773800
10	773800	775480
10	775480	778920
10	778920	780200
10	780200	782040
10	782040	783680
10	783680	785960
10	785960	790360
11	790360	791680
11	791680	793040
11	793040	794840
11	794840	799320
11	799320	805520
11	805520	807440
11	807440	810600
11	810600	813960
11	813960	819040
11	819040	821160
11	821160	823480
11	823480	825120
11	825120	831960
11	831960	837640
11	837640	840040
11	840040	844680
11	844680	847160
11	847160	848640
11	848640	850760
11	850760	852800
11	852800	859800
11	859800	868120
11	868120	877320
11	877320	878840
12	878840	888320
12	888320	892840
12	892840	896120
12	896120	898080
12	898080	899440
12	899440	902160
12	902160	904840
12	904840	919920
12	919920	922680
12	922680	925320
12	925320	928200
12	928200	932480
12	932480	937000
12	937000	942680
12	942680	944720
12	944720	945760
12	945760	948000
12	948000	963280
12	963280	967040
12	967040	973040
12	973040	975280
12	975280	987160
12	987160	989120
12	989120	995680
12	995680	999480
12	999480	1014160
12	1014160	1021520
12	1021520	1024120
12	1024120	1029960
12	1029960	1031000
12	1031000	1035360
12	1035360	1047240
12	1047240	1051640
13	1051640	1053560
13	1053560	1059760
13	1059760	1067080
13	1067080	1072320
13	1072320	1079280
13	1079280	1083120
13	1083120	1088600
13	1088600	1102600
13	1102600	1109800
13	1109800	1115720
13	1115720	1119640
13	1119640	1124640
13	1124640	1128800
13	1128800	1130520
13	1130520	1133840
13	1133840	1135600
13	1135600	1137680
13	1137680	1148280
14	1148280	1182160
14	1182160	1184640
14	1184640	1188120
14	1188120	1194880
14	1194880	1207800
14	1207800	1211960
14	1211960	1214840
14	1214840	1231240
14	1231240	1234520
14	1234520	1243840
14	1243840	1247680
14	1247680	1257440
15	1257440	1261160
15	1261160	1263520
15	1263520	1269280
15	1269280	1273160
15	1273160	1282040
15	1282040	1290600
15	1290600	1296720
15	1296720	1299400
15	1299400	1302520
15	1302520	1314000
15	1314000	1324240
15	1324240	1329760
15	1329760	1332960
15	1332960	1337160
15	1337160	1342680
15	1342680	1348800
15	1348800	1351240
15	1351240	1356280
15	1356280	1362600
15	1362600	1364840
16	1364840	1374680
16	1374680	1386040
16	1386040	1393240
16	1393240	1399440
16	1399440	1414360
16	1414360	1423080
16	1423080	1427000
16	1427000	1429360
16	1429360	1431840
16	1431840	1435920
16	1435920	1439120
16	1439120	1447240
16	1447240	1458240
16	1458240	1462360
16	1462360	1469360
17	1469360	1472720
17	1472720	1477240
17	1477240	1478720
17	1478720	1483720
17	1483720	1494440
17	1494440	1498160
17	1498160	1503640
17	1503640	1505600
17	1505600	1518280
17	1518280	1576960
18	1576960	1588040
18	1588040	1592840
18	1592840	1595800
18	1595800	1597720
18	1597720	1604760
18	1604760	1608240
18	1608240	1609760
18	1609760	1615680
18	1615680	1621600
18	1621600	1624920
18	1624920	1627080
18	1627080	1630400
18	1630400	1634600
18	1634600	1636480
19	1636480	1644280
19	1644280	1646040
19	1646040	1650240
19	1650240	1657840
19	1657840	1660160
19	1660160	1661520
19	1661520	1665800
19	1665800	1667480
19	1667480	1668480
19	1668480	1670840
19	1670840	1673640
19	1673640	1676040
19	1676040	1684600
19	1684600	1687200
19	1687200	1689280
19	1689280	1697640
19	1697640	1699280
20	1699280	1706200
20	1706200	1708640
20	1708640	1711160
20	1711160	1714480
20	1714480	1718480
20	1718480	1719680
20	1719680	1722640
20	1722640	1724800
20	1724800	1728840
20	1728840	1732200
20	1732200	1735360
20	1735360	1741400
20	1741400	1743440
20	1743440	1752640
21	1752640	1754320
21	1754320	1755600
21	1755600	1757080
21	1757080	1758400
21	1758400	1760320
21	1760320	1760920
21	1760920	1762680
21	1762680	1770760
21	1770760	1773440
22	1773440	1789040
22	1789040	1795600
22	1795600	1798400
22	1798400	1801720
22	1801720	1807040
22	1807040	1809240
22	1809240	1815440
22	1815440	1818480
22	1818480	1821960
22	1821960	1823760
22	1823760	1826560
22	1826560	1831400
22	1831400	1839480
22	1839480	1843960
22	1843960	1845880
22	1845880	1847800
22	1847800	1850760
22	1850760	1857840
22	1857840	1866760
23	1866760	1927640
23	1927640	1935040
23	1935040	1936520
23	1936520	1940000
23	1940000	1942840
23	1942840	1949880
23	1949880	1954520
23	1954520	1969560
24	1969560	1971600
24	1971600	2001640
24	2001640	2008280
24	2008280	2019560
24	2019560	2033440
25	2033440	2050040
25	2050040	2058840
25	2058840	2061600
25	2061600	2065600
25	2065600	2069520
26	2069520	2072520
26	2072520	2074160
26	2074160	2080040
26	2080040	2082720
26	2082720	2090400
26	2090400	2093320
26	2093320	2104320
26	2104320	2106200
26	2106200	2109360
27	2109360	2117640
27	2117640	2134400
28	2134400	2148000
28	2148000	2168920
29	2168920	2174200
29	2174200	2181000
29	2181000	2187920
29	2187920	2197520
30	2197520	2201720
30	2201720	2203560
30	2203560	2207640
30	2207640	2210440
30	2210440	2214120
30	2214120	2216200
30	2216200	2220360
30	2220360	2222560
30	2222560	2225040
30	2225040	2226960
30	2226960	2228000
30	2228000	2232560
30	2232560	2234400
30	2234400	2236040
30	2236040	2237400
30	2237400	2243200
30	2243200	2246360
30	2246360	2252800
30	2252800	2254760
30	2254760	2257080
30	2257080	2258000
30	2258000	2260040
30	2260040	2265480
30	2265480	2266760
30	2266760	2268840
30	2268840	2273840
30	2273840	2275960
30	2275960	2278880
30	2278880	2280320
30	2280320	2281960
30	2281960	2285920
30	2285920	2287800
30	2287800	2290440
30	2290440	2293480
30	2293480	2297680
30	2297680	2303520
30	2303520	2306760
30	2306760	2310520
30	2310520	2312080
30	2312080	2313200
30	2313200	2316600
30	2316600	2318360
30	2318360	2320480
30	2320480	2324240
31	2324240	2328800
31	2328800	2337320
31	2337320	2355160
31	2355160	2363120
31	2363120	2371120
31	2371120	2373080
31	2373080	2376680
31	2376680	2379120
32	2379120	2395720
33	2395720	2401600
33	2401600	2409280
33	2409280	2415720
33	2415720	2421960
33	2421960	2424240
33	2424240	2428240
33	2428240	2436040
33	2436040	2438000
33	2438000	2439720
33	2439720	2442200
33	2442200	2446920
33	2446920	2449840
34	2449840	2455560
34	2455560	2460440
34	2460440	2462800
34	2462800	2464880
34	2464880	2467880
34	2467880	2470400
34	2470400	2472000
34	2472000	2474040
34	2474040	2475480
34	2475480	2476840
34	2476840	2477480
34	2477480	2482240
34	2482240	2488080
34	2488080	2492520
34	2492520	2494760
34	2494760	2495560
34	2495560	2496320
34	2496320	2499280
34	2499280	2501720
34	2501720	2504600
34	2504600	2510960
34	2510960	2515640
34	2515640	2520880
34	2520880	2523920
35	2523920	2543680
35	2543680	2560440
35	2560440	2563320
35	2563320	2567800
35	2567800	2571040
35	2571040	2574920
36	2574920	2588720
36	2588720	2593120
36	2593120	2594800
36	2594800	2597720
36	2597720	2600000
36	2600000	2603240
36	2603240	2605480
36	2605480	2608160
36	2608160	2609840
36	2609840	2614480
36	2614480	2615480
36	2615480	2618920
37	2618920	2622880
37	2622880	2627480
37	2627480	2631920
37	2631920	2635240
37	2635240	2637720
37	2637720	2639480
37	2639480	2642680
37	2642680	2645760
37	2645760	2646880
37	2646880	2648400
37	2648400	2654120
38	2654120	2666120
38	2666120	2671680
38	2671680	2680960
38	2680960	2693200
38	2693200	2696880
38	2696880	2703840
38	2703840	2710360
38	2710360	2712240
38	2712240	2715080
38	2715080	2716400
38	2716400	2718000
38	2718000	2728200
38	2728200	2729800
38	2729800	2731520
38	2731520	2733920
38	2733920	2736680
38	2736680	2743400
38	2743400	2744880
38	2744880	2747520
38	2747520	2750760
38	2750760	2753520
38	2753520	2755640
38	2755640	2762080
38	2762080	2770480
39	2770480	2774040
39	2774040	2784760
39	2784760	2791920
39	2791920	2794640
39	2794640	2797520
39	2797520	2799600
39	2799600	2802080
39	2802080	2804400
39	2804400	2806320
39	2806320	2816880
39	2816880	2820800
39	2820800	2830000
39	2830000	2843960
40	2843960	2983600
