shot	start	end
0	0	12320
0	12320	17320
0	17320	20560
0	20560	21640
0	21640	24680
0	24680	26560
0	26560	29120
0	29120	30280
0	30280	30880
0	30880	32680
0	32680	34880
0	34880	36880
0	36880	37760
0	37760	38440
0	38440	40280
0	40280	41640
0	41640	43600
0	43600	45360
0	45360	46080
0	46080	47200
0	47200	49680
0	49680	51240
1	51240	61800
1	61800	63720
1	63720	65680
1	65680	65840
1	65840	67600
1	67600	68280
1	68280	71240
1	71240	73440
1	73440	74880
1	74880	77000
1	77000	78920
1	78920	81480
1	81480	83800
1	83800	85680
1	85680	87760
1	87760	90240
1	90240	92320
1	92320	94360
1	94360	96960
1	96960	97920
1	97920	100000
1	100000	101320
1	101320	104080
1	104080	106960
1	106960	109760
1	109760	111800
1	111800	113920
1	113920	115960
1	115960	117800
1	117800	119800
1	119800	122840
1	122840	125280
1	125280	128040
1	128040	130440
1	130440	132840
1	132840	135360
1	135360	139560
1	139560	170440
2	170440	178000
3	178000	185480
3	185480	190760
3	190760	193960
3	193960	195360
3	195360	196000
3	196000	197800
3	197800	199480
3	199480	200760
3	200760	202360
3	202360	202920
3	202920	203920
3	203920	207120
3	207120	208400
3	208400	211960
3	211960	214720
3	214720	217040
3	217040	219960
3	219960	248920
3	248920	262600
3	262600	274800
3	274800	276360
3	276360	278880
3	278880	281920
3	281920	284440
3	284440	296560
3	296560	300800
4	300800	319800
4	319800	333880
4	333880	336960
4	336960	342520
4	342520	346360
4	346360	353720
4	353720	382520
5	382520	387600
5	387600	391920
5	391920	393120
5	393120	395360
5	395360	402520
5	402520	404160
5	404160	410000
5	410000	414800
5	414800	429360
6	429360	436560
6	436560	438080
6	438080	443840
7	443840	448320
7	448320	450880
7	450880	451840
7	451840	460720
7	460720	472880
7	472880	482720
7	482720	492880
7	492880	497240
7	497240	504400
7	504400	513880
7	513880	518080
7	518080	526360
7	526360	536960
7	536960	551680
7	551680	564880
7	564880	567200
7	567200	569360
7	569360	580960
7	580960	582720
7	582720	585760
7	585760	590000
7	590000	594240
7	594240	598000
7	598000	600280
7	600280	609760
7	609760	614880
7	614880	618000
7	618000	631920
8	631920	653200
9	653200	666040
9	666040	671640
9	671640	683720
9	683720	688040
9	688040	690000
10	690000	706400
10	706400	708320
10	708320	719000
10	719000	725560
10	725560	728040
10	728040	731280
10	731280	732520
10	732520	733920
10	733920	738320
10	738320	746560
10	746560	752080
10	752080	755200
10	755200	762040
10	762040	767120
10	767120	775840
10	775840	786160
11	786160	793840
11	793840	800080
11	800080	806600
11	806600	815080
11	815080	820320
11	820320	821880
11	821880	824280
11	824280	827080
11	827080	834480
12	834480	838480
12	838480	844160
12	844160	849080
12	849080	850680
12	850680	855800
12	855800	858000
12	858000	865720
12	865720	875440
13	875440	881680
13	881680	883840
13	883840	887800
13	887800	891160
13	891160	907480
13	907480	910480
13	910480	912200
13	912200	916880
13	916880	922200
13	922200	926680
13	926680	928000
13	928000	930320
13	930320	936440
14	936440	953120
14	953120	959960
14	959960	964120
14	964120	973840
14	973840	992920
14	992920	996920
14	996920	1005440
14	1005440	1007720
14	1007720	1010720
14	1010720	1013640
14	1013640	1016200
14	1016200	1018800
14	1018800	1023720
14	1023720	1025120
14	1025120	1027720
14	1027720	1032520
14	1032520	1042400
15	1042400	1050800
15	1050800	1053320
15	1053320	1068960
16	1068960	1072480
16	1072480	1083360
16	1083360	1094000
16	1094000	1097360
16	1097360	1103160
16	1103160	1110080
16	1110080	1115160
16	1115160	1116880
16	1116880	1118920
16	1118920	1160960
17	1160960	1166440
17	1166440	1190000
17	1190000	1204200
17	1204200	1212200
17	1212200	1216800
17	1216800	1220240
17	1220240	1222760
17	1222760	1228240
17	1228240	1232240
17	1232240	1235640
17	1235640	1244840
17	1244840	1252520
17	1252520	1265880
17	1265880	1273240
17	1273240	1277480
17	1277480	1287080
17	1287080	1290200
17	1290200	1295800
17	1295800	1297960
17	1297960	1303400
18	1303400	1304880
18	1304880	1313160
18	1313160	1318880
18	1318880	1320760
18	1320760	1322680
18	1322680	1331640
18	1331640	1338880
18	1338880	1340000
18	1340000	1344000
18	1344000	1346720
18	1346720	1350000
18	1350000	1351240
18	1351240	1356480
18	1356480	1357680
18	1357680	1359560
18	1359560	1362280
18	1362280	1370360
18	1370360	1373880
18	1373880	1376920
18	1376920	1379920
18	1379920	1382760
18	1382760	1383520
18	1383520	1386440
18	1386440	1389080
18	1389080	1397680
18	1397680	1398760
18	1398760	1401920
18	1401920	1406640
18	1406640	1427120
19	1427120	1478560
19	1478560	1481360
19	1481360	1487600
19	1487600	1490800
19	1490800	1493040
19	1493040	1507200
19	1507200	1513120
19	1513120	1516760
19	1516760	1517400
19	1517400	1520560
19	1520560	1521840
19	1521840	1525200
19	1525200	1528240
19	1528240	1534680
19	1534680	1548320
19	1548320	1553640
19	1553640	1558120
19	1558120	1563640
20	1563640	1576400
20	1576400	1584360
20	1584360	1614240
20	1614240	1623720
20	1623720	1641240
21	1641240	1662640
21	1662640	1665920
21	1665920	1672120
21	1672120	1675360
21	1675360	1681760
21	1681760	1684680
21	1684680	1687800
21	1687800	1690640
21	1690640	1693400
21	1693400	1695040
21	1695040	1695960
21	1695960	1697480
21	1697480	1699400
21	1699400	1707280
21	1707280	1710400
21	1710400	1717400
21	1717400	1727680
21	1727680	1732320
21	1732320	1734600
21	1734600	1736560
21	1736560	1738720
21	1738720	1743520
21	1743520	1747320
21	1747320	1751440
21	1751440	1753520
21	1753520	1755760
21	1755760	1757520
21	1757520	1759800
21	1759800	1762840
21	1762840	1770200
21	1770200	1776640
21	1776640	1778840
22	1778840	1795240
22	1795240	1797360
22	1797360	1803640
22	1803640	1806400
22	1806400	1810040
23	1810040	1817480
23	1817480	1825680
23	1825680	1843560
23	1843560	1851800
23	1851800	1854880
23	1854880	1859520
23	1859520	1871880
23	1871880	1875640
23	1875640	1878720
23	1878720	1885400
23	1885400	1887960
23	1887960	1889920
23	1889920	1891160
23	1891160	1892880
24	1892880	1898040
24	1898040	1902680
24	1902680	1905640
25	1905640	1922800
25	1922800	1940400
25	1940400	1952360
25	1952360	1961440
25	1961440	1974880
25	1974880	1979720
25	1979720	2009520
25	2009520	2011760
25	2011760	2017080
26	2017080	2020680
26	2020680	2025600
26	2025600	2055480
26	2055480	2062000
26	2062000	2065640
26	2065640	2075880
26	2075880	2078240
26	2078240	2092880
27	2092880	2110720
27	2110720	2118200
27	2118200	2122520
27	2122520	2140080
27	2140080	2151560
27	2151560	2157520
27	2157520	2164000
28	2164000	2192840
28	2192840	2199400
28	2199400	2206760
28	2206760	2212240
28	2212240	2215960
28	2215960	2219120
28	2219120	2225920
28	2225920	2232200
28	2232200	2237120
28	2237120	2239520
28	2239520	2242160
28	2242160	2248040
28	2248040	2254880
28	2254880	2257680
28	2257680	2261440
28	2261440	2273400
28	2273400	2286040
28	2286040	2298040
28	2298040	2300920
28	2300920	2306160
28	2306160	2319520
28	2319520	2331920
28	2331920	2335800
28	2335800	2345280
28	2345280	2351160
28	2351160	2354720
28	2354720	2367680
28	2367680	2378800
28	2378800	2383520
28	2383520	2396200
28	2396200	2409600
28	2409600	2430120
28	2430120	2441320
29	2441320	2450080
29	2450080	2450920
29	2450920	2454120
29	2454120	2461400
29	2461400	2468720
29	2468720	2480640
30	2480640	2486960
30	2486960	2493520
30	2493520	2499760
30	2499760	2502760
30	2502760	2518280
30	2518280	2524680
30	2524680	2529760
30	2529760	2533040
30	2533040	2535360
30	2535360	2538040
30	2538040	2539640
30	2539640	2541960
30	2541960	2546560
30	2546560	2548640
30	2548640	2554600
30	2554600	2562360
30	2562360	2571960
30	2571960	2573920
30	2573920	2589920
30	2589920	2594560
30	2594560	2596920
30	2596920	2602360
31	2602360	2615720
31	2615720	2623160
31	2623160	2627440
31	2627440	2628360
31	2628360	2629800
31	2629800	2630520
31	2630520	2631560
31	2631560	2636240
32	2636240	2640800
32	2640800	2643560
32	2643560	2648400
32	2648400	2650600
32	2650600	2660160
32	2660160	2664640
32	2664640	2668160
32	2668160	2672960
32	2672960	2675280
32	2675280	2681080
32	2681080	2682800
32	2682800	2684360
32	2684360	2685600
32	2685600	2686760
32	2686760	2688480
32	2688480	2689840
32	2689840	2691320
32	2691320	2694160
32	2694160	2709000
32	2709000	2711200
32	2711200	2712600
32	2712600	2715600
32	2715600	2717760
32	2717760	2720480
32	2720480	2722960
32	2722960	2723960
32	2723960	2725440
32	2725440	2732240
33	2732240	2864600
