shot	start	end
0	0	10520
0	10520	14080
0	14080	15720
0	15720	18840
0	18840	21440
0	21440	22480
0	22480	23120
0	23120	25360
0	25360	26080
0	26080	30840
0	30840	32760
0	32760	35680
0	35680	37200
0	37200	38360
0	38360	40240
0	40240	41080
0	41080	42760
0	42760	43160
0	43160	44120
0	44120	45720
0	45720	48600
0	48600	49600
0	49600	50240
0	50240	51560
0	51560	52480
0	52480	53640
1	53640	68200
1	68200	72720
1	72720	90640
1	90640	99480
1	99480	114560
1	114560	120400
1	120400	124600
1	124600	131520
1	131520	134720
2	134720	142640
2	142640	155720
2	155720	159280
2	159280	163920
2	163920	166280
2	166280	167800
2	167800	168680
2	168680	180040
2	180040	183960
2	183960	186920
2	186920	187440
2	187440	190000
2	190000	194560
3	194560	201600
3	201600	203520
3	203520	205480
3	205480	205640
3	205640	207400
3	207400	208080
3	208080	211040
3	211040	213240
3	213240	214680
3	214680	216800
3	216800	218720
3	218720	221280
3	221280	223600
3	223600	225480
3	225480	227560
3	227560	230040
3	230040	232120
3	232120	234160
3	234160	236760
3	236760	237720
3	237720	239800
3	239800	241120
3	241120	243880
3	243880	246760
3	246760	249560
3	249560	253720
3	253720	255760
3	255760	257600
3	257600	259600
3	259600	262640
3	262640	265080
3	265080	267840
3	267840	270240
3	270240	272640
3	272640	275160
3	275160	279360
3	279360	287480
4	287480	309480
4	309480	314800
4	314800	318280
4	318280	322360
4	322360	324200
4	324200	329840
4	329840	332960
4	332960	340560
4	340560	347200
4	347200	353920
4	353920	357040
4	357040	363880
4	363880	371720
4	371720	374360
4	374360	376360
4	376360	381120
4	381120	382840
4	382840	386000
4	386000	388280
4	388280	392080
5	392080	395720
5	395720	397960
5	397960	403440
5	403440	407960
5	407960	410040
5	410040	414000
5	414000	416720
5	416720	419160
5	419160	422360
5	422360	428320
5	428320	431080
5	431080	438160
5	438160	446160
6	446160	458360
6	458360	460160
6	460160	461920
6	461920	464320
6	464320	467680
6	467680	470120
6	470120	471800
6	471800	478000
6	478000	484000
6	484000	493080
6	493080	505560
6	505560	508080
6	508080	515640
7	515640	518800
7	518800	551440
8	551440	581240
8	581240	586720
8	586720	614120
8	614120	618120
8	618120	622040
8	622040	625240
8	625240	629400
8	629400	636240
8	636240	648840
8	648840	653000
8	653000	664240
8	664240	669320
8	669320	674840
8	674840	679040
9	679040	692240
9	692240	696880
9	696880	704200
9	704200	712360
9	712360	716040
10	716040	728480
10	728480	730000
10	730000	736520
10	736520	739960
10	739960	743240
10	743240	747320
10	747320	749120
10	749120	750520
10	750520	751520
10	751520	753120
10	753120	754680
10	754680	757000
10	757000	767840
10	767840	774400
10	774400	783280
10	783280	785880
10	785880	788600
10	788600	790640
10	790640	795880
11	795880	822960
11	822960	825640
11	825640	830120
11	830120	842360
11	842360	846760
11	846760	850720
11	850720	855080
11	855080	862040
12	862040	869120
12	869120	871960
12	871960	874840
12	874840	877240
12	877240	889240
12	889240	890520
12	890520	901320
12	901320	910400
13	910400	933680
13	933680	938960
13	938960	947080
13	947080	950520
13	950520	952880
13	952880	955800
13	955800	956720
13	956720	957640
13	957640	962520
13	962520	971240
13	971240	975200
13	975200	976560
14	976560	980240
14	980240	983200
14	983200	990280
15	990280	994800
15	994800	996440
15	996440	1022880
15	1022880	1028080
15	1028080	1031800
15	1031800	1035360
15	1035360	1037920
15	1037920	1045200
15	1045200	1050200
16	1050200	1052720
16	1052720	1071960
16	1071960	1088000
16	1088000	1098280
16	1098280	1102520
16	1102520	1106080
16	1106080	1107640
16	1107640	1109000
16	1109000	1111160
16	1111160	1115280
16	1115280	1118280
16	1118280	1125560
16	1125560	1128360
16	1128360	1136040
16	1136040	1139040
16	1139040	1141760
16	1141760	1143240
16	1143240	1146200
16	1146200	1147960
16	1147960	1149480
16	1149480	1153080
16	1153080	1154320
16	1154320	1156640
16	1156640	1163080
17	1163080	1178560
17	1178560	1188360
17	1188360	1190840
17	1190840	1194280
17	1194280	1196920
17	1196920	1201920
17	1201920	1222000
17	1222000	1225480
17	1225480	1228120
17	1228120	1231080
17	1231080	1233440
17	1233440	1237440
17	1237440	1243240
17	1243240	1247200
18	1247200	1251240
18	1251240	1254000
18	1254000	1262880
18	1262880	1272320
18	1272320	1292080
18	1292080	1296800
18	1296800	1298880
18	1298880	1302640
18	1302640	1307200
18	1307200	1313040
18	1313040	1315280
18	1315280	1321880
19	1321880	1331360
19	1331360	1342800
19	1342800	1345680
19	1345680	1349880
19	1349880	1353520
20	1353520	1355440
20	1355440	1357080
20	1357080	1361000
20	1361000	1370920
20	1370920	1380960
20	1380960	1386360
20	1386360	1394200
20	1394200	1400480
20	1400480	1405160
20	1405160	1407400
20	1407400	1415600
21	1415600	1422440
21	1422440	1433880
21	1433880	1451720
21	1451720	1455800
21	1455800	1463720
21	1463720	1481280
21	1481280	1486360
21	1486360	1489080
22	1489080	1491440
22	1491440	1495480
22	1495480	1498880
22	1498880	1501560
22	1501560	1505440
22	1505440	1508120
22	1508120	1511240
22	1511240	1516760
22	1516760	1520280
22	1520280	1524240
22	1524240	1528320
22	1528320	1529960
22	1529960	1536280
22	1536280	1538200
22	1538200	1539680
22	1539680	1542880
22	1542880	1550040
23	1550040	1591000
24	1591000	1622640
24	1622640	1626560
24	1626560	1628960
24	1628960	1631960
24	1631960	1633160
24	1633160	1638040
24	1638040	1663520
25	1663520	1669520
25	1669520	1673000
25	1673000	1679000
25	1679000	1680240
25	1680240	1690600
25	1690600	1692640
25	1692640	1695160
25	1695160	1696560
25	1696560	1708480
25	1708480	1710160
25	1710160	1713200
25	1713200	1716080
25	1716080	1723720
25	1723720	1738360
25	1738360	1747880
25	1747880	1756480
25	1756480	1758680
25	1758680	1766240
25	1766240	1769080
25	1769080	1779920
25	1779920	1781760
25	1781760	1789400
25	1789400	1793080
25	1793080	1805320
25	1805320	1819440
25	1819440	1823720
25	1823720	1828600
25	1828600	1845840
26	1845840	1862000
26	1862000	1870480
26	1870480	1872040
26	1872040	1881840
26	1881840	1887400
27	1887400	1903400
27	1903400	1907240
27	1907240	1911440
27	1911440	1916680
27	1916680	1921320
28	1921320	1925480
28	1925480	1926800
28	1926800	1931840
28	1931840	1942640
28	1942640	1945320
28	1945320	1954440
28	1954440	1959640
28	1959640	1970880
28	1970880	1984080
28	1984080	1988680
28	1988680	1997800
28	1997800	2003440
28	2003440	2009400
28	2009400	2017400
28	2017400	2020880
28	2020880	2032640
29	2032640	2042600
29	2042600	2065360
29	2065360	2087600
29	2087600	2094600
29	2094600	2098880
29	2098880	2103240
29	2103240	2107560
29	2107560	2110200
29	2110200	2116480
29	2116480	2121360
29	2121360	2125120
29	2125120	2129400
29	2129400	2136000
29	2136000	2137400
29	2137400	2139840
29	2139840	2141240
29	2141240	2160400
29	2160400	2171960
29	2171960	2177400
29	2177400	2183800
29	2183800	2189440
29	2189440	2196720
30	2196720	2203000
30	2203000	2207760
30	2207760	2213240
30	2213240	2216840
30	2216840	2222600
30	2222600	2223880
30	2223880	2225040
30	2225040	2227680
30	2227680	2231840
30	2231840	2237600
30	2237600	2243800
30	2243800	2247440
30	2247440	2250000
30	2250000	2253800
30	2253800	2255680
30	2255680	2260760
30	2260760	2268720
30	2268720	2277800
30	2277800	2283840
30	2283840	2290000
30	2290000	2294440
30	2294440	2302680
30	2302680	2306720
30	2306720	2308640
30	2308640	2310880
30	2310880	2314560
30	2314560	2315800
30	2315800	2317200
30	2317200	2317760
30	2317760	2319040
30	2319040	2320080
30	2320080	2320720
30	2320720	2322040
30	2322040	2323320
30	2323320	2324200
30	2324200	2327520
30	2327520	2330160
30	2330160	2333680
30	2333680	2337360
30	2337360	2343120
31	2343120	2360680
31	2360680	2380120
31	2380120	2383560
31	2383560	2387520
31	2387520	2388440
31	2388440	2389960
31	2389960	2390600
31	2390600	2394920
31	2394920	2400680
31	2400680	2404560
31	2404560	2405960
31	2405960	2410480
31	2410480	2413200
31	2413200	2419920
31	2419920	2426640
31	2426640	2428080
31	2428080	2431280
31	2431280	2433040
31	2433040	2440120
31	2440120	2444440
31	2444440	2448080
31	2448080	2452560
31	2452560	2455280
31	2455280	2457800
31	2457800	2459480
31	2459480	2461240
31	2461240	2463160
31	2463160	2464800
31	2464800	2469280
31	2469280	2471000
31	2471000	2481000
32	2481000	2487280
32	2487280	2496040
32	2496040	2498800
32	2498800	2502960
32	2502960	2505280
32	2505280	2507080
32	2507080	2513120
32	2513120	2514440
32	2514440	2517000
32	2517000	2525000
32	2525000	2528240
32	2528240	2534920
32	2534920	2536000
32	2536000	2537640
32	2537640	2538600
32	2538600	2542240
32	2542240	2558480
32	2558480	2562480
32	2562480	2570400
32	2570400	2571880
32	2571880	2576160
32	2576160	2580040
32	2580040	2589520
32	2589520	2592480
32	2592480	2596400
32	2596400	2605360
32	2605360	2611200
33	2611200	2614080
33	2614080	2621400
33	2621400	2623160
33	2623160	2630600
33	2630600	2634880
33	2634880	2640680
33	2640680	2644560
33	2644560	2652920
33	2652920	2655600
33	2655600	2660360
33	2660360	2663840
33	2663840	2671640
33	2671640	2674000
33	2674000	2678080
33	2678080	2681760
33	2681760	2687640
33	2687640	2702080
33	2702080	2713680
33	2713680	2717960
33	2717960	2727000
33	2727000	2729720
33	2729720	2732720
33	2732720	2735960
33	2735960	2738480
33	2738480	2752040
34	2752040	2768080
34	2768080	2770560
34	2770560	2772400
34	2772400	2776600
34	2776600	2805520
34	2805520	2808280
34	2808280	2811080
34	2811080	2816080
34	2816080	2822800
34	2822800	2827200
34	2827200	2841480
34	2841480	2865000
34	2865000	2872080
34	2872080	2881960
34	2881960	2887960
35	2887960	3021600
