shot	start	end
0	0	9480
0	9480	10960
0	10960	14440
0	14440	18760
0	18760	23560
0	23560	26240
0	26240	28240
0	28240	32080
0	32080	34880
0	34880	38320
0	38320	39880
0	39880	41760
0	41760	43240
0	43240	45760
0	45760	48200
0	48200	49760
0	49760	51400
0	51400	52800
0	52800	54480
0	54480	56080
0	56080	58160
0	58160	59120
0	59120	60240
0	60240	61360
0	61360	62480
0	62480	63920
0	63920	65880
0	65880	68360
0	68360	71120
0	71120	75120
1	75120	85160
1	85160	88320
1	88320	90920
1	90920	92840
1	92840	97920
1	97920	100080
1	100080	103160
1	103160	106120
1	106120	107960
1	107960	110800
1	110800	115000
1	115000	116240
1	116240	118640
1	118640	129160
1	129160	131920
1	131920	140680
1	140680	145320
1	145320	152080
1	152080	155520
1	155520	158360
2	158360	163440
2	163440	170920
2	170920	180760
2	180760	185640
2	185640	188720
2	188720	193280
2	193280	203880
2	203880	205280
2	205280	207360
2	207360	209200
2	209200	218480
2	218480	221280
2	221280	223640
2	223640	225880
2	225880	228320
2	228320	230040
2	230040	242960
3	242960	245600
3	245600	250800
3	250800	253960
3	253960	256920
3	256920	270120
3	270120	275600
3	275600	279640
3	279640	286640
3	286640	291120
3	291120	295160
3	295160	300320
3	300320	302800
3	302800	323000
4	323000	324760
4	324760	328160
4	328160	331000
4	331000	340200
4	340200	345280
4	345280	350600
4	350600	353080
4	353080	356280
4	356280	357760
4	357760	359360
4	359360	361600
4	361600	363600
4	363600	367160
4	367160	372200
4	372200	376000
4	376000	383640
5	383640	385560
5	385560	387520
5	387520	387680
5	387680	389440
5	389440	390120
5	390120	393080
5	393080	395280
5	395280	396720
5	396720	398840
5	398840	400760
5	400760	403320
5	403320	405640
5	405640	407520
5	407520	409600
5	409600	412080
5	412080	414160
5	414160	416200
5	416200	418800
5	418800	419760
5	419760	421840
5	421840	423160
5	423160	425920
5	425920	428800
5	428800	431600
5	431600	433640
5	433640	435760
5	435760	437800
5	437800	439640
5	439640	441640
5	441640	444680
5	444680	447120
5	447120	449880
5	449880	452280
5	452280	454680
5	454680	457200
5	457200	461400
5	461400	469640
6	469640	490800
6	490800	518200
7	518200	521880
7	521880	526520
7	526520	529400
7	529400	541080
7	541080	547000
7	547000	551040
7	551040	555320
7	555320	561040
7	561040	571960
7	571960	575760
7	575760	578720
7	578720	582560
7	582560	589120
7	589120	598360
7	598360	603840
7	603840	605720
8	605720	623480
8	623480	638680
8	638680	643960
8	643960	645160
8	645160	646840
8	646840	650280
8	650280	654120
8	654120	657000
8	657000	660480
8	660480	665560
8	665560	669920
8	669920	674160
8	674160	676520
8	676520	691520
9	691520	695000
9	695000	709440
9	709440	715240
9	715240	717760
9	717760	719560
9	719560	746440
9	746440	754800
9	754800	758600
9	758600	760960
9	760960	769320
9	769320	771720
9	771720	795560
9	795560	803360
9	803360	822160
9	822160	831560
9	831560	835760
9	835760	841200
9	841200	848240
9	848240	852040
9	852040	861840
9	861840	865920
10	865920	868040
10	868040	870160
10	870160	875280
10	875280	877520
10	877520	884800
10	884800	888840
10	888840	903120
10	903120	914880
10	914880	921320
10	921320	928000
10	928000	932720
10	932720	953400
10	953400	967200
10	967200	998000
10	998000	1023280
11	1023280	1038680
11	1038680	1043760
11	1043760	1055760
12	1055760	1086120
12	1086120	1094280
12	1094280	1100680
12	1100680	1107440
12	1107440	1111080
12	1111080	1120080
12	1120080	1124800
12	1124800	1128120
12	1128120	1132960
12	1132960	1135840
12	1135840	1147280
12	1147280	1151320
12	1151320	1152960
12	1152960	1155960
12	1155960	1157880
12	1157880	1161400
12	1161400	1166960
12	1166960	1174080
12	1174080	1178680
12	1178680	1182960
12	1182960	1187440
12	1187440	1193440
12	1193440	1202160
12	1202160	1207680
12	1207680	1214920
12	1214920	1222840
12	1222840	1231360
12	1231360	1235000
12	1235000	1239800
13	1239800	1256200
13	1256200	1261320
13	1261320	1263800
13	1263800	1267000
13	1267000	1271400
13	1271400	1275400
13	1275400	1277880
13	1277880	1282600
13	1282600	1287320
13	1287320	1290280
13	1290280	1292840
14	1292840	1302880
14	1302880	1306560
14	1306560	1314520
14	1314520	1317760
14	1317760	1322520
14	1322520	1325400
14	1325400	1331120
14	1331120	1334000
14	1334000	1350200
14	1350200	1354160
14	1354160	1376680
14	1376680	1395600
14	1395600	1415160
14	1415160	1426240
14	1426240	1429200
14	1429200	1442360
14	1442360	1444600
14	1444600	1445240
14	1445240	1446880
14	1446880	1449840
14	1449840	1450080
14	1450080	1450720
14	1450720	1451880
14	1451880	1456360
14	1456360	1458640
14	1458640	1463200
14	1463200	1464760
14	1464760	1466800
14	1466800	1468440
14	1468440	1473360
14	1473360	1481360
14	1481360	1484680
14	1484680	1489800
14	1489800	1492120
14	1492120	1503720
14	1503720	1514120
14	1514120	1519600
14	1519600	1529720
14	1529720	1540320
14	1540320	1546640
14	1546640	1555760
14	1555760	1560760
14	1560760	1564200
14	1564200	1569960
14	1569960	1571800
14	1571800	1573800
14	1573800	1577920
14	1577920	1582320
14	1582320	1587120
14	1587120	1590960
14	1590960	1593160
14	1593160	1595160
14	1595160	1599840
14	1599840	1600280
14	1600280	1605920
14	1605920	1613520
14	1613520	1615800
14	1615800	1616320
14	1616320	1616560
14	1616560	1618360
14	1618360	1620840
14	1620840	1621120
14	1621120	1623440
14	1623440	1626040
14	1626040	1634640
15	1634640	1646840
15	1646840	1650800
15	1650800	1656600
15	1656600	1659440
15	1659440	1664960
15	1664960	1673760
15	1673760	1678000
15	1678000	1681440
15	1681440	1687160
15	1687160	1692480
15	1692480	1698080
15	1698080	1703040
15	1703040	1711240
15	1711240	1719400
15	1719400	1728640
15	1728640	1732200
15	1732200	1736480
15	1736480	1740360
15	1740360	1742920
15	1742920	1749000
15	1749000	1754000
15	1754000	1757240
15	1757240	1767080
15	1767080	1778560
16	1778560	1780480
16	1780480	1786840
16	1786840	1791880
16	1791880	1794680
16	1794680	1796200
16	1796200	1803800
16	1803800	1806720
16	1806720	1809840
16	1809840	1812640
16	1812640	1817280
16	1817280	1824360
16	1824360	1830240
16	1830240	1837720
16	1837720	1843200
16	1843200	1847800
16	1847800	1850080
16	1850080	1859480
16	1859480	1868680
16	1868680	1872800
16	1872800	1877880
16	1877880	1879800
17	1879800	1893040
17	1893040	1898600
17	1898600	1908400
17	1908400	1910800
17	1910800	1914800
18	1914800	1918040
18	1918040	1922840
18	1922840	1926640
18	1926640	1933800
18	1933800	1938200
18	1938200	1944760
18	1944760	1948480
18	1948480	1952360
18	1952360	1956280
18	1956280	1962480
18	1962480	1966200
18	1966200	1969440
18	1969440	1972600
19	1972600	1997200
19	1997200	2000280
19	2000280	2004080
19	2004080	2007200
19	2007200	2008960
19	2008960	2010280
19	2010280	2026960
20	2026960	2028720
20	2028720	2038400
20	2038400	2046480
20	2046480	2052320
20	2052320	2055240
20	2055240	2064360
20	2064360	2067240
20	2067240	2072280
20	2072280	2076640
20	2076640	2078680
20	2078680	2083320
20	2083320	2087360
20	2087360	2090360
20	2090360	2098320
20	2098320	2099800
20	2099800	2103360
20	2103360	2106680
20	2106680	2114760
20	2114760	2126840
20	2126840	2129600
20	2129600	2147200
21	2147200	2160880
21	2160880	2163080
21	2163080	2173520
22	2173520	2187160
23	2187160	2203600
24	2203600	2211000
25	2211000	2213080
25	2213080	2214800
25	2214800	2218000
25	2218000	2227920
25	2227920	2233960
25	2233960	2236040
26	2236040	2258880
27	2258880	2264960
27	2264960	2275880
27	2275880	2279400
27	2279400	2283760
27	2283760	2287560
27	2287560	2290360
27	2290360	2304280
27	2304280	2309880
27	2309880	2315080
27	2315080	2322440
27	2322440	2333200
27	2333200	2341920
27	2341920	2345880
27	2345880	2348560
27	2348560	2355440
27	2355440	2369000
27	2369000	2374120
27	2374120	2377280
27	2377280	2387720
27	2387720	2401160
27	2401160	2411240
28	2411240	2422960
28	2422960	2425080
28	2425080	2427200
28	2427200	2431840
28	2431840	2438200
28	2438200	2446200
28	2446200	2451080
28	2451080	2454040
28	2454040	2468840
28	2468840	2471600
28	2471600	2475160
28	2475160	2479920
28	2479920	2493920
28	2493920	2497520
28	2497520	2501640
28	2501640	2508560
28	2508560	2513640
29	2513640	2541480
29	2541480	2580120
29	2580120	2586000
29	2586000	2611680
29	2611680	2621440
29	2621440	2632000
29	2632000	2634480
29	2634480	2634760
29	2634760	2637920
29	2637920	2641400
29	2641400	2655960
29	2655960	2676560
29	2676560	2682800
29	2682800	2685360
29	2685360	2689040
29	2689040	2690680
29	2690680	2694480
29	2694480	2695400
29	2695400	2698160
29	2698160	2703840
29	2703840	2711400
29	2711400	2716960
30	2716960	2732000
30	2732000	2735960
30	2735960	2739680
30	2739680	2745320
30	2745320	2750000
30	2750000	2761840
30	2761840	2765000
31	2765000	2790200
31	2790200	2792440
31	2792440	2796400
31	2796400	2798600
31	2798600	2810400
32	2810400	2813200
32	2813200	2815880
32	2815880	2820440
33	2820440	2825760
33	2825760	2828040
33	2828040	2831440
33	2831440	2834680
33	2834680	2844480
33	2844480	2854560
33	2854560	2858320
33	2858320	2861360
33	2861360	2868400
33	2868400	2871680
33	2871680	2878640
33	2878640	2887360
33	2887360	2901480
33	2901480	2909000
33	2909000	2916920
33	2916920	2938200
34	2938200	2939960
34	2939960	2943280
34	2943280	2946200
34	2946200	2950760
34	2950760	2966600
34	2966600	2969800
34	2969800	2979880
34	2979880	2982600
34	2982600	2988240
34	2988240	2996760
34	2996760	3003120
34	3003120	3005000
34	3005000	3011720
34	3011720	3015160
34	3015160	3018120
34	3018120	3022920
34	3022920	3027320
35	3027320	3032040
35	3032040	3035720
35	3035720	3043160
35	3043160	3048360
35	3048360	3051920
36	3051920	3067480
36	3067480	3070840
37	3070840	3076640
37	3076640	3078320
37	3078320	3080200
37	3080200	3081480
37	3081480	3084240
37	3084240	3086000
37	3086000	3088280
37	3088280	3091000
37	3091000	3097200
38	3097200	3107160
38	3107160	3111400
38	3111400	3115800
38	3115800	3118440
38	3118440	3123320
38	3123320	3125000
38	3125000	3127480
39	3127480	3131520
39	3131520	3135040
40	3135040	3161120
40	3161120	3168120
40	3168120	3185440
40	3185440	3212200
40	3212200	3215320
40	3215320	3229920
40	3229920	3233400
40	3233400	3275120
40	3275120	3283520
40	3283520	3350040
41	3350040	3484600
