shot	start	end
0	0	11800
0	11800	17320
0	17320	17400
0	17400	18840
0	18840	21480
0	21480	23120
0	23120	24680
0	24680	25920
0	25920	27000
0	27000	29200
0	29200	30320
0	30320	31440
0	31440	32360
0	32360	34640
0	34640	35560
0	35560	37520
0	37520	38320
0	38320	40600
0	40600	42480
0	42480	44200
0	44200	46040
0	46040	49040
0	49040	50240
0	50240	52400
0	52400	53760
0	53760	56000
0	56000	58400
1	58400	72280
1	72280	74080
1	74080	75920
1	75920	78160
1	78160	79240
1	79240	81240
1	81240	84240
1	84240	88080
1	88080	90120
1	90120	95040
1	95040	96720
1	96720	103800
1	103800	107120
1	107120	108880
1	108880	110160
1	110160	116040
1	116040	119960
1	119960	122600
1	122600	126000
1	126000	128800
2	128800	165760
3	165760	169320
3	169320	177280
3	177280	179480
3	179480	183960
3	183960	185880
3	185880	193600
3	193600	197240
3	197240	203040
3	203040	208640
3	208640	214360
3	214360	215840
3	215840	217400
3	217400	219480
3	219480	222040
3	222040	223600
3	223600	225680
3	225680	247040
4	247040	248960
4	248960	250920
4	250920	251080
4	251080	252840
4	252840	253520
4	253520	256480
4	256480	258680
4	258680	260120
4	260120	262240
4	262240	264160
4	264160	266720
4	266720	269040
4	269040	270920
4	270920	273000
4	273000	275480
4	275480	277560
4	277560	279600
4	279600	282200
4	282200	283160
4	283160	285240
4	285240	286560
4	286560	289320
4	289320	292200
4	292200	295000
4	295000	299160
4	299160	301200
4	301200	303040
4	303040	305040
4	305040	308080
4	308080	310520
4	310520	313280
4	313280	315680
4	315680	318080
4	318080	320600
4	320600	324800
4	324800	333160
5	333160	335640
5	335640	369360
5	369360	373960
5	373960	376480
5	376480	379080
5	379080	382560
5	382560	385600
5	385600	389000
5	389000	391640
5	391640	394880
5	394880	397920
5	397920	407680
5	407680	410280
5	410280	412640
5	412640	420880
5	420880	426120
5	426120	435960
5	435960	440200
5	440200	443440
5	443440	445840
5	445840	447560
5	447560	450800
6	450800	459680
6	459680	462440
6	462440	466520
6	466520	469680
6	469680	474600
6	474600	480520
6	480520	486200
6	486200	492000
6	492000	494600
6	494600	497840
6	497840	505880
6	505880	509160
7	509160	518800
7	518800	521080
7	521080	523920
7	523920	526320
7	526320	527680
7	527680	531880
7	531880	540960
8	540960	558400
8	558400	566080
8	566080	572520
8	572520	573640
8	573640	574920
8	574920	579560
8	579560	583520
9	583520	588120
9	588120	593880
9	593880	604800
9	604800	608120
9	608120	615800
9	615800	618360
10	618360	626600
10	626600	629160
10	629160	634240
10	634240	638480
10	638480	645480
10	645480	647440
10	647440	652000
10	652000	656440
10	656440	657800
10	657800	660760
10	660760	663320
10	663320	665560
10	665560	666600
10	666600	667920
10	667920	669280
10	669280	671400
10	671400	674320
10	674320	692240
10	692240	694800
10	694800	696200
10	696200	702120
11	702120	715520
11	715520	720960
11	720960	724120
11	724120	739680
11	739680	742800
11	742800	749080
11	749080	753040
11	753040	762080
11	762080	766240
11	766240	768440
11	768440	772080
11	772080	776240
11	776240	778560
11	778560	791200
11	791200	797720
11	797720	805640
11	805640	818520
11	818520	822120
11	822120	827200
11	827200	830960
11	830960	835320
11	835320	839200
11	839200	846160
11	846160	854760
11	854760	858000
11	858000	861800
12	861800	867080
12	867080	869760
12	869760	879400
12	879400	880560
12	880560	885160
12	885160	887000
12	887000	888960
12	888960	892040
13	892040	901560
14	901560	911720
15	911720	913840
15	913840	916280
15	916280	918600
15	918600	927200
15	927200	928760
15	928760	944360
15	944360	947160
15	947160	955720
15	955720	959280
15	959280	964520
16	964520	971640
16	971640	973520
16	973520	979200
16	979200	981200
16	981200	986720
16	986720	988440
16	988440	990240
16	990240	991360
16	991360	994000
16	994000	996480
16	996480	999680
17	999680	1014880
17	1014880	1017000
17	1017000	1019080
17	1019080	1024120
18	1024120	1031520
18	1031520	1038480
18	1038480	1043320
18	1043320	1051680
18	1051680	1063880
18	1063880	1076520
18	1076520	1085400
18	1085400	1092280
18	1092280	1098560
18	1098560	1110160
18	1110160	1122800
19	1122800	1129640
19	1129640	1138880
19	1138880	1141520
19	1141520	1143080
19	1143080	1144560
19	1144560	1149960
19	1149960	1152640
19	1152640	1169480
20	1169480	1178160
20	1178160	1180840
20	1180840	1184360
20	1184360	1188280
20	1188280	1189680
20	1189680	1196720
20	1196720	1197920
20	1197920	1200120
20	1200120	1203840
20	1203840	1211920
20	1211920	1217880
20	1217880	1221320
20	1221320	1225400
20	1225400	1228200
20	1228200	1238880
20	1238880	1240320
20	1240320	1243000
20	1243000	1244600
20	1244600	1256920
20	1256920	1260880
20	1260880	1272560
20	1272560	1273640
20	1273640	1277400
20	1277400	1280920
20	1280920	1283120
20	1283120	1284320
20	1284320	1287760
20	1287760	1290160
20	1290160	1294720
20	1294720	1301160
20	1301160	1303680
20	1303680	1305440
20	1305440	1307080
20	1307080	1311880
21	1311880	1315000
21	1315000	1333920
21	1333920	1335440
21	1335440	1337000
22	1337000	1358600
22	1358600	1361200
22	1361200	1367680
22	1367680	1370640
22	1370640	1392680
22	1392680	1397560
22	1397560	1398360
22	1398360	1399920
22	1399920	1416600
22	1416600	1418680
23	1418680	1424440
23	1424440	1431200
23	1431200	1436760
23	1436760	1444080
24	1444080	1455120
24	1455120	1459320
24	1459320	1462560
24	1462560	1467320
24	1467320	1473440
24	1473440	1477880
24	1477880	1478960
24	1478960	1481880
24	1481880	1485240
24	1485240	1487920
24	1487920	1494960
24	1494960	1496880
24	1496880	1502200
24	1502200	1504880
24	1504880	1508200
24	1508200	1514440
24	1514440	1518880
24	1518880	1521920
24	1521920	1523400
24	1523400	1527400
24	1527400	1558280
24	1558280	1562680
24	1562680	1582160
24	1582160	1593600
24	1593600	1595960
25	1595960	1613520
25	1613520	1616400
25	1616400	1618760
25	1618760	1620160
25	1620160	1623080
25	1623080	1626880
25	1626880	1628560
25	1628560	1651640
25	1651640	1657240
25	1657240	1663040
25	1663040	1664960
25	1664960	1667160
25	1667160	1671400
25	1671400	1673760
25	1673760	1678720
25	1678720	1681400
25	1681400	1691640
25	1691640	1693400
25	1693400	1695680
25	1695680	1700520
26	1700520	1703200
26	1703200	1707040
26	1707040	1708440
26	1708440	1713480
26	1713480	1721480
26	1721480	1724280
26	1724280	1729760
26	1729760	1731280
26	1731280	1746320
26	1746320	1749720
26	1749720	1759680
26	1759680	1761000
26	1761000	1766680
26	1766680	1771800
26	1771800	1777720
26	1777720	1782920
26	1782920	1793280
26	1793280	1801960
26	1801960	1806120
26	1806120	1808720
26	1808720	1811600
26	1811600	1813880
26	1813880	1822480
26	1822480	1824280
26	1824280	1825680
26	1825680	1829160
26	1829160	1831880
26	1831880	1837280
26	1837280	1845640
26	1845640	1848160
26	1848160	1857000
26	1857000	1864200
26	1864200	1867480
26	1867480	1871040
26	1871040	1875720
26	1875720	1883200
26	1883200	1885640
26	1885640	1888560
26	1888560	1900480
26	1900480	1903880
26	1903880	1906240
26	1906240	1909040
26	1909040	1913400
26	1913400	1918040
26	1918040	1920440
26	1920440	1923920
26	1923920	1929080
26	1929080	1931840
26	1931840	1941360
26	1941360	1943640
26	1943640	1946360
26	1946360	1964840
26	1964840	1966480
26	1966480	1970080
26	1970080	1971960
26	1971960	1975960
26	1975960	1978600
27	1978600	1985320
27	1985320	1990000
28	1990000	1997120
28	1997120	1998520
28	1998520	2001200
28	2001200	2003400
28	2003400	2023640
28	2023640	2032080
28	2032080	2034040
28	2034040	2035600
28	2035600	2039760
28	2039760	2043760
29	2043760	2049640
29	2049640	2051280
29	2051280	2053320
29	2053320	2056920
29	2056920	2061320
29	2061320	2068440
29	2068440	2073960
29	2073960	2079920
29	2079920	2093120
29	2093120	2097760
29	2097760	2101360
29	2101360	2105800
29	2105800	2111960
29	2111960	2120240
29	2120240	2123040
29	2123040	2125240
29	2125240	2127120
29	2127120	2131360
29	2131360	2134160
29	2134160	2143640
29	2143640	2149480
29	2149480	2153920
29	2153920	2157680
29	2157680	2160480
30	2160480	2164880
30	2164880	2166440
30	2166440	2169640
30	2169640	2170760
30	2170760	2172120
30	2172120	2173480
30	2173480	2174480
30	2174480	2175520
30	2175520	2176920
30	2176920	2181960
30	2181960	2186680
30	2186680	2192200
30	2192200	2194360
31	2194360	2196840
31	2196840	2198960
31	2198960	2200600
31	2200600	2204240
31	2204240	2206640
31	2206640	2209000
31	2209000	2210640
31	2210640	2211760
31	2211760	2217080
31	2217080	2224760
32	2224760	2228960
32	2228960	2259600
32	2259600	2274440
32	2274440	2322560
33	2322560	2325320
33	2325320	2326840
33	2326840	2342840
33	2342840	2347480
33	2347480	2350600
33	2350600	2355360
33	2355360	2361480
33	2361480	2364040
33	2364040	2367160
33	2367160	2368560
34	2368560	2371000
34	2371000	2378400
34	2378400	2393240
34	2393240	2395280
34	2395280	2401720
34	2401720	2404040
34	2404040	2406200
34	2406200	2409880
34	2409880	2413920
34	2413920	2419400
34	2419400	2427600
34	2427600	2431400
34	2431400	2439480
34	2439480	2441960
34	2441960	2448840
34	2448840	2451880
34	2451880	2454600
34	2454600	2457360
34	2457360	2461560
35	2461560	2472560
35	2472560	2484560
35	2484560	2489080
35	2489080	2498120
35	2498120	2500920
35	2500920	2503720
35	2503720	2508040
35	2508040	2516560
35	2516560	2519760
35	2519760	2522440
35	2522440	2525160
35	2525160	2534440
35	2534440	2536520
35	2536520	2544480
35	2544480	2551360
35	2551360	2555960
35	2555960	2558840
35	2558840	2565400
36	2565400	2569400
36	2569400	2809600
