shot	start	end
0	0	5080
0	5080	5800
0	5800	8400
0	8400	9200
0	9200	11880
0	11880	13560
0	13560	15080
0	15080	16720
0	16720	18560
0	18560	19680
0	19680	23200
0	23200	28240
0	28240	29200
0	29200	31560
0	31560	36400
0	36400	38760
0	38760	41120
0	41120	42480
0	42480	45120
0	45120	48000
0	48000	49160
0	49160	49800
0	49800	52000
0	52000	53680
0	53680	55160
0	55160	58800
1	58800	70560
1	70560	96640
2	96640	129800
2	129800	134640
2	134640	139120
2	139120	141080
2	141080	144280
2	144280	146960
2	146960	149120
2	149120	151720
2	151720	156600
3	156600	178240
3	178240	181840
3	181840	188640
3	188640	212400
4	212400	223680
4	223680	226560
4	226560	232040
4	232040	238160
4	238160	244480
4	244480	246960
4	246960	263320
5	263320	270360
5	270360	272280
5	272280	274240
5	274240	274400
5	274400	276160
5	276160	276840
5	276840	279800
5	279800	282000
5	282000	283440
5	283440	285560
5	285560	287480
5	287480	290040
5	290040	292360
5	292360	294240
5	294240	296320
5	296320	298800
5	298800	300880
5	300880	302920
5	302920	305520
5	305520	306480
5	306480	308560
5	308560	309880
5	309880	312640
5	312640	315520
5	315520	318320
5	318320	322480
5	322480	324520
5	324520	326360
5	326360	328360
5	328360	331400
5	331400	333840
5	333840	336600
5	336600	339000
5	339000	341200
5	341200	341400
5	341400	343920
5	343920	348120
5	348120	356920
6	356920	400680
7	400680	427360
7	427360	430360
7	430360	436360
7	436360	437520
7	437520	439600
7	439600	451160
7	451160	453720
7	453720	456560
7	456560	457280
7	457280	458120
7	458120	464360
7	464360	472680
7	472680	474080
7	474080	478160
7	478160	481120
7	481120	486280
7	486280	491480
7	491480	492920
7	492920	495600
7	495600	496720
7	496720	498080
7	498080	502360
7	502360	503920
7	503920	511080
8	511080	534920
8	534920	537960
8	537960	562720
8	562720	567480
8	567480	582320
9	582320	585240
9	585240	587920
9	587920	589160
9	589160	592520
9	592520	601680
9	601680	606120
9	606120	609560
9	609560	615320
10	615320	625520
11	625520	639040
11	639040	647280
11	647280	649920
11	649920	654720
12	654720	665560
12	665560	672160
12	672160	677080
12	677080	682880
12	682880	685840
12	685840	688560
12	688560	697120
12	697120	704720
12	704720	712760
12	712760	717000
12	717000	718840
12	718840	720160
12	720160	726440
12	726440	727360
13	727360	742320
13	742320	748760
13	748760	752720
13	752720	758960
13	758960	760160
13	760160	764040
13	764040	788160
13	788160	790760
13	790760	793280
13	793280	797640
13	797640	798280
13	798280	805280
13	805280	850200
13	850200	852840
14	852840	869680
14	869680	872160
14	872160	882120
15	882120	904920
15	904920	916760
15	916760	919800
15	919800	950440
15	950440	952920
15	952920	955880
15	955880	965400
15	965400	967240
15	967240	970400
15	970400	973440
15	973440	981280
16	981280	986400
16	986400	1005280
16	1005280	1008120
16	1008120	1015840
16	1015840	1021640
16	1021640	1024240
16	1024240	1036280
16	1036280	1047240
16	1047240	1056280
16	1056280	1058560
16	1058560	1081960
16	1081960	1087200
16	1087200	1094720
16	1094720	1098240
16	1098240	1110920
16	1110920	1114360
16	1114360	1116440
16	1116440	1119080
16	1119080	1131720
17	1131720	1139800
17	1139800	1143720
17	1143720	1149040
17	1149040	1153280
17	1153280	1158600
17	1158600	1165560
17	1165560	1169880
17	1169880	1173520
17	1173520	1184760
17	1184760	1188000
17	1188000	1200760
17	1200760	1202800
17	1202800	1208640
17	1208640	1217000
17	1217000	1221960
17	1221960	1233200
18	1233200	1237880
18	1237880	1244440
18	1244440	1249120
18	1249120	1252360
18	1252360	1256800
18	1256800	1273920
18	1273920	1292560
18	1292560	1293720
18	1293720	1295360
18	1295360	1299960
18	1299960	1306160
18	1306160	1310880
18	1310880	1322200
18	1322200	1328440
18	1328440	1333280
18	1333280	1347600
18	1347600	1353640
18	1353640	1360960
18	1360960	1367000
19	1367000	1375800
19	1375800	1402800
19	1402800	1408160
19	1408160	1414880
19	1414880	1420480
19	1420480	1424840
19	1424840	1426920
19	1426920	1428560
19	1428560	1455520
19	1455520	1464400
19	1464400	1491800
20	1491800	1504840
20	1504840	1510200
20	1510200	1522840
21	1522840	1541800
21	1541800	1545640
21	1545640	1552160
21	1552160	1556120
21	1556120	1558840
21	1558840	1561520
21	1561520	1571440
21	1571440	1576240
21	1576240	1590000
21	1590000	1596880
21	1596880	1601840
21	1601840	1607800
21	1607800	1614320
21	1614320	1621360
21	1621360	1623560
21	1623560	1629680
21	1629680	1633840
21	1633840	1636640
22	1636640	1646080
22	1646080	1647640
22	1647640	1653080
22	1653080	1657280
22	1657280	1665040
22	1665040	1670320
22	1670320	1675240
22	1675240	1680720
22	1680720	1689560
22	1689560	1692720
22	1692720	1702560
22	1702560	1706000
22	1706000	1709200
22	1709200	1715080
22	1715080	1722320
22	1722320	1724400
22	1724400	1725640
22	1725640	1729800
22	1729800	1741320
22	1741320	1744120
22	1744120	1752040
23	1752040	1755760
23	1755760	1763960
23	1763960	1765920
23	1765920	1775640
23	1775640	1777440
23	1777440	1778640
23	1778640	1780960
23	1780960	1785520
23	1785520	1788840
23	1788840	1792760
23	1792760	1796480
23	1796480	1798920
23	1798920	1800760
23	1800760	1803000
23	1803000	1808040
23	1808040	1815120
23	1815120	1816560
23	1816560	1819160
24	1819160	1826680
24	1826680	1832680
24	1832680	1835880
24	1835880	1842080
24	1842080	1856600
24	1856600	1860800
24	1860800	1874480
24	1874480	1876600
24	1876600	1890760
24	1890760	1893640
24	1893640	1909800
25	1909800	1922440
25	1922440	1926600
25	1926600	1927840
25	1927840	1930200
26	1930200	1938480
26	1938480	1943320
26	1943320	1947400
26	1947400	1950880
26	1950880	1953800
26	1953800	1957880
26	1957880	1961320
26	1961320	1970880
26	1970880	1977200
26	1977200	1980000
26	1980000	1984680
26	1984680	1989040
26	1989040	2015240
26	2015240	2031200
26	2031200	2033200
26	2033200	2040640
27	2040640	2042120
27	2042120	2046000
27	2046000	2047680
27	2047680	2050560
27	2050560	2056000
27	2056000	2059960
27	2059960	2063120
27	2063120	2067240
27	2067240	2074960
27	2074960	2089280
27	2089280	2095200
27	2095200	2100120
27	2100120	2103480
27	2103480	2109240
27	2109240	2111200
27	2111200	2124000
27	2124000	2128880
27	2128880	2131920
27	2131920	2134080
27	2134080	2140040
27	2140040	2151560
27	2151560	2157880
27	2157880	2163280
27	2163280	2165440
28	2165440	2167600
28	2167600	2171600
28	2171600	2173440
28	2173440	2176800
28	2176800	2179000
28	2179000	2181960
28	2181960	2185600
28	2185600	2187440
28	2187440	2189520
28	2189520	2191000
28	2191000	2195800
28	2195800	2199040
28	2199040	2203920
28	2203920	2208760
28	2208760	2212680
28	2212680	2217760
28	2217760	2234960
28	2234960	2241400
28	2241400	2247960
28	2247960	2250400
28	2250400	2251480
28	2251480	2255200
28	2255200	2258840
28	2258840	2261360
28	2261360	2264000
28	2264000	2276360
29	2276360	2289720
29	2289720	2310200
30	2310200	2323920
31	2323920	2342160
31	2342160	2350040
32	2350040	2369360
32	2369360	2372960
32	2372960	2375400
32	2375400	2377720
32	2377720	2379080
32	2379080	2384320
32	2384320	2393560
32	2393560	2399840
32	2399840	2414600
32	2414600	2417040
32	2417040	2420840
32	2420840	2424280
32	2424280	2427240
32	2427240	2433040
32	2433040	2436320
32	2436320	2441160
32	2441160	2442880
33	2442880	2457000
33	2457000	2460600
33	2460600	2466480
33	2466480	2470040
33	2470040	2472280
33	2472280	2480080
33	2480080	2485560
33	2485560	2506000
34	2506000	2511360
34	2511360	2563720
34	2563720	2569960
34	2569960	2580480
34	2580480	2585280
34	2585280	2595920
34	2595920	2599600
34	2599600	2602600
34	2602600	2605720
34	2605720	2613320
34	2613320	2626080
34	2626080	2631200
35	2631200	2639360
35	2639360	2657400
35	2657400	2663400
35	2663400	2683160
35	2683160	2696280
35	2696280	2712400
35	2712400	2715040
35	2715040	2716600
35	2716600	2720480
35	2720480	2750520
35	2750520	2754160
35	2754160	2757240
35	2757240	2758080
35	2758080	2760680
35	2760680	2764520
35	2764520	2774760
35	2774760	2779720
35	2779720	2793040
35	2793040	2798560
35	2798560	2800480
35	2800480	2807560
35	2807560	2818680
35	2818680	2840240
36	2840240	2849440
36	2849440	2862920
36	2862920	2864360
36	2864360	2870360
36	2870360	2876520
36	2876520	2884280
36	2884280	2888200
36	2888200	2891400
36	2891400	2897520
36	2897520	2903200
36	2903200	2907120
36	2907120	2909240
36	2909240	2917320
37	2917320	2921680
37	2921680	2946560
38	2946560	2953640
38	2953640	2967440
39	2967440	2980120
39	2980120	2983000
39	2983000	2986400
39	2986400	3127600
