shot	start	end
0	0	5160
0	5160	7120
0	7120	9360
0	9360	12560
0	12560	16120
0	16120	16760
0	16760	18000
0	18000	19680
0	19680	20720
0	20720	21800
0	21800	22240
0	22240	25520
0	25520	29400
0	29400	33280
0	33280	34040
0	34040	37600
0	37600	38440
0	38440	42480
0	42480	43800
0	43800	44440
0	44440	45600
0	45600	52160
1	52160	124800
2	124800	131440
2	131440	133360
2	133360	135320
2	135320	135480
2	135480	137240
2	137240	137920
2	137920	140880
2	140880	143080
2	143080	144520
2	144520	146640
2	146640	148560
2	148560	151120
2	151120	153440
2	153440	155320
2	155320	157400
2	157400	159880
2	159880	161960
2	161960	164000
2	164000	166600
2	166600	167560
2	167560	169640
2	169640	170960
2	170960	173720
2	173720	176600
2	176600	179400
2	179400	183560
2	183560	185600
2	185600	187440
2	187440	189440
2	189440	192480
2	192480	194920
2	194920	197680
2	197680	200080
2	200080	202480
2	202480	205000
2	205000	209200
3	209200	255120
3	255120	260560
3	260560	263240
3	263240	265320
3	265320	266520
3	266520	271800
3	271800	273880
3	273880	275960
3	275960	277400
3	277400	281640
3	281640	282680
3	282680	288720
3	288720	292320
3	292320	294000
3	294000	308960
4	308960	330920
4	330920	335280
4	335280	337880
4	337880	340280
4	340280	343880
4	343880	346320
4	346320	347360
4	347360	349600
5	349600	381360
5	381360	385200
5	385200	389760
5	389760	391200
5	391200	396920
5	396920	399240
5	399240	403480
5	403480	410000
5	410000	413400
5	413400	417480
5	417480	420920
5	420920	425360
5	425360	427760
5	427760	432960
5	432960	439280
5	439280	440800
5	440800	453840
5	453840	456360
5	456360	468480
5	468480	471440
5	471440	479760
6	479760	490160
6	490160	493120
6	493120	499920
6	499920	507520
6	507520	511320
6	511320	516160
6	516160	519760
7	519760	536040
7	536040	539160
7	539160	543560
7	543560	546160
7	546160	548960
7	548960	552360
7	552360	554680
7	554680	561520
7	561520	563960
7	563960	566920
7	566920	568400
7	568400	570880
7	570880	572760
7	572760	575480
7	575480	576920
7	576920	583800
8	583800	600200
9	600200	622840
9	622840	624280
9	624280	633240
9	633240	634480
9	634480	642920
9	642920	645280
9	645280	647360
9	647360	651120
9	651120	653240
9	653240	657960
9	657960	660480
10	660480	668320
10	668320	669960
10	669960	676080
10	676080	679720
10	679720	723560
11	723560	745120
11	745120	753280
11	753280	758760
11	758760	761680
11	761680	763680
11	763680	766080
11	766080	767040
11	767040	794760
12	794760	797960
12	797960	799560
12	799560	802560
12	802560	804080
12	804080	811600
13	811600	829000
13	829000	844040
13	844040	846600
13	846600	848680
14	848680	855280
14	855280	860000
14	860000	862040
14	862040	863960
14	863960	885000
14	885000	886520
14	886520	889680
14	889680	892440
14	892440	896120
14	896120	902200
15	902200	905720
15	905720	922040
15	922040	942400
15	942400	949040
15	949040	953120
15	953120	957400
15	957400	960000
15	960000	963280
15	963280	964480
15	964480	966440
15	966440	970160
15	970160	973440
15	973440	976480
15	976480	983760
15	983760	984720
15	984720	986800
15	986800	987680
15	987680	990200
16	990200	995120
16	995120	997760
16	997760	1005120
16	1005120	1012040
16	1012040	1015440
16	1015440	1019040
16	1019040	1022240
16	1022240	1024480
17	1024480	1047240
17	1047240	1049200
17	1049200	1057080
17	1057080	1058280
17	1058280	1061360
17	1061360	1068640
17	1068640	1071120
17	1071120	1079040
17	1079040	1080560
17	1080560	1082840
17	1082840	1085680
17	1085680	1088480
17	1088480	1099360
17	1099360	1099920
17	1099920	1103520
17	1103520	1104960
17	1104960	1114560
17	1114560	1117440
17	1117440	1119760
17	1119760	1124520
17	1124520	1128800
17	1128800	1130000
17	1130000	1132600
17	1132600	1133760
17	1133760	1139120
18	1139120	1167040
19	1167040	1171360
19	1171360	1174560
19	1174560	1180400
19	1180400	1181280
19	1181280	1187720
19	1187720	1192120
19	1192120	1197160
19	1197160	1199200
19	1199200	1202200
19	1202200	1206360
19	1206360	1213240
19	1213240	1214680
19	1214680	1216520
19	1216520	1223600
19	1223600	1225240
19	1225240	1226960
19	1226960	1229200
19	1229200	1232280
19	1232280	1236600
19	1236600	1239880
19	1239880	1246000
19	1246000	1258760
20	1258760	1314480
20	1314480	1318480
20	1318480	1324520
21	1324520	1332640
21	1332640	1358680
21	1358680	1368680
21	1368680	1381080
21	1381080	1416880
21	1416880	1419080
21	1419080	1424480
21	1424480	1427320
21	1427320	1429640
21	1429640	1432920
21	1432920	1436920
21	1436920	1439000
21	1439000	1442000
21	1442000	1443960
21	1443960	1449320
21	1449320	1454360
21	1454360	1456760
21	1456760	1463160
21	1463160	1467720
21	1467720	1473160
21	1473160	1483720
21	1483720	1485800
21	1485800	1487920
21	1487920	1491200
21	1491200	1496920
22	1496920	1506080
22	1506080	1510920
22	1510920	1523480
22	1523480	1529720
22	1529720	1533760
22	1533760	1542720
22	1542720	1547920
23	1547920	1570560
23	1570560	1577240
23	1577240	1606160
23	1606160	1619480
24	1619480	1624720
24	1624720	1631760
24	1631760	1634280
24	1634280	1637360
24	1637360	1639040
24	1639040	1642800
24	1642800	1646200
24	1646200	1648600
24	1648600	1649920
24	1649920	1651800
24	1651800	1657200
24	1657200	1662640
24	1662640	1672600
25	1672600	1697760
25	1697760	1703840
25	1703840	1706840
25	1706840	1710880
25	1710880	1715760
25	1715760	1719120
25	1719120	1723600
25	1723600	1724520
25	1724520	1729040
25	1729040	1730680
25	1730680	1732400
26	1732400	1757240
27	1757240	1770440
28	1770440	1796960
28	1796960	1803760
28	1803760	1807480
28	1807480	1813080
28	1813080	1816480
28	1816480	1818680
28	1818680	1820000
28	1820000	1821720
28	1821720	1822720
28	1822720	1828840
28	1828840	1830520
28	1830520	1836480
28	1836480	1840320
28	1840320	1842800
28	1842800	1844600
28	1844600	1848880
28	1848880	1861760
28	1861760	1864200
28	1864200	1874080
28	1874080	1879320
28	1879320	1882720
28	1882720	1888200
28	1888200	1891600
29	1891600	1931240
30	1931240	1933280
30	1933280	1935760
30	1935760	1937640
30	1937640	1939760
30	1939760	1949840
30	1949840	1962520
30	1962520	1970040
30	1970040	1973200
30	1973200	1975400
30	1975400	1977920
30	1977920	1982440
30	1982440	1991440
30	1991440	1995480
30	1995480	1997200
30	1997200	2007480
30	2007480	2010440
30	2010440	2020680
30	2020680	2024040
30	2024040	2031040
30	2031040	2034480
30	2034480	2039800
30	2039800	2043040
30	2043040	2050800
30	2050800	2055680
30	2055680	2058560
30	2058560	2062800
30	2062800	2064120
30	2064120	2068320
30	2068320	2071080
30	2071080	2072880
30	2072880	2074320
30	2074320	2079840
30	2079840	2084480
30	2084480	2087560
30	2087560	2098960
30	2098960	2106800
30	2106800	2112760
30	2112760	2119120
30	2119120	2120960
30	2120960	2122720
30	2122720	2126520
30	2126520	2135000
30	2135000	2140680
30	2140680	2148400
30	2148400	2152400
30	2152400	2155320
30	2155320	2159560
30	2159560	2163440
30	2163440	2169040
30	2169040	2170080
30	2170080	2170920
30	2170920	2171280
30	2171280	2187760
31	2187760	2193200
31	2193200	2241400
32	2241400	2300480
33	2300480	2318000
33	2318000	2325480
33	2325480	2343280
33	2343280	2345040
33	2345040	2352600
33	2352600	2355000
33	2355000	2360560
33	2360560	2361680
33	2361680	2364280
33	2364280	2364800
33	2364800	2366280
33	2366280	2368000
33	2368000	2371000
33	2371000	2373200
33	2373200	2379120
33	2379120	2384040
33	2384040	2386320
33	2386320	2389000
33	2389000	2392280
33	2392280	2394440
33	2394440	2395960
33	2395960	2397480
33	2397480	2401360
33	2401360	2404720
33	2404720	2405560
33	2405560	2409680
33	2409680	2415720
33	2415720	2417520
33	2417520	2426280
33	2426280	2427200
33	2427200	2431360
33	2431360	2434800
33	2434800	2446480
34	2446480	2455720
34	2455720	2497560
35	2497560	2521760
35	2521760	2531760
35	2531760	2537800
35	2537800	2542840
35	2542840	2548440
35	2548440	2552320
35	2552320	2557200
35	2557200	2564760
35	2564760	2569240
35	2569240	2573360
35	2573360	2579280
35	2579280	2581880
35	2581880	2585160
35	2585160	2590080
35	2590080	2594080
35	2594080	2601480
36	2601480	2612120
36	2612120	2613240
36	2613240	2614280
36	2614280	2618640
37	2618640	2629280
37	2629280	2630360
37	2630360	2642520
37	2642520	2645880
37	2645880	2653240
37	2653240	2656280
37	2656280	2661760
38	2661760	2666240
38	2666240	2669800
38	2669800	2683920
38	2683920	2690880
38	2690880	2697760
38	2697760	2702680
39	2702680	2897600
