shot	start	end
0	0	6600
0	6600	9080
0	9080	10680
0	10680	11720
0	11720	13360
0	13360	16480
0	16480	18600
0	18600	20760
0	20760	23040
0	23040	24280
0	24280	26800
0	26800	28960
0	28960	30520
0	30520	31840
0	31840	32960
0	32960	35080
0	35080	35800
0	35800	38120
0	38120	41080
0	41080	42280
0	42280	45240
0	45240	46680
0	46680	49280
0	49280	52360
0	52360	58280
1	58280	65960
1	65960	73280
1	73280	77920
1	77920	83440
1	83440	90440
1	90440	103360
1	103360	109680
1	109680	111760
1	111760	117680
1	117680	123640
1	123640	125080
1	125080	137280
2	137280	148440
2	148440	157280
2	157280	161240
2	161240	170120
2	170120	175880
2	175880	178720
2	178720	181040
2	181040	187960
2	187960	194120
2	194120	199080
2	199080	202160
2	202160	205400
2	205400	208640
2	208640	214560
2	214560	217240
2	217240	220160
2	220160	222480
2	222480	224520
2	224520	225920
2	225920	238720
2	238720	242040
2	242040	245520
2	245520	249320
2	249320	252840
2	252840	256880
2	256880	264560
2	264560	276840
2	276840	299520
3	299520	301440
3	301440	303400
3	303400	303560
3	303560	305320
3	305320	306000
3	306000	308960
3	308960	311160
3	311160	312600
3	312600	314720
3	314720	316640
3	316640	319200
3	319200	321520
3	321520	323400
3	323400	325480
3	325480	327960
3	327960	330040
3	330040	332080
3	332080	334680
3	334680	335640
3	335640	337720
3	337720	339040
3	339040	341800
3	341800	344680
3	344680	347480
3	347480	349520
3	349520	351640
3	351640	353680
3	353680	355520
3	355520	357520
3	357520	360560
3	360560	363000
3	363000	365760
3	365760	368160
3	368160	370360
3	370360	370560
3	370560	373080
3	373080	377280
3	377280	385400
4	385400	393120
4	393120	395840
4	395840	400760
4	400760	402760
4	402760	407880
4	407880	409240
4	409240	413640
4	413640	415400
4	415400	421360
4	421360	422680
4	422680	426280
5	426280	445040
5	445040	451200
5	451200	454640
5	454640	456480
5	456480	458800
5	458800	462160
5	462160	469880
5	469880	472440
5	472440	474800
5	474800	485800
6	485800	489120
6	489120	491080
6	491080	494240
6	494240	501960
6	501960	505320
6	505320	507280
6	507280	510240
6	510240	516360
6	516360	518000
7	518000	544760
8	544760	567160
8	567160	571400
8	571400	574000
8	574000	576960
8	576960	579080
8	579080	582480
8	582480	587760
8	587760	591480
8	591480	593720
9	593720	601880
9	601880	605560
9	605560	608200
9	608200	611040
9	611040	617240
9	617240	619240
9	619240	624800
9	624800	627000
9	627000	629840
9	629840	632200
9	632200	635520
9	635520	639520
9	639520	642840
9	642840	653040
9	653040	655760
9	655760	660600
9	660600	664360
9	664360	668480
9	668480	672080
9	672080	673920
9	673920	679000
10	679000	690240
10	690240	696720
10	696720	709480
10	709480	721320
10	721320	724320
10	724320	736760
10	736760	753320
10	753320	757520
11	757520	759120
11	759120	770120
11	770120	775000
11	775000	778040
11	778040	782840
11	782840	786040
11	786040	790000
11	790000	792320
11	792320	795240
11	795240	796400
11	796400	799640
12	799640	817400
12	817400	839600
12	839600	849320
13	849320	852520
13	852520	861080
13	861080	863720
13	863720	866040
13	866040	870280
13	870280	874960
13	874960	878960
13	878960	881560
13	881560	885680
13	885680	886960
13	886960	893240
13	893240	895320
13	895320	898320
13	898320	900320
13	900320	904200
13	904200	907160
13	907160	909960
13	909960	914400
13	914400	919520
14	919520	921400
14	921400	927320
14	927320	932080
14	932080	936320
14	936320	940280
14	940280	952840
14	952840	960080
14	960080	965320
14	965320	968760
14	968760	973440
14	973440	978960
14	978960	982560
14	982560	986440
14	986440	989800
14	989800	993560
14	993560	996800
14	996800	1006800
14	1006800	1011120
14	1011120	1021680
14	1021680	1026320
14	1026320	1028600
14	1028600	1030680
14	1030680	1034720
14	1034720	1036400
14	1036400	1043320
15	1043320	1047160
15	1047160	1053160
15	1053160	1055640
15	1055640	1060680
15	1060680	1064280
15	1064280	1068760
15	1068760	1070280
15	1070280	1071960
15	1071960	1075720
15	1075720	1080760
15	1080760	1086160
15	1086160	1090200
15	1090200	1092520
15	1092520	1100600
15	1100600	1105520
15	1105520	1122200
15	1122200	1125200
15	1125200	1130200
15	1130200	1133960
15	1133960	1136680
15	1136680	1144760
16	1144760	1151800
16	1151800	1155280
16	1155280	1157360
16	1157360	1158960
16	1158960	1161240
16	1161240	1165720
16	1165720	1169000
16	1169000	1177160
16	1177160	1182840
16	1182840	1185440
16	1185440	1190320
16	1190320	1196640
16	1196640	1203000
16	1203000	1208680
16	1208680	1211480
17	1211480	1226240
17	1226240	1228360
17	1228360	1231680
17	1231680	1233880
17	1233880	1240720
17	1240720	1246600
17	1246600	1252040
17	1252040	1255240
17	1255240	1263160
17	1263160	1266120
17	1266120	1269600
17	1269600	1272920
17	1272920	1277760
17	1277760	1279880
17	1279880	1281560
17	1281560	1290680
18	1290680	1301120
18	1301120	1328640
19	1328640	1336760
19	1336760	1339800
19	1339800	1342840
19	1342840	1346520
19	1346520	1352320
19	1352320	1355320
19	1355320	1358040
19	1358040	1360360
19	1360360	1362720
19	1362720	1365080
19	1365080	1367240
19	1367240	1369800
19	1369800	1377880
19	1377880	1383560
19	1383560	1385880
19	1385880	1387560
19	1387560	1390520
19	1390520	1392920
19	1392920	1401280
19	1401280	1407400
19	1407400	1418560
19	1418560	1420800
20	1420800	1437160
20	1437160	1455840
20	1455840	1466040
20	1466040	1472640
20	1472640	1482600
20	1482600	1491440
20	1491440	1502800
20	1502800	1506840
20	1506840	1508280
20	1508280	1511440
20	1511440	1515280
20	1515280	1518280
20	1518280	1525600
20	1525600	1527920
20	1527920	1530240
20	1530240	1534000
21	1534000	1547440
21	1547440	1567880
22	1567880	1569640
22	1569640	1572840
22	1572840	1576480
22	1576480	1589040
22	1589040	1594320
22	1594320	1597520
22	1597520	1610680
22	1610680	1617600
22	1617600	1626160
22	1626160	1630160
22	1630160	1636400
22	1636400	1649800
22	1649800	1652240
22	1652240	1654680
22	1654680	1657160
22	1657160	1664600
22	1664600	1669600
23	1669600	1673040
23	1673040	1684720
23	1684720	1687320
23	1687320	1691240
23	1691240	1693520
23	1693520	1695520
23	1695520	1701120
23	1701120	1704440
23	1704440	1715200
23	1715200	1721280
23	1721280	1731200
23	1731200	1734280
23	1734280	1738920
23	1738920	1743000
23	1743000	1754920
23	1754920	1759920
24	1759920	1781400
24	1781400	1785200
24	1785200	1791400
24	1791400	1799080
24	1799080	1801000
24	1801000	1803280
24	1803280	1807400
24	1807400	1812040
24	1812040	1815080
24	1815080	1818520
24	1818520	1821720
24	1821720	1829400
24	1829400	1837520
24	1837520	1843920
25	1843920	1866960
25	1866960	1868680
25	1868680	1871440
25	1871440	1873840
25	1873840	1882120
25	1882120	1884840
25	1884840	1889040
25	1889040	1891200
25	1891200	1906920
25	1906920	1909320
25	1909320	1917800
25	1917800	1923080
25	1923080	1933400
25	1933400	1937200
25	1937200	1943960
25	1943960	1945880
25	1945880	1947600
25	1947600	1957240
25	1957240	1964600
25	1964600	1970040
26	1970040	1974880
26	1974880	1989760
27	1989760	2003640
27	2003640	2022160
28	2022160	2038280
29	2038280	2044000
29	2044000	2053760
29	2053760	2056280
29	2056280	2058760
29	2058760	2064240
29	2064240	2066400
29	2066400	2069040
29	2069040	2072840
29	2072840	2075880
29	2075880	2081280
29	2081280	2082640
29	2082640	2089120
29	2089120	2091560
29	2091560	2093560
29	2093560	2098600
30	2098600	2118440
30	2118440	2124760
30	2124760	2127200
30	2127200	2130280
30	2130280	2142720
30	2142720	2147640
30	2147640	2153160
30	2153160	2155080
30	2155080	2158480
30	2158480	2161040
30	2161040	2163840
30	2163840	2165880
30	2165880	2168200
30	2168200	2169800
30	2169800	2177280
30	2177280	2183720
30	2183720	2186560
30	2186560	2193440
30	2193440	2194880
30	2194880	2197560
30	2197560	2201320
30	2201320	2217600
31	2217600	2220640
31	2220640	2223080
31	2223080	2231000
31	2231000	2235160
31	2235160	2244040
32	2244040	2245920
32	2245920	2253680
32	2253680	2260880
32	2260880	2262400
32	2262400	2264000
32	2264000	2269120
32	2269120	2272600
32	2272600	2281520
32	2281520	2285520
32	2285520	2290880
32	2290880	2294080
32	2294080	2301800
32	2301800	2305000
32	2305000	2308120
32	2308120	2311280
32	2311280	2316040
32	2316040	2317200
32	2317200	2319920
32	2319920	2324200
32	2324200	2329840
32	2329840	2331400
32	2331400	2341400
32	2341400	2343400
33	2343400	2361960
33	2361960	2364480
33	2364480	2369560
33	2369560	2379880
33	2379880	2395320
33	2395320	2404520
33	2404520	2414680
34	2414680	2426440
34	2426440	2436080
35	2436080	2439880
35	2439880	2445440
35	2445440	2454160
35	2454160	2457800
35	2457800	2462040
35	2462040	2467120
35	2467120	2469760
35	2469760	2475040
35	2475040	2479320
35	2479320	2480560
35	2480560	2487840
35	2487840	2490680
35	2490680	2492520
35	2492520	2496120
35	2496120	2504920
35	2504920	2515440
35	2515440	2520040
35	2520040	2523080
35	2523080	2529080
35	2529080	2530440
35	2530440	2541840
35	2541840	2548200
35	2548200	2550920
35	2550920	2555880
35	2555880	2558880
35	2558880	2562600
35	2562600	2570800
35	2570800	2579200
35	2579200	2585840
35	2585840	2595240
35	2595240	2600880
35	2600880	2609920
35	2609920	2615240
35	2615240	2619960
35	2619960	2622840
35	2622840	2626600
36	2626600	2759600
