shot	start	end
0	0	9440
0	9440	11840
0	11840	13600
0	13600	17520
0	17520	18760
0	18760	21400
0	21400	23240
0	23240	23640
0	23640	24680
0	24680	25520
0	25520	25880
0	25880	26520
0	26520	30440
0	30440	31560
0	31560	33400
0	33400	34720
0	34720	37120
0	37120	38160
0	38160	40520
0	40520	41560
0	41560	42040
0	42040	42520
0	42520	44240
0	44240	45160
0	45160	45920
0	45920	47960
0	47960	48680
0	48680	49960
1	49960	54000
1	54000	54360
1	54360	54520
1	54520	57400
1	57400	61800
1	61800	61880
1	61880	62000
1	62000	63480
1	63480	63840
1	63840	69120
1	69120	69760
1	69760	70840
1	70840	72560
1	72560	73880
1	73880	86160
1	86160	91000
1	91000	96120
1	96120	98840
1	98840	101080
1	101080	105200
1	105200	107280
1	107280	110120
1	110120	112360
1	112360	116400
1	116400	118040
1	118040	119520
1	119520	123960
1	123960	126880
1	126880	128520
1	128520	130240
1	130240	131440
1	131440	140920
1	140920	142560
1	142560	148200
1	148200	150240
1	150240	157160
1	157160	160600
1	160600	163120
1	163120	165200
1	165200	168440
1	168440	171760
1	171760	182480
1	182480	186120
1	186120	191000
1	191000	193120
1	193120	196600
1	196600	199640
2	199640	206440
2	206440	208360
2	208360	210320
2	210320	210480
2	210480	212240
2	212240	212920
2	212920	215880
2	215880	218080
2	218080	219520
2	219520	221640
2	221640	223560
2	223560	226120
2	226120	228440
2	228440	230320
2	230320	232400
2	232400	234880
2	234880	236960
2	236960	239000
2	239000	241600
2	241600	242560
2	242560	244640
2	244640	245960
2	245960	248720
2	248720	251600
2	251600	254400
2	254400	256440
2	256440	258560
2	258560	260600
2	260600	262440
2	262440	264440
2	264440	267480
2	267480	269920
2	269920	272680
2	272680	275080
2	275080	277480
2	277480	280000
2	280000	284200
3	284200	313160
3	313160	335320
3	335320	357800
3	357800	366480
4	366480	370400
4	370400	372800
4	372800	375920
4	375920	383320
4	383320	389360
4	389360	390840
4	390840	393680
4	393680	402080
4	402080	406080
4	406080	414480
4	414480	417440
4	417440	421480
5	421480	425960
5	425960	427880
5	427880	435200
5	435200	440040
5	440040	448240
5	448240	450520
6	450520	457160
6	457160	462200
6	462200	465560
6	465560	470880
6	470880	475400
6	475400	484400
6	484400	487880
6	487880	491120
6	491120	493520
6	493520	495120
6	495120	498480
7	498480	521920
8	521920	526600
8	526600	557760
8	557760	566320
8	566320	572640
8	572640	588720
8	588720	594480
8	594480	607200
8	607200	611840
8	611840	631200
8	631200	635040
8	635040	637760
8	637760	643480
9	643480	645880
9	645880	660000
9	660000	675320
9	675320	705480
10	705480	709800
10	709800	712000
10	712000	716040
10	716040	723680
10	723680	728200
10	728200	731040
10	731040	738440
10	738440	742520
10	742520	747120
10	747120	750120
10	750120	751920
10	751920	759800
10	759800	767400
10	767400	770000
10	770000	778880
11	778880	784640
11	784640	806240
12	806240	809480
12	809480	815440
12	815440	822440
12	822440	826040
12	826040	835880
12	835880	837280
12	837280	839360
12	839360	841360
12	841360	848120
13	848120	852960
13	852960	854280
13	854280	859240
13	859240	861680
13	861680	864760
13	864760	866960
13	866960	870560
13	870560	873360
13	873360	875720
13	875720	877040
13	877040	879120
13	879120	881400
13	881400	883520
13	883520	891800
13	891800	893360
13	893360	896520
13	896520	897720
13	897720	919320
14	919320	933280
14	933280	936040
14	936040	941160
14	941160	949480
14	949480	967080
14	967080	986440
14	986440	1000480
15	1000480	1002440
15	1002440	1004280
15	1004280	1008760
15	1008760	1010840
15	1010840	1018320
15	1018320	1026560
15	1026560	1030880
15	1030880	1043080
15	1043080	1045640
15	1045640	1049280
15	1049280	1052920
16	1052920	1061360
16	1061360	1067000
17	1067000	1068720
17	1068720	1070360
17	1070360	1072640
17	1072640	1079960
17	1079960	1084720
17	1084720	1087640
17	1087640	1089320
17	1089320	1091160
17	1091160	1098000
18	1098000	1100400
18	1100400	1102440
18	1102440	1110480
18	1110480	1113880
18	1113880	1115280
18	1115280	1119280
18	1119280	1123160
18	1123160	1132120
18	1132120	1134640
18	1134640	1137000
18	1137000	1141360
18	1141360	1145640
18	1145640	1147880
18	1147880	1152000
18	1152000	1153320
18	1153320	1159800
18	1159800	1164000
18	1164000	1169680
18	1169680	1174320
18	1174320	1176480
18	1176480	1183760
18	1183760	1186360
18	1186360	1190320
18	1190320	1197720
18	1197720	1263360
19	1263360	1264560
19	1264560	1266360
19	1266360	1268200
19	1268200	1273800
19	1273800	1289240
20	1289240	1297360
20	1297360	1301800
20	1301800	1308360
20	1308360	1314200
20	1314200	1317280
20	1317280	1319000
20	1319000	1327760
20	1327760	1339120
20	1339120	1348800
20	1348800	1356360
21	1356360	1359920
21	1359920	1364720
21	1364720	1388680
21	1388680	1419520
21	1419520	1427200
21	1427200	1446440
21	1446440	1454480
22	1454480	1486480
22	1486480	1491080
22	1491080	1500160
22	1500160	1503880
22	1503880	1512960
22	1512960	1520960
22	1520960	1531800
22	1531800	1537400
22	1537400	1547960
22	1547960	1552960
22	1552960	1558920
22	1558920	1563280
22	1563280	1568800
22	1568800	1574200
22	1574200	1580160
22	1580160	1588080
22	1588080	1592680
22	1592680	1599080
22	1599080	1603400
22	1603400	1613080
22	1613080	1619040
23	1619040	1621800
23	1621800	1625720
23	1625720	1631440
23	1631440	1635920
23	1635920	1637040
23	1637040	1640160
23	1640160	1645120
23	1645120	1649720
23	1649720	1651080
23	1651080	1652560
23	1652560	1656480
23	1656480	1658480
23	1658480	1661600
24	1661600	1664680
24	1664680	1722960
24	1722960	1745840
24	1745840	1748520
24	1748520	1778600
25	1778600	1810560
25	1810560	1821760
26	1821760	1837040
26	1837040	1841960
26	1841960	1845160
26	1845160	1851240
26	1851240	1855000
26	1855000	1857680
26	1857680	1861880
26	1861880	1872600
26	1872600	1874640
26	1874640	1877080
26	1877080	1878440
26	1878440	1881360
26	1881360	1884800
27	1884800	1886240
27	1886240	1887360
27	1887360	1888720
27	1888720	1895160
27	1895160	1899880
27	1899880	1904000
27	1904000	1916000
27	1916000	1917120
27	1917120	1918920
27	1918920	1923120
27	1923120	1925800
27	1925800	1928200
27	1928200	1931640
27	1931640	1934720
27	1934720	1936920
27	1936920	1941280
27	1941280	1942840
27	1942840	1944640
27	1944640	1945960
27	1945960	1948520
27	1948520	1951760
27	1951760	1961360
27	1961360	1963680
27	1963680	1968400
27	1968400	1971720
27	1971720	1973920
27	1973920	1975480
27	1975480	1977960
27	1977960	1980120
27	1980120	1981800
27	1981800	1985600
27	1985600	1988440
27	1988440	1990000
27	1990000	1992640
28	1992640	1996480
28	1996480	2004880
28	2004880	2007160
28	2007160	2009440
28	2009440	2015200
28	2015200	2020840
28	2020840	2023240
28	2023240	2024640
28	2024640	2028760
28	2028760	2031480
28	2031480	2035320
28	2035320	2039560
28	2039560	2049760
28	2049760	2070880
28	2070880	2077320
29	2077320	2091120
29	2091120	2094200
29	2094200	2097240
29	2097240	2099760
29	2099760	2102760
29	2102760	2104920
29	2104920	2107040
29	2107040	2109800
29	2109800	2113880
29	2113880	2118000
29	2118000	2121200
29	2121200	2128280
29	2128280	2131560
29	2131560	2133320
29	2133320	2139800
29	2139800	2142160
29	2142160	2146240
29	2146240	2150520
29	2150520	2152640
29	2152640	2154920
30	2154920	2168880
30	2168880	2176680
30	2176680	2183520
30	2183520	2190880
30	2190880	2195160
30	2195160	2204360
30	2204360	2209840
30	2209840	2212280
31	2212280	2221880
31	2221880	2226600
31	2226600	2238680
31	2238680	2252240
31	2252240	2254520
31	2254520	2273400
31	2273400	2279120
31	2279120	2280800
31	2280800	2286160
31	2286160	2292280
31	2292280	2296640
31	2296640	2303160
31	2303160	2310000
32	2310000	2311480
32	2311480	2313920
32	2313920	2318400
32	2318400	2320480
32	2320480	2322920
32	2322920	2331000
32	2331000	2334920
32	2334920	2337040
32	2337040	2338440
32	2338440	2345480
32	2345480	2366720
33	2366720	2369840
33	2369840	2371480
33	2371480	2376920
33	2376920	2407760
33	2407760	2409680
33	2409680	2422720
33	2422720	2424800
33	2424800	2433000
34	2433000	2435120
34	2435120	2437360
34	2437360	2445880
34	2445880	2448240
34	2448240	2454960
34	2454960	2459680
34	2459680	2473040
34	2473040	2477800
34	2477800	2484000
34	2484000	2485800
34	2485800	2490720
34	2490720	2498960
34	2498960	2502640
34	2502640	2509600
34	2509600	2512320
34	2512320	2519680
34	2519680	2524480
34	2524480	2531000
34	2531000	2535000
34	2535000	2544960
34	2544960	2557120
34	2557120	2559520
34	2559520	2563040
34	2563040	2567760
34	2567760	2577000
34	2577000	2581400
34	2581400	2589520
34	2589520	2595920
34	2595920	2598680
34	2598680	2600560
34	2600560	2605680
34	2605680	2608800
35	2608800	2618240
35	2618240	2629000
35	2629000	2649520
35	2649520	2670320
36	2670320	2687000
37	2687000	2820600
