shot	start	end
0	0	6240
0	6240	9480
0	9480	11240
0	11240	12560
0	12560	13600
0	13600	14680
0	14680	15600
0	15600	17280
0	17280	18640
0	18640	23800
0	23800	27360
0	27360	32120
0	32120	36800
0	36800	41120
0	41120	44520
0	44520	46120
0	46120	47800
0	47800	49640
0	49640	50400
0	50400	51680
0	51680	52600
0	52600	55400
0	55400	56680
0	56680	58880
1	58880	68040
1	68040	69960
1	69960	71920
1	71920	72080
1	72080	73840
1	73840	74520
1	74520	77480
1	77480	79680
1	79680	81120
1	81120	83240
1	83240	85160
1	85160	87720
1	87720	90040
1	90040	91920
1	91920	94000
1	94000	96480
1	96480	98560
1	98560	100600
1	100600	103200
1	103200	104160
1	104160	106240
1	106240	107560
1	107560	110320
1	110320	113200
1	113200	116000
1	116000	118040
1	118040	120160
1	120160	122200
1	122200	124040
1	124040	126040
1	126040	129080
1	129080	131520
1	131520	134280
1	134280	136680
1	136680	139080
1	139080	141600
1	141600	145800
1	145800	156880
2	156880	161040
2	161040	163120
2	163120	164600
2	164600	166360
2	166360	168320
2	168320	174280
2	174280	178880
2	178880	191760
3	191760	212080
3	212080	213680
3	213680	219840
3	219840	223920
3	223920	226680
4	226680	233840
4	233840	236200
4	236200	246600
4	246600	247520
4	247520	252440
4	252440	270160
5	270160	286640
5	286640	288280
5	288280	297480
5	297480	303280
5	303280	306840
5	306840	312320
5	312320	315520
5	315520	319520
5	319520	322640
5	322640	324840
5	324840	334800
5	334800	338040
6	338040	341040
6	341040	346320
6	346320	348880
6	348880	353120
6	353120	358360
6	358360	361480
6	361480	364120
6	364120	365600
6	365600	367240
6	367240	368480
6	368480	375560
6	375560	376520
6	376520	378880
6	378880	380280
6	380280	381400
6	381400	383120
6	383120	384720
6	384720	387680
6	387680	409160
7	409160	418680
7	418680	422920
7	422920	429920
7	429920	432960
7	432960	435920
7	435920	437760
7	437760	443760
7	443760	447360
7	447360	450120
7	450120	453400
7	453400	465840
7	465840	471960
7	471960	473680
7	473680	475640
7	475640	481600
7	481600	484160
7	484160	487920
8	487920	497440
8	497440	510080
8	510080	513000
8	513000	516200
8	516200	521200
8	521200	523280
8	523280	524880
8	524880	530560
8	530560	532520
8	532520	533760
8	533760	536240
9	536240	568480
9	568480	571360
9	571360	573920
9	573920	577280
9	577280	583320
9	583320	590240
9	590240	596720
9	596720	601520
9	601520	605560
9	605560	609360
9	609360	611880
9	611880	615880
10	615880	618120
10	618120	643000
10	643000	645120
10	645120	649080
10	649080	651040
10	651040	654160
10	654160	660280
10	660280	668480
10	668480	673680
10	673680	678240
10	678240	684920
10	684920	689320
10	689320	697480
10	697480	701000
10	701000	704600
10	704600	710920
10	710920	724200
10	724200	730680
10	730680	733400
10	733400	735960
10	735960	742560
10	742560	749320
10	749320	751080
10	751080	753240
10	753240	757400
10	757400	761400
10	761400	764520
10	764520	767440
10	767440	776160
11	776160	779960
11	779960	786040
11	786040	791280
11	791280	799680
11	799680	807960
11	807960	839240
11	839240	843160
11	843160	845200
11	845200	854200
11	854200	858280
11	858280	861840
11	861840	873040
11	873040	879800
11	879800	881160
11	881160	882920
11	882920	888160
11	888160	890360
11	890360	900760
11	900760	918400
11	918400	928000
11	928000	940240
11	940240	963680
12	963680	970480
12	970480	974440
12	974440	975880
12	975880	979800
12	979800	986080
12	986080	989560
12	989560	996360
12	996360	1001600
12	1001600	1003560
12	1003560	1005960
12	1005960	1009600
12	1009600	1011920
13	1011920	1036960
13	1036960	1038360
13	1038360	1040920
13	1040920	1042560
13	1042560	1049480
14	1049480	1054240
14	1054240	1061600
14	1061600	1065840
14	1065840	1074400
14	1074400	1076920
14	1076920	1084680
14	1084680	1087200
15	1087200	1108920
15	1108920	1131800
15	1131800	1137520
15	1137520	1143360
15	1143360	1145760
15	1145760	1148600
16	1148600	1180160
16	1180160	1190880
17	1190880	1194000
17	1194000	1199120
17	1199120	1209360
18	1209360	1213440
18	1213440	1217400
18	1217400	1226040
18	1226040	1227600
18	1227600	1229280
18	1229280	1232000
18	1232000	1234000
18	1234000	1235880
18	1235880	1238240
19	1238240	1246440
19	1246440	1253000
19	1253000	1257040
19	1257040	1259240
20	1259240	1263680
20	1263680	1272360
20	1272360	1283080
20	1283080	1305680
21	1305680	1309720
22	1309720	1316400
22	1316400	1333360
22	1333360	1336960
22	1336960	1340960
22	1340960	1345000
22	1345000	1346040
22	1346040	1347280
22	1347280	1348440
22	1348440	1349880
22	1349880	1354800
22	1354800	1358840
22	1358840	1367080
22	1367080	1372080
22	1372080	1376360
22	1376360	1378880
22	1378880	1381880
22	1381880	1386120
22	1386120	1389000
22	1389000	1406840
22	1406840	1412000
22	1412000	1417840
22	1417840	1425440
22	1425440	1429800
22	1429800	1434840
22	1434840	1442920
22	1442920	1450480
22	1450480	1453240
22	1453240	1459560
22	1459560	1461640
22	1461640	1463240
22	1463240	1472000
22	1472000	1473480
22	1473480	1475760
22	1475760	1477680
22	1477680	1485160
22	1485160	1487280
22	1487280	1489960
22	1489960	1493160
22	1493160	1499280
22	1499280	1501000
22	1501000	1505200
22	1505200	1505960
22	1505960	1506440
22	1506440	1506840
22	1506840	1508600
22	1508600	1510680
22	1510680	1511960
22	1511960	1521400
23	1521400	1527680
23	1527680	1532640
23	1532640	1541040
24	1541040	1557520
24	1557520	1563280
24	1563280	1572160
25	1572160	1626120
26	1626120	1635720
26	1635720	1650720
26	1650720	1657720
26	1657720	1660440
26	1660440	1665120
26	1665120	1671840
26	1671840	1673200
26	1673200	1678480
26	1678480	1683920
26	1683920	1691600
26	1691600	1697440
26	1697440	1700600
26	1700600	1705800
26	1705800	1708880
26	1708880	1713960
26	1713960	1716200
26	1716200	1721120
26	1721120	1723760
27	1723760	1728120
27	1728120	1730840
27	1730840	1733040
27	1733040	1736720
27	1736720	1738560
27	1738560	1742680
27	1742680	1743680
27	1743680	1747520
27	1747520	1749840
27	1749840	1753280
27	1753280	1756000
27	1756000	1760360
27	1760360	1761320
27	1761320	1764560
27	1764560	1769560
28	1769560	1779400
28	1779400	1789760
28	1789760	1812680
28	1812680	1814840
28	1814840	1830240
28	1830240	1833320
28	1833320	1838800
29	1838800	1890800
30	1890800	2040960
30	2040960	2044680
30	2044680	2058760
31	2058760	2071120
31	2071120	2087480
31	2087480	2096320
31	2096320	2107680
31	2107680	2111960
32	2111960	2115240
32	2115240	2116760
32	2116760	2119520
32	2119520	2124000
32	2124000	2127600
32	2127600	2130720
32	2130720	2133600
32	2133600	2136560
32	2136560	2138760
32	2138760	2140640
32	2140640	2151040
32	2151040	2152960
32	2152960	2173800
32	2173800	2180400
32	2180400	2182680
32	2182680	2192000
32	2192000	2195040
32	2195040	2197920
32	2197920	2200360
33	2200360	2207720
33	2207720	2211360
33	2211360	2255120
33	2255120	2293280
33	2293280	2300680
33	2300680	2304960
33	2304960	2316840
34	2316840	2331640
34	2331640	2341040
34	2341040	2343600
34	2343600	2354240
34	2354240	2358400
35	2358400	2366600
35	2366600	2373440
35	2373440	2378480
35	2378480	2384520
35	2384520	2390880
35	2390880	2396600
35	2396600	2401560
36	2401560	2417200
36	2417200	2424040
36	2424040	2428000
36	2428000	2435800
36	2435800	2437280
36	2437280	2443200
36	2443200	2448680
36	2448680	2453640
36	2453640	2457240
36	2457240	2460680
36	2460680	2466360
36	2466360	2476960
36	2476960	2497240
37	2497240	2516040
38	2516040	2549000
38	2549000	2557520
38	2557520	2562360
38	2562360	2585920
39	2585920	2617240
39	2617240	2620600
39	2620600	2623280
39	2623280	2624960
39	2624960	2627040
39	2627040	2628600
39	2628600	2632640
39	2632640	2635200
40	2635200	2767600
