shot	start	end
0	0	9160
0	9160	12840
0	12840	15000
0	15000	18920
0	18920	21840
0	21840	23320
0	23320	25040
0	25040	27000
0	27000	29360
0	29360	31280
0	31280	32280
0	32280	33480
0	33480	35120
0	35120	36200
0	36200	37680
0	37680	41400
0	41400	44520
0	44520	47200
0	47200	50400
0	50400	50760
0	50760	52240
0	52240	54280
0	54280	57880
0	57880	59400
1	59400	69920
1	69920	79360
1	79360	80760
1	80760	85000
1	85000	88600
1	88600	89680
1	89680	94880
1	94880	100600
2	100600	146000
3	146000	151800
3	151800	155880
3	155880	157560
3	157560	160440
3	160440	161680
4	161680	169000
4	169000	171840
4	171840	181520
4	181520	183720
4	183720	185560
4	185560	187280
4	187280	188960
4	188960	189960
4	189960	194200
4	194200	195360
4	195360	205400
5	205400	208600
5	208600	212760
5	212760	224200
6	224200	241280
6	241280	244240
6	244240	247120
6	247120	252120
6	252120	256080
6	256080	259200
6	259200	266160
6	266160	276960
6	276960	279120
6	279120	281600
6	281600	284320
7	284320	287680
7	287680	289640
7	289640	293400
7	293400	295840
7	295840	299960
7	299960	311560
7	311560	314040
7	314040	318000
7	318000	321960
7	321960	323280
7	323280	324600
7	324600	327600
7	327600	328520
7	328520	330280
7	330280	330880
7	330880	331720
7	331720	332480
7	332480	332640
7	332640	337800
8	337800	339920
8	339920	345280
8	345280	347600
8	347600	349400
9	349400	356080
9	356080	358000
9	358000	359960
9	359960	360120
9	360120	361880
9	361880	362560
9	362560	365520
9	365520	367720
9	367720	369160
9	369160	371280
9	371280	373200
9	373200	375760
9	375760	378080
9	378080	379960
9	379960	382040
9	382040	384520
9	384520	386600
9	386600	388640
9	388640	391240
9	391240	392200
9	392200	394280
9	394280	395600
9	395600	398360
9	398360	401240
9	401240	404040
9	404040	408200
9	408200	410240
9	410240	412080
9	412080	414080
9	414080	417120
9	417120	419560
9	419560	422320
9	422320	424720
9	424720	426920
9	426920	427120
9	427120	429640
9	429640	433840
9	433840	442080
10	442080	445280
10	445280	451600
10	451600	458240
10	458240	461160
10	461160	464400
10	464400	468640
10	468640	471520
10	471520	476560
10	476560	483680
10	483680	537640
11	537640	554040
12	554040	640800
12	640800	642880
12	642880	646240
12	646240	651760
12	651760	669520
12	669520	674880
12	674880	681480
12	681480	690280
12	690280	699680
12	699680	703560
12	703560	707000
12	707000	709640
12	709640	715200
13	715200	721440
13	721440	726640
13	726640	736760
13	736760	738240
13	738240	742520
13	742520	744360
13	744360	752360
13	752360	754600
13	754600	757920
13	757920	763640
13	763640	769360
13	769360	775640
13	775640	778560
14	778560	787000
14	787000	790920
14	790920	794000
14	794000	796640
14	796640	800440
14	800440	804920
14	804920	817960
14	817960	826520
14	826520	839680
14	839680	842280
15	842280	855480
15	855480	860800
15	860800	866120
15	866120	876200
15	876200	883800
15	883800	891760
15	891760	896200
15	896200	901080
15	901080	904240
15	904240	908200
15	908200	910000
15	910000	917120
15	917120	919240
15	919240	922320
15	922320	925520
15	925520	934320
15	934320	939600
15	939600	945600
15	945600	949360
15	949360	953040
15	953040	963440
15	963440	965280
15	965280	970560
15	970560	978800
15	978800	982880
16	982880	1006920
16	1006920	1019560
16	1019560	1028800
16	1028800	1034600
16	1034600	1037080
16	1037080	1040000
16	1040000	1044320
16	1044320	1047480
16	1047480	1053880
16	1053880	1057680
16	1057680	1064880
16	1064880	1088000
16	1088000	1091640
16	1091640	1101640
16	1101640	1104760
17	1104760	1112920
17	1112920	1121920
17	1121920	1128760
17	1128760	1130640
17	1130640	1142440
17	1142440	1144600
17	1144600	1150680
17	1150680	1153560
17	1153560	1156400
18	1156400	1193120
18	1193120	1196080
18	1196080	1202800
18	1202800	1208520
18	1208520	1224360
18	1224360	1226880
18	1226880	1229200
18	1229200	1231040
18	1231040	1238560
18	1238560	1241480
18	1241480	1243600
18	1243600	1244920
18	1244920	1252400
18	1252400	1254960
19	1254960	1294400
20	1294400	1310720
20	1310720	1323800
20	1323800	1330240
20	1330240	1334720
20	1334720	1337360
20	1337360	1338880
20	1338880	1341400
20	1341400	1344520
20	1344520	1352680
20	1352680	1356000
20	1356000	1366040
20	1366040	1370960
21	1370960	1380480
21	1380480	1382400
21	1382400	1384080
21	1384080	1393400
21	1393400	1400800
21	1400800	1402520
22	1402520	1404280
22	1404280	1407560
22	1407560	1410120
22	1410120	1415920
22	1415920	1422920
22	1422920	1425840
22	1425840	1429120
22	1429120	1431200
22	1431200	1432000
22	1432000	1433480
22	1433480	1435760
22	1435760	1442400
22	1442400	1445520
22	1445520	1449040
22	1449040	1452800
23	1452800	1460920
23	1460920	1463320
23	1463320	1474160
23	1474160	1488040
23	1488040	1493320
23	1493320	1497520
23	1497520	1500640
23	1500640	1516360
23	1516360	1520960
23	1520960	1522880
23	1522880	1525400
23	1525400	1529000
23	1529000	1532520
23	1532520	1537040
23	1537040	1539360
23	1539360	1542840
24	1542840	1561800
24	1561800	1660560
24	1660560	1665280
25	1665280	1671120
25	1671120	1673080
25	1673080	1677880
25	1677880	1681560
25	1681560	1687600
25	1687600	1690760
25	1690760	1695360
25	1695360	1700080
25	1700080	1701440
25	1701440	1703360
25	1703360	1708280
25	1708280	1712000
25	1712000	1719080
25	1719080	1721600
25	1721600	1722880
25	1722880	1724520
25	1724520	1729640
25	1729640	1732840
25	1732840	1737880
25	1737880	1741760
25	1741760	1746280
25	1746280	1749280
25	1749280	1751640
25	1751640	1755960
25	1755960	1760160
25	1760160	1766600
25	1766600	1767960
25	1767960	1769240
25	1769240	1774280
25	1774280	1776440
25	1776440	1780520
25	1780520	1782360
25	1782360	1789320
25	1789320	1791200
25	1791200	1805840
25	1805840	1809000
25	1809000	1813520
25	1813520	1816960
25	1816960	1819600
26	1819600	1839040
26	1839040	1886360
26	1886360	1898280
26	1898280	1917280
26	1917280	1928840
26	1928840	1931080
26	1931080	1939080
26	1939080	1941080
26	1941080	1942120
26	1942120	1945040
26	1945040	1953520
27	1953520	1960880
27	1960880	1967000
27	1967000	1971240
27	1971240	1975040
27	1975040	1976760
27	1976760	1979240
27	1979240	1981520
27	1981520	1984160
27	1984160	1989960
27	1989960	1992920
27	1992920	1997080
27	1997080	2000440
27	2000440	2002840
27	2002840	2005040
27	2005040	2008040
27	2008040	2011760
27	2011760	2019200
27	2019200	2041240
27	2041240	2042800
27	2042800	2045640
27	2045640	2056560
27	2056560	2057840
27	2057840	2061040
27	2061040	2063200
27	2063200	2066680
27	2066680	2070120
27	2070120	2076280
27	2076280	2080840
27	2080840	2084400
27	2084400	2085840
27	2085840	2087920
27	2087920	2094760
27	2094760	2103600
27	2103600	2116040
28	2116040	2120440
28	2120440	2127880
28	2127880	2129960
28	2129960	2136880
28	2136880	2142800
28	2142800	2145000
28	2145000	2147040
28	2147040	2153600
28	2153600	2157920
28	2157920	2161400
28	2161400	2166400
28	2166400	2169200
28	2169200	2173040
28	2173040	2175000
28	2175000	2177320
28	2177320	2178520
28	2178520	2187680
28	2187680	2189520
28	2189520	2193600
28	2193600	2202720
28	2202720	2206760
28	2206760	2211080
28	2211080	2214880
29	2214880	2265000
29	2265000	2271040
29	2271040	2273320
29	2273320	2281440
29	2281440	2282960
29	2282960	2286160
29	2286160	2289480
29	2289480	2333160
29	2333160	2336640
29	2336640	2339200
29	2339200	2348520
29	2348520	2351600
29	2351600	2355640
29	2355640	2357640
29	2357640	2359040
29	2359040	2369200
29	2369200	2380920
29	2380920	2384440
29	2384440	2387200
29	2387200	2396480
29	2396480	2399480
29	2399480	2401560
29	2401560	2403840
29	2403840	2407280
29	2407280	2411080
29	2411080	2412760
29	2412760	2417440
29	2417440	2420400
29	2420400	2422160
29	2422160	2425400
30	2425400	2426120
30	2426120	2427600
30	2427600	2428600
30	2428600	2432320
30	2432320	2435000
30	2435000	2439040
30	2439040	2446600
30	2446600	2450680
30	2450680	2459880
30	2459880	2464840
30	2464840	2471920
30	2471920	2478280
30	2478280	2486800
30	2486800	2495440
30	2495440	2502440
30	2502440	2505280
30	2505280	2514640
31	2514640	2523800
31	2523800	2526600
31	2526600	2528680
31	2528680	2531720
31	2531720	2535160
31	2535160	2541920
31	2541920	2544240
31	2544240	2550640
31	2550640	2555400
31	2555400	2557680
31	2557680	2558880
31	2558880	2562400
31	2562400	2565200
31	2565200	2568160
31	2568160	2569960
31	2569960	2581640
32	2581640	2617960
32	2617960	2622240
32	2622240	2632560
32	2632560	2639000
32	2639000	2649200
32	2649200	2651760
32	2651760	2659840
32	2659840	2666480
32	2666480	2669800
33	2669800	2677680
33	2677680	2686520
33	2686520	2695680
33	2695680	2704920
33	2704920	2711320
33	2711320	2718360
33	2718360	2724360
33	2724360	2728880
33	2728880	2730640
33	2730640	2744640
33	2744640	2748560
33	2748560	2793520
34	2793520	2813120
34	2813120	2816800
34	2816800	2819920
34	2819920	2823680
34	2823680	2826200
34	2826200	2827680
34	2827680	2831440
34	2831440	2834400
34	2834400	2837240
34	2837240	2841240
34	2841240	2842040
34	2842040	2842480
34	2842480	2842760
34	2842760	2843040
34	2843040	2843840
34	2843840	2978600
