shot	start	end
0	0	5840
0	5840	7840
0	7840	9280
0	9280	13120
0	13120	14040
0	14040	17080
0	17080	18440
0	18440	20280
0	20280	22040
0	22040	23200
0	23200	24280
0	24280	25160
0	25160	31280
0	31280	34640
0	34640	35520
0	35520	45880
1	45880	49320
1	49320	50840
1	50840	52440
1	52440	53520
1	53520	56200
1	56200	59000
2	59000	62720
2	62720	78160
3	78160	80120
3	80120	81960
3	81960	122520
3	122520	124720
3	124720	126240
3	126240	129000
3	129000	131960
3	131960	134600
3	134600	139680
3	139680	142120
3	142120	149720
3	149720	152040
3	152040	164000
4	164000	172360
4	172360	179680
4	179680	182320
4	182320	187240
4	187240	190960
4	190960	193200
4	193200	199400
4	199400	212320
5	212320	214240
5	214240	216200
5	216200	216360
5	216360	218120
5	218120	218800
5	218800	221760
5	221760	223960
5	223960	225400
5	225400	227520
5	227520	229440
5	229440	232000
5	232000	234320
5	234320	236200
5	236200	238280
5	238280	240760
5	240760	242840
5	242840	244880
5	244880	247480
5	247480	248440
5	248440	250520
5	250520	251840
5	251840	254600
5	254600	257480
5	257480	260280
5	260280	262320
5	262320	264440
5	264440	266480
5	266480	268320
5	268320	270320
5	270320	273360
5	273360	275800
5	275800	278560
5	278560	280960
5	280960	283160
5	283160	283360
5	283360	285880
5	285880	290080
6	290080	304320
6	304320	306640
6	306640	310280
6	310280	313400
6	313400	317040
6	317040	318720
6	318720	322200
6	322200	326960
6	326960	332000
6	332000	333880
6	333880	336920
6	336920	338720
6	338720	342000
6	342000	343280
6	343280	346680
7	346680	383680
8	383680	411080
8	411080	438040
9	438040	451760
9	451760	476480
9	476480	486560
9	486560	489360
9	489360	493120
9	493120	497200
9	497200	512000
9	512000	516880
9	516880	520400
9	520400	528400
9	528400	543480
10	543480	561200
10	561200	562480
10	562480	565760
10	565760	568080
10	568080	571360
10	571360	574040
10	574040	577720
10	577720	581720
10	581720	586800
10	586800	592800
10	592800	595760
10	595760	599480
10	599480	601240
10	601240	605040
10	605040	606640
10	606640	610360
10	610360	613840
10	613840	616400
10	616400	620560
10	620560	623400
10	623400	624880
10	624880	628200
10	628200	630200
10	630200	631760
10	631760	632840
10	632840	659480
11	659480	674640
11	674640	679000
11	679000	682760
11	682760	683680
11	683680	687680
11	687680	690040
11	690040	692600
11	692600	694840
11	694840	698960
11	698960	704000
11	704000	707240
11	707240	708880
11	708880	711520
11	711520	713400
11	713400	722640
11	722640	725320
11	725320	729920
11	729920	733600
11	733600	738840
11	738840	746560
11	746560	747640
11	747640	749160
11	749160	750760
11	750760	754880
11	754880	755760
11	755760	761520
11	761520	763680
11	763680	765680
11	765680	771760
11	771760	775360
11	775360	776840
11	776840	778840
11	778840	780560
11	780560	782600
11	782600	785640
11	785640	787600
11	787600	792640
11	792640	795560
12	795560	813680
13	813680	815120
13	815120	819680
13	819680	825760
13	825760	841080
13	841080	844320
13	844320	870280
14	870280	876400
14	876400	880760
14	880760	883760
14	883760	889560
14	889560	891280
14	891280	897760
14	897760	900120
14	900120	908360
14	908360	911480
14	911480	916680
14	916680	920400
14	920400	922840
14	922840	925240
14	925240	930520
15	930520	952080
15	952080	955600
15	955600	959120
15	959120	970760
15	970760	977880
15	977880	991840
16	991840	1018600
17	1018600	1026760
17	1026760	1029600
17	1029600	1032480
17	1032480	1035320
17	1035320	1050400
17	1050400	1054800
17	1054800	1064200
18	1064200	1083680
18	1083680	1088240
18	1088240	1090640
18	1090640	1098920
18	1098920	1101160
18	1101160	1102200
18	1102200	1104200
18	1104200	1107240
18	1107240	1113760
18	1113760	1116440
18	1116440	1117960
18	1117960	1122320
18	1122320	1126920
19	1126920	1142760
20	1142760	1150800
20	1150800	1162840
20	1162840	1214040
21	1214040	1249640
21	1249640	1253400
21	1253400	1261880
21	1261880	1270920
21	1270920	1272920
22	1272920	1292200
22	1292200	1333760
22	1333760	1337880
22	1337880	1340200
22	1340200	1342400
22	1342400	1347120
22	1347120	1354160
22	1354160	1357200
22	1357200	1361280
22	1361280	1369960
22	1369960	1371760
22	1371760	1378200
23	1378200	1396920
23	1396920	1403160
23	1403160	1404880
23	1404880	1411280
23	1411280	1419400
23	1419400	1430000
23	1430000	1431640
23	1431640	1433840
23	1433840	1446600
24	1446600	1453400
24	1453400	1456040
24	1456040	1463600
24	1463600	1470720
24	1470720	1477680
24	1477680	1484360
24	1484360	1487840
24	1487840	1493720
24	1493720	1499160
24	1499160	1511160
24	1511160	1513680
24	1513680	1517080
24	1517080	1528320
24	1528320	1532680
24	1532680	1540520
24	1540520	1549960
24	1549960	1554600
24	1554600	1565520
24	1565520	1569440
24	1569440	1572000
24	1572000	1586440
24	1586440	1590000
24	1590000	1595480
25	1595480	1622200
26	1622200	1642360
27	1642360	1676920
27	1676920	1678080
27	1678080	1679600
27	1679600	1701720
28	1701720	1734960
29	1734960	1766880
29	1766880	1774040
29	1774040	1872720
29	1872720	1878400
29	1878400	1891280
30	1891280	1894280
30	1894280	1900800
30	1900800	1903520
30	1903520	1907720
30	1907720	1910000
30	1910000	1911560
30	1911560	1915240
30	1915240	1918720
30	1918720	1920360
30	1920360	1922000
30	1922000	1923360
30	1923360	1930520
30	1930520	1932440
30	1932440	1937520
30	1937520	1938800
30	1938800	1942200
30	1942200	1945640
30	1945640	1950240
30	1950240	1956880
30	1956880	1958880
30	1958880	1961560
30	1961560	1966040
30	1966040	1969120
30	1969120	1972520
30	1972520	1974440
30	1974440	1976360
30	1976360	1979360
30	1979360	1983320
30	1983320	1988000
30	1988000	1992840
30	1992840	1994280
30	1994280	1995520
30	1995520	2005800
30	2005800	2008400
30	2008400	2010560
30	2010560	2012120
30	2012120	2015480
30	2015480	2019080
30	2019080	2021080
30	2021080	2023560
30	2023560	2026240
30	2026240	2031040
30	2031040	2034400
30	2034400	2038960
30	2038960	2041040
30	2041040	2050960
30	2050960	2054240
30	2054240	2055760
30	2055760	2060840
31	2060840	2065640
31	2065640	2078040
31	2078040	2079160
31	2079160	2083800
31	2083800	2085520
31	2085520	2088960
31	2088960	2092480
31	2092480	2094200
31	2094200	2095800
31	2095800	2101560
31	2101560	2103200
31	2103200	2107760
31	2107760	2110680
32	2110680	2113920
32	2113920	2116640
32	2116640	2118240
32	2118240	2123960
32	2123960	2128440
32	2128440	2129800
32	2129800	2131560
32	2131560	2133640
32	2133640	2135280
32	2135280	2137560
32	2137560	2145480
32	2145480	2147760
33	2147760	2200040
34	2200040	2207480
34	2207480	2214480
34	2214480	2217520
34	2217520	2223320
34	2223320	2228880
34	2228880	2230160
34	2230160	2240320
34	2240320	2242920
34	2242920	2246440
34	2246440	2253520
34	2253520	2263240
34	2263240	2264960
34	2264960	2266120
34	2266120	2269920
34	2269920	2273440
34	2273440	2275720
34	2275720	2278400
34	2278400	2282080
34	2282080	2284240
34	2284240	2291040
34	2291040	2293400
35	2293400	2298520
35	2298520	2299880
35	2299880	2311520
35	2311520	2320880
35	2320880	2331640
35	2331640	2341080
35	2341080	2349320
35	2349320	2351960
35	2351960	2356840
35	2356840	2358320
35	2358320	2359200
35	2359200	2364640
36	2364640	2371560
36	2371560	2377600
36	2377600	2393880
37	2393880	2418640
38	2418640	2421000
38	2421000	2423520
38	2423520	2426560
38	2426560	2433880
38	2433880	2436760
38	2436760	2439600
38	2439600	2443440
38	2443440	2445880
38	2445880	2449800
38	2449800	2458440
38	2458440	2460080
38	2460080	2463160
38	2463160	2473040
38	2473040	2475720
38	2475720	2477560
38	2477560	2479120
38	2479120	2480600
38	2480600	2483760
39	2483760	2506040
39	2506040	2508280
39	2508280	2514520
39	2514520	2516080
39	2516080	2518400
39	2518400	2520000
39	2520000	2523400
39	2523400	2525560
39	2525560	2527680
39	2527680	2534440
39	2534440	2538920
39	2538920	2542960
39	2542960	2544800
39	2544800	2550280
39	2550280	2553280
39	2553280	2557520
39	2557520	2558840
39	2558840	2561720
39	2561720	2563760
39	2563760	2565200
39	2565200	2566960
39	2566960	2568720
39	2568720	2569520
39	2569520	2578040
39	2578040	2580800
39	2580800	2587240
39	2587240	2592080
39	2592080	2607360
39	2607360	2610240
39	2610240	2622480
40	2622480	2625320
40	2625320	2640520
40	2640520	2663040
40	2663040	2668640
41	2668640	2674080
41	2674080	2676200
41	2676200	2681240
41	2681240	2683560
41	2683560	2686280
41	2686280	2697280
41	2697280	2702160
41	2702160	2707240
42	2707240	2839600
