shot	start	end
0	0	1240
0	1240	1320
0	1320	3640
0	3640	6680
0	6680	9640
0	9640	11160
0	11160	19560
0	19560	21280
0	21280	22760
0	22760	24360
0	24360	25720
0	25720	31320
0	31320	35400
0	35400	42360
0	42360	45480
0	45480	50560
0	50560	53600
0	53600	55800
0	55800	59000
0	59000	59240
0	59240	59560
0	59560	61480
0	61480	68960
0	68960	70240
0	70240	86840
0	86840	94960
1	94960	119520
1	119520	128480
1	128480	137760
1	137760	142760
1	142760	147240
1	147240	149080
1	149080	154120
1	154120	156360
1	156360	159240
1	159240	162360
1	162360	164680
1	164680	168000
1	168000	172680
1	172680	178040
1	178040	185200
1	185200	186920
1	186920	188880
1	188880	191200
1	191200	193840
1	193840	198960
1	198960	201200
1	201200	204840
1	204840	206920
1	206920	209160
1	209160	213760
1	213760	220320
1	220320	234400
1	234400	238080
1	238080	246440
1	246440	249600
1	249600	257520
1	257520	268280
1	268280	290880
1	290880	299080
1	299080	302240
1	302240	306440
1	306440	317640
1	317640	331280
1	331280	336800
1	336800	340440
1	340440	346480
1	346480	350520
1	350520	353400
1	353400	360800
1	360800	363800
1	363800	366920
1	366920	372480
1	372480	374880
1	374880	377600
1	377600	379320
1	379320	384720
2	384720	387240
2	387240	389200
2	389200	390800
2	390800	394000
2	394000	396040
2	396040	398040
2	398040	401200
2	401200	402560
2	402560	408240
2	408240	409880
2	409880	411240
2	411240	417040
2	417040	419160
2	419160	421320
2	421320	423160
2	423160	425280
2	425280	428200
2	428200	435240
2	435240	439440
2	439440	442640
2	442640	445600
2	445600	453440
2	453440	460760
2	460760	464960
2	464960	468320
2	468320	473800
2	473800	478400
2	478400	483960
2	483960	495120
2	495120	500720
2	500720	509520
2	509520	519200
2	519200	526240
2	526240	528720
2	528720	530800
2	530800	533800
2	533800	540160
2	540160	546600
2	546600	550600
2	550600	559080
2	559080	570400
2	570400	575880
2	575880	578040
2	578040	588200
2	588200	594320
3	594320	610560
3	610560	614680
3	614680	634440
3	634440	642160
3	642160	646480
3	646480	655520
3	655520	661040
3	661040	670640
3	670640	672720
3	672720	676880
3	676880	679800
3	679800	680920
3	680920	683000
3	683000	685560
3	685560	686600
3	686600	687880
3	687880	689480
3	689480	690600
3	690600	692880
3	692880	694920
3	694920	703880
3	703880	712160
4	712160	717640
4	717640	721680
4	721680	724120
4	724120	726080
4	726080	731520
4	731520	736440
4	736440	738120
4	738120	743640
4	743640	746200
4	746200	749440
4	749440	752960
4	752960	757360
4	757360	761440
4	761440	770440
4	770440	772400
4	772400	778160
4	778160	779240
4	779240	786240
4	786240	792120
4	792120	795720
4	795720	797600
4	797600	802640
4	802640	810600
4	810600	813160
4	813160	814960
4	814960	816560
4	816560	817200
4	817200	819360
4	819360	821680
4	821680	824000
4	824000	829480
4	829480	831440
4	831440	834680
4	834680	837840
4	837840	841840
4	841840	843960
4	843960	847160
4	847160	853000
4	853000	856160
4	856160	860120
4	860120	869680
4	869680	873080
4	873080	878000
4	878000	880840
4	880840	887920
4	887920	894640
4	894640	896400
4	896400	903480
4	903480	913240
4	913240	919800
4	919800	922880
4	922880	924360
4	924360	927640
4	927640	930560
4	930560	934800
4	934800	938680
4	938680	944040
4	944040	946800
4	946800	949000
4	949000	950960
4	950960	954720
4	954720	956320
4	956320	958400
4	958400	960880
4	960880	962880
4	962880	971040
4	971040	977360
4	977360	979720
5	979720	983760
5	983760	992160
5	992160	1000840
6	1000840	1006040
6	1006040	1012280
6	1012280	1020840
6	1020840	1022960
6	1022960	1025040
6	1025040	1027760
6	1027760	1028680
6	1028680	1029880
6	1029880	1039280
6	1039280	1042040
6	1042040	1050760
6	1050760	1059520
6	1059520	1062600
6	1062600	1067920
6	1067920	1071800
6	1071800	1076400
6	1076400	1078320
6	1078320	1079440
6	1079440	1081160
6	1081160	1083840
6	1083840	1086080
6	1086080	1088680
6	1088680	1091600
6	1091600	1094680
6	1094680	1098720
6	1098720	1108960
6	1108960	1112880
6	1112880	1117560
6	1117560	1124920
6	1124920	1129640
6	1129640	1135680
6	1135680	1143320
6	1143320	1147080
6	1147080	1150520
6	1150520	1153320
6	1153320	1156800
6	1156800	1163200
6	1163200	1167800
6	1167800	1170560
6	1170560	1177000
6	1177000	1185960
6	1185960	1191120
6	1191120	1199440
7	1199440	1213600
7	1213600	1217160
7	1217160	1221520
7	1221520	1228160
7	1228160	1230120
7	1230120	1239600
7	1239600	1246160
7	1246160	1278320
7	1278320	1285400
7	1285400	1296520
7	1296520	1301040
8	1301040	1304720
8	1304720	1308160
8	1308160	1311200
8	1311200	1321000
8	1321000	1330280
8	1330280	1342920
8	1342920	1345760
8	1345760	1358000
8	1358000	1365200
8	1365200	1377080
8	1377080	1380320
8	1380320	1388680
8	1388680	1391840
8	1391840	1397480
8	1397480	1399040
8	1399040	1401040
8	1401040	1413160
8	1413160	1420520
8	1420520	1428320
8	1428320	1429920
8	1429920	1431440
8	1431440	1434680
8	1434680	1441000
8	1441000	1442840
8	1442840	1443600
8	1443600	1445480
8	1445480	1449560
8	1449560	1451200
8	1451200	1452720
8	1452720	1464640
8	1464640	1466400
8	1466400	1470200
8	1470200	1475520
8	1475520	1488040
9	1488040	1494040
9	1494040	1496240
9	1496240	1498880
9	1498880	1503360
9	1503360	1505520
9	1505520	1507760
9	1507760	1511200
9	1511200	1513040
9	1513040	1515640
9	1515640	1522920
9	1522920	1526200
9	1526200	1531200
9	1531200	1539000
9	1539000	1541840
9	1541840	1545720
9	1545720	1548800
9	1548800	1556080
9	1556080	1561200
9	1561200	1574240
10	1574240	1578080
10	1578080	1580600
10	1580600	1583760
10	1583760	1587120
10	1587120	1589600
10	1589600	1592240
10	1592240	1598400
10	1598400	1601120
10	1601120	1602800
10	1602800	1604160
10	1604160	1605800
10	1605800	1606840
10	1606840	1608880
10	1608880	1613160
10	1613160	1615520
10	1615520	1617280
10	1617280	1619160
10	1619160	1626880
10	1626880	1629600
10	1629600	1632040
10	1632040	1634880
10	1634880	1636840
10	1636840	1640840
10	1640840	1645080
10	1645080	1645880
10	1645880	1646880
10	1646880	1648880
10	1648880	1650960
10	1650960	1652360
10	1652360	1654080
10	1654080	1655480
10	1655480	1656800
10	1656800	1659000
10	1659000	1660480
10	1660480	1660960
10	1660960	1661960
10	1661960	1664160
10	1664160	1666480
10	1666480	1667560
10	1667560	1670160
10	1670160	1673920
10	1673920	1674920
10	1674920	1676480
10	1676480	1678560
10	1678560	1681400
10	1681400	1684160
10	1684160	1686760
10	1686760	1687760
10	1687760	1689840
10	1689840	1692160
10	1692160	1693160
10	1693160	1693840
10	1693840	1695440
10	1695440	1696040
10	1696040	1698680
10	1698680	1704160
10	1704160	1711360
10	1711360	1714360
10	1714360	1715640
10	1715640	1722000
11	1722000	1725360
11	1725360	1747440
11	1747440	1750360
11	1750360	1752320
11	1752320	1759360
11	1759360	1767280
11	1767280	1775520
11	1775520	1784760
11	1784760	1792400
11	1792400	1804200
11	1804200	1812160
11	1812160	1817440
11	1817440	1819960
11	1819960	1822360
11	1822360	1836240
11	1836240	1842600
11	1842600	1847800
11	1847800	1852440
11	1852440	1857160
11	1857160	1862280
11	1862280	1867960
11	1867960	1871120
11	1871120	1877240
11	1877240	1881000
11	1881000	1883200
11	1883200	1886040
11	1886040	1890800
11	1890800	1894240
11	1894240	1898000
11	1898000	1907760
11	1907760	1914320
12	1914320	1916880
12	1916880	1920080
12	1920080	1921280
12	1921280	1922240
12	1922240	1924320
12	1924320	1927960
12	1927960	1930760
12	1930760	1933800
12	1933800	1936280
12	1936280	1938640
12	1938640	1942240
12	1942240	1946640
12	1946640	1947840
12	1947840	1949360
12	1949360	1951040
12	1951040	1955280
12	1955280	1960920
12	1960920	1963000
12	1963000	1965200
12	1965200	1967040
12	1967040	1969920
12	1969920	1978640
12	1978640	1982760
12	1982760	1985280
12	1985280	1985520
12	1985520	1985600
12	1985600	1986000
12	1986000	1988000
12	1988000	1990440
12	1990440	1993120
12	1993120	1998000
12	1998000	2001520
12	2001520	2008400
12	2008400	2013400
12	2013400	2019800
12	2019800	2021680
12	2021680	2023960
12	2023960	2028640
12	2028640	2036280
12	2036280	2038640
12	2038640	2039320
12	2039320	2039680
12	2039680	2040840
12	2040840	2041200
12	2041200	2042120
12	2042120	2042680
12	2042680	2043560
12	2043560	2043800
12	2043800	2046880
12	2046880	2047920
12	2047920	2048000
12	2048000	2050440
12	2050440	2051520
12	2051520	2051600
12	2051600	2053000
12	2053000	2053920
12	2053920	2054960
12	2054960	2055640
12	2055640	2056920
12	2056920	2057120
12	2057120	2061760
12	2061760	2066680
13	2066680	2071880
13	2071880	2074960
13	2074960	2077120
13	2077120	2083000
13	2083000	2089520
13	2089520	2092720
13	2092720	2094920
13	2094920	2100120
13	2100120	2109800
13	2109800	2127080
13	2127080	2131800
13	2131800	2134480
13	2134480	2137440
13	2137440	2140200
13	2140200	2143320
13	2143320	2145720
13	2145720	2148560
13	2148560	2154120
13	2154120	2156920
13	2156920	2161960
13	2161960	2168120
13	2168120	2173320
13	2173320	2176760
13	2176760	2182120
13	2182120	2184240
13	2184240	2192840
13	2192840	2196880
13	2196880	2201480
13	2201480	2206680
13	2206680	2209080
13	2209080	2216000
13	2216000	2222000
13	2222000	2225400
13	2225400	2228680
13	2228680	2233920
13	2233920	2236360
13	2236360	2239160
13	2239160	2241120
13	2241120	2246040
13	2246040	2250360
13	2250360	2250560
13	2250560	2252360
14	2252360	2266880
14	2266880	2268440
14	2268440	2271240
14	2271240	2273040
14	2273040	2276600
14	2276600	2279560
14	2279560	2284120
14	2284120	2286080
14	2286080	2288280
14	2288280	2291320
14	2291320	2295160
14	2295160	2300960
14	2300960	2302560
14	2302560	2304680
14	2304680	2311560
15	2311560	2312920
15	2312920	2313760
15	2313760	2322960
15	2322960	2324400
15	2324400	2325000
15	2325000	2326760
15	2326760	2327880
15	2327880	2329480
15	2329480	2330680
15	2330680	2331640
15	2331640	2332440
15	2332440	2334600
15	2334600	2336440
15	2336440	2337680
15	2337680	2338640
15	2338640	2339840
15	2339840	2341080
15	2341080	2343200
15	2343200	2344000
15	2344000	2346280
15	2346280	2347320
15	2347320	2347800
15	2347800	2349160
15	2349160	2351920
15	2351920	2353280
15	2353280	2354400
15	2354400	2355800
15	2355800	2358760
15	2358760	2367040
15	2367040	2369000
15	2369000	2373240
15	2373240	2380040
15	2380040	2388840
15	2388840	2403240
15	2403240	2407360
15	2407360	2409360
15	2409360	2411280
15	2411280	2421680
15	2421680	2428400
15	2428400	2439320
15	2439320	2442960
15	2442960	2447800
15	2447800	2450520
15	2450520	2453000
15	2453000	2455040
15	2455040	2457120
15	2457120	2461680
15	2461680	2463560
15	2463560	2465480
16	2465480	2468120
16	2468120	2471480
16	2471480	2472720
16	2472720	2475200
16	2475200	2477160
16	2477160	2479000
16	2479000	2481280
16	2481280	2481360
16	2481360	2481680
16	2481680	2482560
16	2482560	2482640
16	2482640	2484360
16	2484360	2489080
16	2489080	2490560
16	2490560	2493440
17	2493440	2495680
17	2495680	2497160
17	2497160	2498280
17	2498280	2499720
17	2499720	2502800
17	2502800	2504040
17	2504040	2504520
17	2504520	2505800
17	2505800	2508440
17	2508440	2509920
17	2509920	2510560
17	2510560	2510960
17	2510960	2511840
17	2511840	2512360
17	2512360	2512840
17	2512840	2513600
17	2513600	2514680
17	2514680	2516240
17	2516240	2517880
17	2517880	2518680
17	2518680	2519960
17	2519960	2521160
17	2521160	2522120
17	2522120	2523600
17	2523600	2526960
17	2526960	2528600
18	2528600	2530560
18	2530560	2530720
18	2530720	2531880
18	2531880	2533640
18	2533640	2535040
18	2535040	2535560
18	2535560	2538280
19	2538280	2539640
19	2539640	2541320
19	2541320	2542480
19	2542480	2543960
19	2543960	2545360
19	2545360	2546400
19	2546400	2548520
19	2548520	2551440
19	2551440	2557360
19	2557360	2558400
19	2558400	2559360
19	2559360	2560960
19	2560960	2561360
19	2561360	2562040
20	2562040	2563360
20	2563360	2564160
20	2564160	2567400
20	2567400	2569000
20	2569000	2570560
20	2570560	2572000
20	2572000	2573240
20	2573240	2573720
21	2573720	2575320
21	2575320	2577120
21	2577120	2579800
21	2579800	2580640
21	2580640	2581600
21	2581600	2582640
21	2582640	2583720
21	2583720	2584840
21	2584840	2585880
21	2585880	2586560
21	2586560	2587480
21	2587480	2587920
21	2587920	2588320
21	2588320	2588880
21	2588880	2591240
21	2591240	2593160
21	2593160	2597560
21	2597560	2600120
21	2600120	2605640
21	2605640	2610640
21	2610640	2613040
21	2613040	2614160
21	2614160	2615320
21	2615320	2621080
21	2621080	2623280
21	2623280	2626560
21	2626560	2628640
21	2628640	2631680
21	2631680	2633160
21	2633160	2634600
21	2634600	2636040
21	2636040	2638920
21	2638920	2640080
21	2640080	2642640
21	2642640	2645080
21	2645080	2646960
21	2646960	2651320
21	2651320	2655440
21	2655440	2657760
21	2657760	2661560
21	2661560	2664920
21	2664920	2669240
21	2669240	2671000
22	2671000	2671600
22	2671600	2673240
22	2673240	2674840
22	2674840	2677120
22	2677120	2682600
22	2682600	2685320
22	2685320	2685680
22	2685680	2689760
22	2689760	2690360
22	2690360	2693200
22	2693200	2696640
22	2696640	2697840
22	2697840	2698760
22	2698760	2698920
22	2698920	2699520
22	2699520	2700200
22	2700200	2700280
22	2700280	2701480
22	2701480	2702560
22	2702560	2704120
22	2704120	2704240
22	2704240	2704920
22	2704920	2706560
22	2706560	2708600
22	2708600	2709840
22	2709840	2710680
22	2710680	2711360
22	2711360	2712520
22	2712520	2713440
22	2713440	2714400
22	2714400	2714760
22	2714760	2715400
22	2715400	2717600
22	2717600	2718960
22	2718960	2720480
22	2720480	2723720
22	2723720	2725600
22	2725600	2727600
22	2727600	2728160
22	2728160	2728960
22	2728960	2729520
22	2729520	2730040
22	2730040	2733960
22	2733960	2734040
22	2734040	2734840
22	2734840	2735360
22	2735360	2737520
22	2737520	2737640
22	2737640	2739440
22	2739440	2741600
22	2741600	2742560
22	2742560	2743360
22	2743360	2744520
22	2744520	2746240
22	2746240	2747320
22	2747320	2747440
22	2747440	2747800
22	2747800	2748640
22	2748640	2749240
22	2749240	2749520
22	2749520	2750280
22	2750280	2753320
22	2753320	2753960
22	2753960	2755040
22	2755040	2760480
22	2760480	2762240
22	2762240	2767040
22	2767040	2768320
22	2768320	2769120
22	2769120	2770280
22	2770280	2772320
22	2772320	2776400
22	2776400	2776840
22	2776840	2781440
22	2781440	2786680
22	2786680	2790320
22	2790320	2795480
22	2795480	2803320
23	2803320	2813840
23	2813840	2820160
23	2820160	2822720
23	2822720	2824400
23	2824400	2830240
23	2830240	2836080
24	2836080	2841520
24	2841520	2846120
24	2846120	2851920
24	2851920	2856960
24	2856960	2859520
24	2859520	2860640
24	2860640	2862280
24	2862280	2864000
24	2864000	2872160
25	2872160	2882600
25	2882600	2885440
25	2885440	2887880
25	2887880	2894640
25	2894640	2898160
25	2898160	2902560
25	2902560	2908480
25	2908480	2911040
25	2911040	2922240
25	2922240	2931080
25	2931080	2936720
25	2936720	2937800
25	2937800	2942680
25	2942680	2945520
25	2945520	2947880
26	2947880	2952600
26	2952600	2957560
26	2957560	2958160
26	2958160	2958240
26	2958240	2962000
26	2962000	2965480
26	2965480	2969400
26	2969400	2972040
26	2972040	2974240
26	2974240	2976760
26	2976760	2983800
27	2983800	2984800
