shot	start	end
0	0	1240
0	1240	1320
0	1320	3640
0	3640	26440
1	26440	27240
1	27240	46000
1	46000	50840
1	50840	52920
1	52920	53920
1	53920	68240
1	68240	71600
1	71600	75320
1	75320	78360
1	78360	80920
1	80920	87920
1	87920	89200
1	89200	93440
1	93440	95240
1	95240	97920
1	97920	101480
1	101480	102520
1	102520	103720
1	103720	104520
1	104520	105800
1	105800	108920
2	108920	110440
2	110440	118840
2	118840	120560
2	120560	122040
2	122040	123640
2	123640	125000
2	125000	130600
2	130600	134680
2	134680	141640
2	141640	144760
2	144760	149840
2	149840	152880
2	152880	155080
2	155080	158280
2	158280	158520
2	158520	158840
2	158840	160760
2	160760	168240
2	168240	169520
2	169520	186120
2	186120	194240
2	194240	209800
3	209800	224280
3	224280	232880
3	232880	235320
3	235320	238280
3	238280	240320
3	240320	242800
3	242800	249200
3	249200	251040
3	251040	254680
3	254680	255640
3	255640	257440
3	257440	259920
3	259920	260880
3	260880	262280
3	262280	265120
3	265120	273720
3	273720	277680
3	277680	281160
3	281160	283160
3	283160	287440
3	287440	289760
3	289760	291160
3	291160	292640
3	292640	294000
3	294000	295880
3	295880	300000
3	300000	326200
3	326200	327800
3	327800	329480
3	329480	333560
3	333560	335560
3	335560	338960
3	338960	340080
3	340080	341400
3	341400	342600
3	342600	346280
3	346280	352680
3	352680	353840
3	353840	355000
3	355000	358080
3	358080	359480
3	359480	362000
3	362000	363160
3	363160	365120
3	365120	367960
3	367960	371920
3	371920	375760
4	375760	382440
4	382440	384320
4	384320	389360
4	389360	393840
4	393840	396520
4	396520	397440
4	397440	398600
4	398600	401520
4	401520	404680
4	404680	407600
4	407600	413160
4	413160	420800
4	420800	428160
4	428160	430040
4	430040	431040
4	431040	432480
4	432480	434120
4	434120	436480
4	436480	438440
4	438440	441840
4	441840	442760
4	442760	444800
4	444800	446960
4	446960	449880
4	449880	452800
4	452800	454480
4	454480	460640
4	460640	464080
4	464080	465920
4	465920	467960
4	467960	469400
4	469400	473120
4	473120	475600
4	475600	482000
4	482000	488600
4	488600	489480
4	489480	493400
4	493400	495120
4	495120	500440
4	500440	501600
4	501600	504360
4	504360	505800
4	505800	507040
4	507040	508360
4	508360	510320
4	510320	512400
4	512400	513800
4	513800	514520
4	514520	516320
4	516320	544520
5	544520	575920
5	575920	580200
5	580200	582160
5	582160	583720
5	583720	586560
5	586560	599040
5	599040	601560
5	601560	604080
5	604080	606360
5	606360	607800
5	607800	609360
5	609360	613560
5	613560	615280
5	615280	618960
5	618960	625360
5	625360	626760
5	626760	637920
5	637920	640320
5	640320	642320
5	642320	645840
5	645840	651120
5	651120	652440
5	652440	654720
5	654720	660640
5	660640	663720
5	663720	672920
5	672920	676880
5	676880	682280
5	682280	683040
5	683040	684120
5	684120	692160
5	692160	693200
5	693200	694280
5	694280	698160
5	698160	699600
5	699600	703120
5	703120	705080
5	705080	710360
5	710360	714880
5	714880	717360
5	717360	720600
5	720600	722600
5	722600	728040
5	728040	730800
5	730800	732360
5	732360	733360
5	733360	735680
5	735680	736640
5	736640	738840
5	738840	739960
5	739960	741160
5	741160	744600
5	744600	745520
5	745520	746960
5	746960	753240
5	753240	754200
5	754200	755880
5	755880	757600
5	757600	763920
5	763920	765600
5	765600	766680
5	766680	767920
5	767920	774880
5	774880	776520
5	776520	777960
5	777960	779520
5	779520	780120
5	780120	780400
5	780400	782320
5	782320	783000
5	783000	784160
5	784160	786800
5	786800	788160
5	788160	789040
5	789040	792160
5	792160	793000
5	793000	793720
5	793720	797200
5	797200	798320
5	798320	800080
5	800080	800920
5	800920	802840
5	802840	803600
5	803600	804000
5	804000	804280
5	804280	804480
5	804480	807320
5	807320	810520
5	810520	811360
5	811360	812440
5	812440	819480
5	819480	828560
5	828560	829960
5	829960	831200
5	831200	832920
5	832920	834640
5	834640	837880
5	837880	839240
5	839240	841280
5	841280	843720
5	843720	845480
5	845480	846760
5	846760	848960
5	848960	850320
5	850320	852000
5	852000	853840
5	853840	856040
5	856040	859360
6	859360	868480
6	868480	881800
6	881800	884440
6	884440	886800
6	886800	898320
6	898320	899400
6	899400	902480
6	902480	905200
6	905200	918760
6	918760	921360
6	921360	923480
6	923480	925000
6	925000	930600
6	930600	932160
6	932160	937880
6	937880	941840
6	941840	943960
6	943960	946160
6	946160	956680
6	956680	957840
6	957840	962160
6	962160	963240
6	963240	972000
6	972000	977640
6	977640	980120
7	980120	982760
7	982760	987520
7	987520	992480
7	992480	1003400
7	1003400	1009000
7	1009000	1014000
7	1014000	1020400
7	1020400	1022880
7	1022880	1030400
7	1030400	1031440
7	1031440	1033200
7	1033200	1034520
7	1034520	1047600
7	1047600	1061880
8	1061880	1064760
8	1064760	1069360
8	1069360	1072440
8	1072440	1078040
8	1078040	1080040
8	1080040	1082360
8	1082360	1087880
8	1087880	1092200
8	1092200	1092960
8	1092960	1096160
8	1096160	1098760
8	1098760	1101040
8	1101040	1102880
8	1102880	1117080
8	1117080	1121040
8	1121040	1122960
8	1122960	1130200
8	1130200	1131920
8	1131920	1134360
8	1134360	1136400
8	1136400	1142200
8	1142200	1143320
8	1143320	1144640
8	1144640	1146320
8	1146320	1151600
8	1151600	1152720
8	1152720	1154440
8	1154440	1155400
8	1155400	1156960
8	1156960	1158480
8	1158480	1159880
8	1159880	1161080
8	1161080	1163640
8	1163640	1165280
8	1165280	1166600
8	1166600	1168720
8	1168720	1172120
9	1172120	1188960
9	1188960	1196480
9	1196480	1198440
9	1198440	1199760
9	1199760	1202040
9	1202040	1203840
9	1203840	1208040
9	1208040	1212160
9	1212160	1213240
9	1213240	1215840
9	1215840	1221000
9	1221000	1223960
9	1223960	1225920
9	1225920	1227840
9	1227840	1230360
9	1230360	1231920
9	1231920	1241120
9	1241120	1246040
9	1246040	1248200
9	1248200	1256120
9	1256120	1259360
9	1259360	1261320
9	1261320	1263480
9	1263480	1279440
9	1279440	1282600
9	1282600	1287280
9	1287280	1299080
9	1299080	1301480
9	1301480	1302360
9	1302360	1307920
9	1307920	1309120
9	1309120	1311840
9	1311840	1320240
9	1320240	1321880
9	1321880	1323760
9	1323760	1330280
9	1330280	1333480
10	1333480	1340160
10	1340160	1344920
10	1344920	1351400
10	1351400	1352720
10	1352720	1355960
10	1355960	1360040
10	1360040	1360960
10	1360960	1362440
10	1362440	1364600
10	1364600	1368120
10	1368120	1372120
10	1372120	1374320
10	1374320	1382120
10	1382120	1383720
10	1383720	1385120
10	1385120	1389520
10	1389520	1390920
10	1390920	1394640
10	1394640	1396720
10	1396720	1399920
10	1399920	1402400
10	1402400	1403520
10	1403520	1405280
10	1405280	1406000
10	1406000	1409200
10	1409200	1416560
10	1416560	1417960
10	1417960	1419200
10	1419200	1421880
10	1421880	1425440
10	1425440	1428120
10	1428120	1429880
10	1429880	1431520
10	1431520	1432080
10	1432080	1435520
10	1435520	1438080
10	1438080	1439840
10	1439840	1442320
10	1442320	1446600
10	1446600	1454160
11	1454160	1457720
11	1457720	1460560
11	1460560	1462280
11	1462280	1464000
11	1464000	1465200
11	1465200	1472840
11	1472840	1475720
11	1475720	1477160
11	1477160	1479520
11	1479520	1481040
11	1481040	1486000
11	1486000	1487640
11	1487640	1492240
11	1492240	1493680
11	1493680	1496920
11	1496920	1507240
11	1507240	1513880
11	1513880	1528080
11	1528080	1530560
11	1530560	1539320
11	1539320	1540480
11	1540480	1543160
11	1543160	1545520
11	1545520	1552520
11	1552520	1554200
11	1554200	1555640
11	1555640	1558880
11	1558880	1576800
11	1576800	1586200
11	1586200	1589720
11	1589720	1592400
11	1592400	1594800
11	1594800	1598760
11	1598760	1600840
11	1600840	1602720
11	1602720	1603840
11	1603840	1607960
11	1607960	1609160
11	1609160	1610560
11	1610560	1612160
11	1612160	1616440
11	1616440	1619480
11	1619480	1620480
11	1620480	1624120
11	1624120	1627360
11	1627360	1629480
11	1629480	1630640
11	1630640	1638480
12	1638480	1643320
12	1643320	1646080
12	1646080	1648240
12	1648240	1650000
12	1650000	1652840
12	1652840	1664200
12	1664200	1666280
12	1666280	1668240
12	1668240	1670200
12	1670200	1671640
12	1671640	1673040
12	1673040	1676920
12	1676920	1678520
12	1678520	1682320
12	1682320	1683760
12	1683760	1685160
12	1685160	1690280
12	1690280	1694280
12	1694280	1696280
12	1696280	1698200
12	1698200	1699720
12	1699720	1700360
12	1700360	1701560
12	1701560	1702680
12	1702680	1704880
12	1704880	1706200
12	1706200	1708200
12	1708200	1711400
12	1711400	1714600
12	1714600	1718360
12	1718360	1722600
12	1722600	1724560
12	1724560	1732800
12	1732800	1734400
12	1734400	1736520
12	1736520	1740960
12	1740960	1743800
12	1743800	1748120
12	1748120	1750560
12	1750560	1754280
12	1754280	1756360
12	1756360	1758040
12	1758040	1765360
12	1765360	1766680
12	1766680	1768200
12	1768200	1769720
12	1769720	1774120
12	1774120	1783600
12	1783600	1788840
12	1788840	1792200
12	1792200	1795240
12	1795240	1796080
12	1796080	1796800
12	1796800	1797120
12	1797120	1797720
12	1797720	1801080
12	1801080	1802440
12	1802440	1803400
12	1803400	1809560
12	1809560	1813280
12	1813280	1814680
12	1814680	1816320
12	1816320	1818840
12	1818840	1821280
12	1821280	1823840
12	1823840	1835720
13	1835720	1837680
13	1837680	1840040
13	1840040	1841080
13	1841080	1842280
13	1842280	1858600
13	1858600	1862320
13	1862320	1866440
13	1866440	1878240
13	1878240	1883480
13	1883480	1892920
13	1892920	1899000
13	1899000	1900600
13	1900600	1905040
13	1905040	1907360
13	1907360	1909200
13	1909200	1919640
14	1919640	1934800
14	1934800	1938920
14	1938920	1942160
14	1942160	1944840
14	1944840	1946520
14	1946520	1949600
14	1949600	1951880
14	1951880	1953440
14	1953440	1955200
14	1955200	1956240
14	1956240	1960400
14	1960400	1961800
14	1961800	1962720
14	1962720	1964920
14	1964920	1967240
14	1967240	1969160
14	1969160	1975160
14	1975160	1978600
14	1978600	1983600
14	1983600	1984800
14	1984800	1985160
14	1985160	1986760
14	1986760	1992600
14	1992600	1997520
14	1997520	1998920
14	1998920	1999000
14	1999000	1999080
14	1999080	1999160
14	1999160	2002440
14	2002440	2003840
14	2003840	2007640
14	2007640	2009080
14	2009080	2012240
14	2012240	2013920
14	2013920	2014160
14	2014160	2015160
14	2015160	2035800
14	2035800	2038440
14	2038440	2040000
14	2040000	2044160
14	2044160	2045880
14	2045880	2051720
14	2051720	2055800
14	2055800	2057160
14	2057160	2057560
14	2057560	2058360
14	2058360	2058880
14	2058880	2064480
14	2064480	2070000
14	2070000	2071800
14	2071800	2088640
15	2088640	2097760
15	2097760	2099800
15	2099800	2101080
15	2101080	2103160
15	2103160	2105880
15	2105880	2107320
15	2107320	2110520
15	2110520	2113000
15	2113000	2116480
15	2116480	2117680
15	2117680	2121800
15	2121800	2127960
15	2127960	2129520
15	2129520	2131160
15	2131160	2134440
15	2134440	2136760
15	2136760	2137760
15	2137760	2138680
15	2138680	2140160
15	2140160	2141480
15	2141480	2144120
15	2144120	2151320
15	2151320	2152840
15	2152840	2155240
15	2155240	2157920
15	2157920	2162480
15	2162480	2164320
15	2164320	2166760
15	2166760	2170640
15	2170640	2171560
15	2171560	2174480
15	2174480	2209600
16	2209600	2217280
16	2217280	2219440
16	2219440	2220760
16	2220760	2224920
16	2224920	2225920
16	2225920	2227720
16	2227720	2235720
16	2235720	2241680
16	2241680	2243400
16	2243400	2246440
16	2246440	2249560
16	2249560	2251400
16	2251400	2253760
16	2253760	2257320
16	2257320	2258680
16	2258680	2260720
16	2260720	2265600
16	2265600	2270200
16	2270200	2272640
16	2272640	2276840
16	2276840	2280560
16	2280560	2283240
16	2283240	2289760
16	2289760	2294360
16	2294360	2296080
16	2296080	2298080
16	2298080	2299680
16	2299680	2301880
16	2301880	2304800
16	2304800	2307720
16	2307720	2308960
16	2308960	2312480
16	2312480	2315360
16	2315360	2316480
16	2316480	2317360
16	2317360	2319320
16	2319320	2323880
16	2323880	2326680
16	2326680	2328080
17	2328080	2331640
17	2331640	2333720
17	2333720	2337400
17	2337400	2342520
17	2342520	2347960
17	2347960	2358280
17	2358280	2359680
17	2359680	2364360
17	2364360	2365840
17	2365840	2368920
17	2368920	2370360
17	2370360	2372640
17	2372640	2374880
17	2374880	2378560
17	2378560	2380960
17	2380960	2383360
17	2383360	2389240
17	2389240	2391360
17	2391360	2393840
17	2393840	2396240
17	2396240	2397920
17	2397920	2400200
17	2400200	2403160
17	2403160	2404400
17	2404400	2406280
17	2406280	2410760
17	2410760	2421040
17	2421040	2423800
17	2423800	2428360
17	2428360	2430360
17	2430360	2439560
17	2439560	2441240
17	2441240	2443480
17	2443480	2445200
17	2445200	2456480
17	2456480	2460680
17	2460680	2463000
17	2463000	2467080
17	2467080	2470480
17	2470480	2472520
17	2472520	2473960
17	2473960	2480400
17	2480400	2487880
18	2487880	2497800
18	2497800	2504040
18	2504040	2509720
18	2509720	2510920
18	2510920	2517080
18	2517080	2519520
18	2519520	2520440
18	2520440	2524400
18	2524400	2528160
18	2528160	2531600
18	2531600	2532560
18	2532560	2537120
18	2537120	2538800
18	2538800	2541960
18	2541960	2543440
18	2543440	2544880
18	2544880	2546320
18	2546320	2553480
18	2553480	2560560
18	2560560	2564640
18	2564640	2566000
18	2566000	2570840
18	2570840	2572120
18	2572120	2573240
18	2573240	2575720
18	2575720	2579240
18	2579240	2583080
18	2583080	2584880
18	2584880	2585880
18	2585880	2587080
18	2587080	2592440
18	2592440	2593080
18	2593080	2593840
18	2593840	2594400
18	2594400	2596880
18	2596880	2601040
18	2601040	2608440
18	2608440	2609720
18	2609720	2612200
18	2612200	2615520
18	2615520	2617240
18	2617240	2619760
18	2619760	2621440
18	2621440	2622960
18	2622960	2625120
18	2625120	2627480
18	2627480	2632960
18	2632960	2635080
18	2635080	2635960
18	2635960	2639560
18	2639560	2642880
18	2642880	2645160
18	2645160	2647200
18	2647200	2653320
18	2653320	2655120
18	2655120	2656880
18	2656880	2658160
18	2658160	2660240
18	2660240	2662760
18	2662760	2668880
18	2668880	2671120
18	2671120	2672960
18	2672960	2674920
18	2674920	2678080
18	2678080	2681720
19	2681720	2689480
19	2689480	2704720
19	2704720	2709680
19	2709680	2712560
19	2712560	2722320
19	2722320	2736840
19	2736840	2743960
19	2743960	2749920
19	2749920	2757480
19	2757480	2763040
19	2763040	2768120
19	2768120	2772080
19	2772080	2775240
19	2775240	2778720
19	2778720	2781600
19	2781600	2783840
19	2783840	2792600
19	2792600	2794560
19	2794560	2796160
19	2796160	2798880
19	2798880	2800880
19	2800880	2803400
19	2803400	2804640
19	2804640	2807400
19	2807400	2809480
19	2809480	2814360
19	2814360	2817360
19	2817360	2817920
19	2817920	2818560
19	2818560	2823160
19	2823160	2824160
19	2824160	2825800
19	2825800	2831200
19	2831200	2832960
19	2832960	2838440
19	2838440	2842000
19	2842000	2854400
19	2854400	2861360
19	2861360	2865200
19	2865200	2866920
19	2866920	2868920
19	2868920	2873120
19	2873120	2876120
19	2876120	2880240
19	2880240	2881160
19	2881160	2883880
19	2883880	2885400
19	2885400	2887120
19	2887120	2887760
19	2887760	2889280
19	2889280	2890880
19	2890880	2892360
19	2892360	2895800
19	2895800	2898440
19	2898440	2900640
19	2900640	2901840
19	2901840	2904080
19	2904080	2906040
19	2906040	2908160
19	2908160	2911120
19	2911120	2913440
19	2913440	2917840
19	2917840	2924600
19	2924600	2927800
19	2927800	2929640
19	2929640	2931920
19	2931920	2933040
19	2933040	2936320
19	2936320	2938800
19	2938800	2946560
19	2946560	2948600
19	2948600	2951440
19	2951440	2953800
19	2953800	2957120
19	2957120	2966080
19	2966080	2977080
19	2977080	2980320
19	2980320	2983600
19	2983600	2985920
19	2985920	2988920
19	2988920	2994160
19	2994160	2996240
19	2996240	2996960
19	2996960	3001360
19	3001360	3002400
19	3002400	3004680
19	3004680	3007400
19	3007400	3015480
19	3015480	3020080
19	3020080	3021320
19	3021320	3023960
19	3023960	3027400
19	3027400	3029440
19	3029440	3031760
19	3031760	3041080
19	3041080	3042800
19	3042800	3044000
19	3044000	3045040
19	3045040	3067640
19	3067640	3073360
19	3073360	3085560
19	3085560	3088120
19	3088120	3091200
19	3091200	3094320
19	3094320	3096560
19	3096560	3096840
19	3096840	3098560
19	3098560	3102120
19	3102120	3103520
19	3103520	3104120
19	3104120	3105040
19	3105040	3106560
19	3106560	3107280
19	3107280	3108720
19	3108720	3109600
19	3109600	3112800
19	3112800	3113240
19	3113240	3116600
19	3116600	3117960
19	3117960	3120520
19	3120520	3120880
19	3120880	3122880
19	3122880	3123640
19	3123640	3125920
19	3125920	3126680
19	3126680	3128960
19	3128960	3131360
19	3131360	3132800
19	3132800	3132880
19	3132880	3133160
19	3133160	3134160
19	3134160	3135160
19	3135160	3136320
19	3136320	3137280
19	3137280	3138200
19	3138200	3138840
19	3138840	3139240
19	3139240	3139560
19	3139560	3139680
19	3139680	3142560
19	3142560	3143160
19	3143160	3144120
19	3144120	3144640
19	3144640	3147520
19	3147520	3148640
19	3148640	3149320
19	3149320	3150720
19	3150720	3152080
19	3152080	3152760
19	3152760	3153840
19	3153840	3154840
19	3154840	3156120
19	3156120	3157120
19	3157120	3158880
19	3158880	3160080
19	3160080	3163000
19	3163000	3164680
19	3164680	3166800
19	3166800	3176960
19	3176960	3178200
19	3178200	3178840
19	3178840	3180240
19	3180240	3180800
19	3180800	3182600
19	3182600	3184080
19	3184080	3193240
19	3193240	3194080
19	3194080	3200840
19	3200840	3201800
19	3201800	3206720
19	3206720	3208560
19	3208560	3211480
19	3211480	3213120
19	3213120	3217040
19	3217040	3220600
19	3220600	3222120
19	3222120	3224520
19	3224520	3226400
19	3226400	3226960
19	3226960	3228920
19	3228920	3230680
19	3230680	3234160
19	3234160	3236560
19	3236560	3240160
19	3240160	3242200
19	3242200	3245960
20	3245960	3257880
20	3257880	3271600
21	3271600	3272600
