shot	start	end
0	0	1240
0	1240	1320
0	1320	3640
0	3640	6680
0	6680	11040
0	11040	19440
0	19440	21160
0	21160	22640
0	22640	24240
0	24240	25600
0	25600	31760
0	31760	35960
0	35960	40360
0	40360	43400
0	43400	45600
0	45600	48800
0	48800	49040
0	49040	49360
0	49360	51280
0	51280	59120
0	59120	73040
0	73040	81000
0	81000	87400
0	87400	95480
0	95480	258400
1	258400	269120
1	269120	271320
1	271320	272920
1	272920	273760
1	273760	276200
1	276200	279600
1	279600	280440
1	280440	281440
1	281440	284280
1	284280	289400
1	289400	290040
1	290040	290920
1	290920	292000
1	292000	294960
1	294960	297560
1	297560	298800
1	298800	299600
1	299600	300440
1	300440	300920
1	300920	303160
1	303160	304040
1	304040	305800
1	305800	308880
1	308880	319720
1	319720	320960
1	320960	322640
1	322640	324600
1	324600	326880
1	326880	335880
1	335880	341680
2	341680	347720
2	347720	350560
2	350560	353800
2	353800	357920
2	357920	359840
2	359840	361840
2	361840	363280
2	363280	364760
2	364760	367880
2	367880	370120
2	370120	373120
2	373120	374440
2	374440	377840
2	377840	382120
2	382120	387880
2	387880	389760
2	389760	391960
2	391960	393160
2	393160	395760
2	395760	400280
2	400280	412320
2	412320	414800
2	414800	417320
2	417320	419200
2	419200	420440
2	420440	423400
2	423400	428760
2	428760	430720
2	430720	433000
2	433000	434760
2	434760	436920
2	436920	439440
2	439440	441400
2	441400	444760
3	444760	445720
3	445720	449400
3	449400	451400
3	451400	457200
3	457200	460320
3	460320	462800
3	462800	471800
3	471800	474560
3	474560	477680
3	477680	479520
3	479520	483840
3	483840	486400
3	486400	489760
3	489760	492800
3	492800	496640
4	496640	505600
4	505600	520160
4	520160	525440
4	525440	527800
4	527800	532120
4	532120	537600
4	537600	551480
4	551480	560480
5	560480	565960
5	565960	568920
5	568920	572680
5	572680	577240
5	577240	581960
5	581960	584480
5	584480	587000
5	587000	590120
5	590120	592280
5	592280	597400
5	597400	598960
5	598960	601200
5	601200	603200
5	603200	608800
5	608800	612520
5	612520	617720
5	617720	621200
5	621200	622960
5	622960	624000
5	624000	625800
5	625800	628520
5	628520	631200
5	631200	633960
5	633960	637280
5	637280	642200
5	642200	648880
5	648880	653320
5	653320	659520
5	659520	660520
5	660520	662440
5	662440	666560
5	666560	666880
5	666880	672320
5	672320	674600
5	674600	685480
5	685480	688240
5	688240	690120
5	690120	694520
5	694520	699520
5	699520	703360
5	703360	707160
5	707160	709280
5	709280	716320
6	716320	722760
6	722760	726920
6	726920	728840
6	728840	734000
6	734000	743920
6	743920	745720
6	745720	749160
6	749160	751400
6	751400	752800
6	752800	757560
6	757560	760040
6	760040	765720
6	765720	767520
6	767520	771160
6	771160	774880
6	774880	777680
6	777680	792240
6	792240	794240
6	794240	799160
6	799160	804840
6	804840	808040
6	808040	813200
6	813200	814800
6	814800	816520
6	816520	818800
6	818800	823680
6	823680	828040
6	828040	831080
6	831080	833080
6	833080	836840
6	836840	846600
6	846600	849280
6	849280	856400
6	856400	863760
6	863760	871000
6	871000	874120
6	874120	880200
6	880200	885280
6	885280	891160
6	891160	895120
6	895120	897040
6	897040	900120
6	900120	905680
6	905680	915600
6	915600	922680
6	922680	930800
6	930800	933760
6	933760	935040
6	935040	937680
6	937680	941120
6	941120	941760
6	941760	944600
6	944600	951880
6	951880	953760
6	953760	955480
6	955480	960520
6	960520	962440
6	962440	968440
6	968440	970440
6	970440	972160
6	972160	973640
6	973640	974560
6	974560	975360
6	975360	976720
6	976720	977640
6	977640	978160
6	978160	980960
6	980960	982640
6	982640	984880
6	984880	986720
6	986720	989400
6	989400	992040
6	992040	997280
6	997280	1000200
7	1000200	1003960
7	1003960	1009720
7	1009720	1014400
7	1014400	1029720
8	1029720	1058520
8	1058520	1065720
8	1065720	1071200
8	1071200	1075200
8	1075200	1078000
8	1078000	1081000
8	1081000	1084000
8	1084000	1086400
8	1086400	1089760
8	1089760	1092920
8	1092920	1095200
8	1095200	1096840
8	1096840	1101920
8	1101920	1105080
8	1105080	1107600
8	1107600	1112560
8	1112560	1115400
8	1115400	1117720
8	1117720	1120800
8	1120800	1122240
8	1122240	1124240
8	1124240	1130040
8	1130040	1131880
8	1131880	1137440
8	1137440	1139480
8	1139480	1141080
8	1141080	1145200
8	1145200	1151560
8	1151560	1154080
8	1154080	1156880
8	1156880	1159080
8	1159080	1160320
8	1160320	1164880
8	1164880	1166280
8	1166280	1167400
8	1167400	1169280
8	1169280	1171000
8	1171000	1172720
8	1172720	1178880
8	1178880	1181160
8	1181160	1183160
8	1183160	1186800
8	1186800	1188240
8	1188240	1189840
8	1189840	1195840
8	1195840	1198800
8	1198800	1201320
8	1201320	1208720
8	1208720	1211360
8	1211360	1213600
8	1213600	1215400
8	1215400	1218200
8	1218200	1221320
8	1221320	1228560
8	1228560	1230440
8	1230440	1236880
8	1236880	1238640
8	1238640	1243520
8	1243520	1246160
8	1246160	1250440
8	1250440	1253240
8	1253240	1262720
8	1262720	1266200
8	1266200	1269240
8	1269240	1273600
8	1273600	1275920
8	1275920	1278360
8	1278360	1279640
8	1279640	1281680
8	1281680	1287520
8	1287520	1291320
8	1291320	1294360
8	1294360	1298880
8	1298880	1303080
8	1303080	1306480
8	1306480	1310440
8	1310440	1313320
8	1313320	1315680
8	1315680	1318240
8	1318240	1321920
8	1321920	1334240
8	1334240	1336280
8	1336280	1340920
8	1340920	1343480
8	1343480	1345760
8	1345760	1349400
8	1349400	1353160
8	1353160	1363760
8	1363760	1367280
8	1367280	1374560
8	1374560	1376320
8	1376320	1382520
8	1382520	1384240
8	1384240	1393360
8	1393360	1399400
8	1399400	1401400
8	1401400	1405520
9	1405520	1422720
9	1422720	1429640
9	1429640	1432560
9	1432560	1438440
9	1438440	1443120
9	1443120	1450440
9	1450440	1455040
9	1455040	1457640
9	1457640	1460800
9	1460800	1462160
9	1462160	1465160
9	1465160	1466800
9	1466800	1468240
9	1468240	1472520
9	1472520	1475000
9	1475000	1476920
9	1476920	1479920
9	1479920	1481880
9	1481880	1495400
9	1495400	1506680
10	1506680	1522560
10	1522560	1525240
10	1525240	1528040
10	1528040	1529920
10	1529920	1534440
10	1534440	1535680
10	1535680	1537280
10	1537280	1550840
11	1550840	1560800
11	1560800	1562560
11	1562560	1566360
11	1566360	1569080
11	1569080	1572720
11	1572720	1575200
11	1575200	1577480
11	1577480	1581360
11	1581360	1584440
11	1584440	1587880
11	1587880	1590000
11	1590000	1593800
11	1593800	1597640
11	1597640	1600400
11	1600400	1603960
11	1603960	1606400
11	1606400	1611120
11	1611120	1613160
11	1613160	1617400
11	1617400	1621680
11	1621680	1626320
11	1626320	1630800
11	1630800	1640880
12	1640880	1644960
12	1644960	1648560
12	1648560	1651600
12	1651600	1653680
12	1653680	1656200
12	1656200	1660640
12	1660640	1663360
12	1663360	1666040
12	1666040	1668120
12	1668120	1670520
12	1670520	1674760
12	1674760	1678480
12	1678480	1684160
12	1684160	1686600
12	1686600	1690160
12	1690160	1693960
12	1693960	1695920
12	1695920	1698280
12	1698280	1700200
12	1700200	1701920
12	1701920	1706400
12	1706400	1707360
12	1707360	1708800
12	1708800	1714080
12	1714080	1716200
12	1716200	1718040
12	1718040	1720360
12	1720360	1721400
12	1721400	1722080
12	1722080	1723240
12	1723240	1726280
12	1726280	1730280
12	1730280	1733000
12	1733000	1734680
12	1734680	1736520
12	1736520	1738240
12	1738240	1740280
12	1740280	1742400
12	1742400	1745720
12	1745720	1746920
12	1746920	1747880
12	1747880	1749720
12	1749720	1751040
12	1751040	1755280
12	1755280	1756720
12	1756720	1757680
12	1757680	1758800
12	1758800	1760080
12	1760080	1761360
12	1761360	1762440
12	1762440	1763520
12	1763520	1765320
12	1765320	1770160
12	1770160	1772960
12	1772960	1776040
12	1776040	1778680
12	1778680	1781040
12	1781040	1782720
12	1782720	1784320
12	1784320	1785680
12	1785680	1788080
12	1788080	1791600
12	1791600	1793760
12	1793760	1797040
12	1797040	1799520
12	1799520	1801880
12	1801880	1807640
12	1807640	1814200
12	1814200	1823640
13	1823640	1838880
13	1838880	1845560
14	1845560	1857040
14	1857040	1863280
14	1863280	1865760
14	1865760	1868480
14	1868480	1871080
14	1871080	1893440
14	1893440	1896800
14	1896800	1898360
14	1898360	1903400
14	1903400	1906080
14	1906080	1912440
14	1912440	1916120
14	1916120	1918200
14	1918200	1920240
14	1920240	1921680
14	1921680	1923760
14	1923760	1927520
14	1927520	1930680
14	1930680	1932560
14	1932560	1934880
14	1934880	1941440
14	1941440	1946240
14	1946240	1949440
14	1949440	1951960
14	1951960	1954800
14	1954800	1956480
14	1956480	1963280
14	1963280	1965920
14	1965920	1972880
14	1972880	1975320
14	1975320	2017320
15	2017320	2021840
15	2021840	2024600
15	2024600	2028280
15	2028280	2033520
15	2033520	2040240
15	2040240	2043480
15	2043480	2045800
15	2045800	2049240
15	2049240	2060480
15	2060480	2063840
15	2063840	2066120
15	2066120	2070840
15	2070840	2072920
15	2072920	2075560
15	2075560	2082320
15	2082320	2086280
15	2086280	2093400
16	2093400	2104520
16	2104520	2111440
16	2111440	2131440
16	2131440	2137800
16	2137800	2152160
16	2152160	2160400
16	2160400	2170600
16	2170600	2173640
16	2173640	2178360
16	2178360	2182120
16	2182120	2187360
16	2187360	2194960
16	2194960	2198280
16	2198280	2200520
16	2200520	2207360
16	2207360	2209600
16	2209600	2211360
16	2211360	2215960
17	2215960	2228720
17	2228720	2234360
17	2234360	2237800
17	2237800	2240600
17	2240600	2246240
17	2246240	2249080
17	2249080	2256080
17	2256080	2262280
17	2262280	2265240
17	2265240	2270560
17	2270560	2273320
17	2273320	2280360
18	2280360	2290080
18	2290080	2292560
18	2292560	2304320
18	2304320	2306320
18	2306320	2309040
18	2309040	2312760
18	2312760	2316040
18	2316040	2318120
18	2318120	2327200
18	2327200	2328720
18	2328720	2331200
18	2331200	2333600
18	2333600	2336440
18	2336440	2342600
18	2342600	2365080
18	2365080	2371720
18	2371720	2376280
18	2376280	2378680
18	2378680	2379960
18	2379960	2381800
18	2381800	2383400
18	2383400	2386040
18	2386040	2390840
18	2390840	2395800
18	2395800	2401120
18	2401120	2403040
18	2403040	2404960
18	2404960	2413600
18	2413600	2416200
18	2416200	2419240
18	2419240	2421320
18	2421320	2425320
18	2425320	2428920
18	2428920	2437280
18	2437280	2439960
18	2439960	2452880
18	2452880	2458080
18	2458080	2465360
18	2465360	2467400
18	2467400	2469920
18	2469920	2475880
18	2475880	2478360
18	2478360	2481640
18	2481640	2487440
18	2487440	2499800
18	2499800	2503880
18	2503880	2509360
18	2509360	2513040
18	2513040	2519080
18	2519080	2522840
18	2522840	2524400
18	2524400	2527960
18	2527960	2550160
18	2550160	2552720
18	2552720	2560000
18	2560000	2563840
18	2563840	2566000
18	2566000	2568240
18	2568240	2571120
18	2571120	2579040
18	2579040	2583160
18	2583160	2586120
18	2586120	2590480
18	2590480	2594640
18	2594640	2598040
18	2598040	2599400
18	2599400	2603720
18	2603720	2610840
19	2610840	2627040
19	2627040	2629400
19	2629400	2631960
19	2631960	2634440
19	2634440	2637080
19	2637080	2638760
19	2638760	2639920
19	2639920	2642480
19	2642480	2644680
19	2644680	2648120
19	2648120	2649400
19	2649400	2653000
19	2653000	2654440
19	2654440	2657680
19	2657680	2659080
19	2659080	2663120
19	2663120	2668800
19	2668800	2671720
19	2671720	2674280
19	2674280	2678440
19	2678440	2682440
19	2682440	2683680
19	2683680	2685720
19	2685720	2687480
19	2687480	2689520
19	2689520	2691800
19	2691800	2694320
19	2694320	2697040
19	2697040	2699000
19	2699000	2701200
19	2701200	2702400
19	2702400	2703960
19	2703960	2705360
19	2705360	2708920
19	2708920	2711680
19	2711680	2712840
19	2712840	2713880
19	2713880	2714560
19	2714560	2715320
19	2715320	2716240
19	2716240	2716840
19	2716840	2717480
19	2717480	2718000
19	2718000	2719200
19	2719200	2719920
19	2719920	2720680
19	2720680	2721080
19	2721080	2721640
19	2721640	2722040
19	2722040	2722600
19	2722600	2724360
19	2724360	2725760
19	2725760	2727080
19	2727080	2728280
19	2728280	2729680
19	2729680	2732280
19	2732280	2733400
19	2733400	2734000
19	2734000	2734520
19	2734520	2735080
19	2735080	2735560
19	2735560	2736360
19	2736360	2737440
19	2737440	2738400
19	2738400	2741000
19	2741000	2744000
19	2744000	2745320
19	2745320	2746120
19	2746120	2747440
19	2747440	2747760
19	2747760	2748240
19	2748240	2748520
19	2748520	2750200
19	2750200	2750680
19	2750680	2751680
19	2751680	2752880
19	2752880	2755120
19	2755120	2760200
19	2760200	2763120
19	2763120	2764920
19	2764920	2765400
19	2765400	2766760
19	2766760	2767760
19	2767760	2768440
19	2768440	2769760
19	2769760	2770560
19	2770560	2771400
19	2771400	2772040
19	2772040	2773800
19	2773800	2774200
19	2774200	2774600
19	2774600	2775360
19	2775360	2776560
19	2776560	2777120
19	2777120	2778800
19	2778800	2779200
19	2779200	2779680
19	2779680	2780440
19	2780440	2780880
19	2780880	2782240
19	2782240	2782560
19	2782560	2783160
19	2783160	2783400
19	2783400	2784480
19	2784480	2785480
19	2785480	2786560
19	2786560	2789160
19	2789160	2790120
19	2790120	2790680
19	2790680	2792000
19	2792000	2792720
19	2792720	2793320
19	2793320	2793880
19	2793880	2794560
19	2794560	2795040
19	2795040	2795960
19	2795960	2796560
19	2796560	2797440
19	2797440	2797800
19	2797800	2798440
19	2798440	2799560
19	2799560	2800360
19	2800360	2801080
19	2801080	2802040
19	2802040	2803600
19	2803600	2804200
19	2804200	2804560
19	2804560	2805960
19	2805960	2806880
19	2806880	2808800
19	2808800	2809480
19	2809480	2809920
19	2809920	2811080
19	2811080	2813320
19	2813320	2814600
19	2814600	2815680
19	2815680	2816800
19	2816800	2817400
19	2817400	2818200
19	2818200	2820000
19	2820000	2820640
19	2820640	2821120
19	2821120	2821680
19	2821680	2822880
19	2822880	2823600
19	2823600	2823920
19	2823920	2824520
19	2824520	2826400
19	2826400	2827080
19	2827080	2828000
19	2828000	2829440
19	2829440	2830440
19	2830440	2831240
19	2831240	2832160
19	2832160	2833080
19	2833080	2837160
19	2837160	2838960
19	2838960	2839880
19	2839880	2840560
19	2840560	2841520
19	2841520	2842280
19	2842280	2842880
19	2842880	2843760
19	2843760	2844600
19	2844600	2845640
19	2845640	2846600
19	2846600	2847640
19	2847640	2848320
19	2848320	2848760
19	2848760	2849120
19	2849120	2850000
19	2850000	2850720
19	2850720	2851520
19	2851520	2852320
19	2852320	2853480
19	2853480	2854560
19	2854560	2857440
19	2857440	2858880
19	2858880	2861960
19	2861960	2862520
19	2862520	2863520
19	2863520	2864760
19	2864760	2868040
19	2868040	2869200
19	2869200	2870840
19	2870840	2873800
19	2873800	2875360
19	2875360	2876960
19	2876960	2877960
19	2877960	2879600
19	2879600	2881280
19	2881280	2882800
19	2882800	2883880
19	2883880	2886040
19	2886040	2887080
19	2887080	2888360
19	2888360	2889680
19	2889680	2890080
19	2890080	2891000
19	2891000	2891800
19	2891800	2892240
19	2892240	2893320
19	2893320	2896440
19	2896440	2898040
19	2898040	2899960
19	2899960	2901600
19	2901600	2903920
19	2903920	2905120
19	2905120	2907000
19	2907000	2909160
19	2909160	2909440
19	2909440	2909600
19	2909600	2910160
19	2910160	2911120
19	2911120	2914360
19	2914360	2916120
19	2916120	2918320
19	2918320	2920720
19	2920720	2921920
19	2921920	2924280
19	2924280	2926240
19	2926240	2927640
19	2927640	2930160
19	2930160	2932280
19	2932280	2934080
19	2934080	2935040
19	2935040	2936840
20	2936840	3014280
