shot	start	end
0	0	1240
0	1240	1320
0	1320	3640
0	3640	6680
0	6680	9640
0	9640	11160
0	11160	19560
0	19560	21280
0	21280	22760
0	22760	24360
0	24360	25720
0	25720	31320
0	31320	35400
0	35400	42360
0	42360	45480
0	45480	50560
0	50560	53600
0	53600	55800
0	55800	59000
0	59000	59240
0	59240	59560
0	59560	61480
0	61480	68960
0	68960	70240
0	70240	86840
0	86840	94960
1	94960	117280
1	117280	123760
1	123760	130360
1	130360	137240
1	137240	139280
1	139280	141520
1	141520	144800
1	144800	146360
1	146360	147760
1	147760	148320
1	148320	149040
1	149040	152000
1	152000	153000
1	153000	153960
1	153960	154360
1	154360	154920
1	154920	157200
1	157200	157880
1	157880	158400
1	158400	159080
1	159080	160080
1	160080	165560
1	165560	167040
1	167040	167440
1	167440	168440
1	168440	169160
1	169160	169800
1	169800	170360
1	170360	172680
1	172680	173920
1	173920	174600
1	174600	175320
1	175320	176640
1	176640	177120
1	177120	177760
1	177760	178040
1	178040	178720
1	178720	179800
1	179800	180160
1	180160	180560
1	180560	181120
1	181120	182560
1	182560	183720
1	183720	184880
1	184880	187120
1	187120	187800
1	187800	188520
1	188520	189000
1	189000	189560
1	189560	190360
1	190360	191080
1	191080	193000
1	193000	194320
1	194320	195480
1	195480	197720
1	197720	198880
1	198880	200400
1	200400	203040
1	203040	203640
1	203640	204680
1	204680	206280
1	206280	207160
1	207160	209240
1	209240	210160
1	210160	214600
1	214600	216240
1	216240	218840
1	218840	220280
1	220280	222240
1	222240	228080
1	228080	229040
1	229040	229720
1	229720	230000
1	230000	230600
1	230600	231320
1	231320	232480
1	232480	236360
1	236360	239120
1	239120	245440
2	245440	249040
2	249040	252600
2	252600	253520
2	253520	254800
2	254800	256840
2	256840	258080
2	258080	263240
2	263240	264680
2	264680	268480
2	268480	270000
2	270000	272440
2	272440	273520
2	273520	278640
2	278640	279600
2	279600	281640
2	281640	282400
2	282400	282840
2	282840	283240
2	283240	284040
2	284040	284600
2	284600	285720
2	285720	286720
2	286720	288480
2	288480	290640
2	290640	292920
2	292920	298000
2	298000	301280
2	301280	302880
2	302880	312920
2	312920	313920
2	313920	316560
2	316560	321960
2	321960	324360
2	324360	325440
2	325440	328920
2	328920	330720
2	330720	332880
2	332880	338360
2	338360	339840
2	339840	342560
3	342560	345560
3	345560	349160
3	349160	353320
3	353320	360040
3	360040	363080
3	363080	367680
3	367680	369600
3	369600	375880
3	375880	378520
3	378520	381080
3	381080	385880
3	385880	386880
3	386880	390600
3	390600	392080
3	392080	396160
3	396160	398040
3	398040	399120
3	399120	400120
3	400120	402960
3	402960	403880
3	403880	404920
3	404920	406280
3	406280	407760
3	407760	412000
3	412000	413000
3	413000	413680
3	413680	414160
3	414160	414800
3	414800	415560
3	415560	416880
3	416880	417160
3	417160	417920
3	417920	418120
3	418120	418640
3	418640	419600
3	419600	420200
3	420200	421640
3	421640	423880
3	423880	425760
3	425760	426560
3	426560	430840
3	430840	431160
3	431160	431720
3	431720	433280
4	433280	442640
4	442640	443760
4	443760	447240
4	447240	448800
4	448800	454240
4	454240	456640
4	456640	462840
4	462840	465920
4	465920	467680
4	467680	470640
4	470640	474560
4	474560	476640
4	476640	482280
4	482280	486360
4	486360	487760
4	487760	491520
4	491520	495000
4	495000	496440
4	496440	504440
4	504440	508400
4	508400	510840
4	510840	514640
4	514640	517680
4	517680	521040
4	521040	526320
4	526320	528600
4	528600	532440
4	532440	535120
4	535120	536400
4	536400	540120
4	540120	544520
4	544520	548040
4	548040	551720
4	551720	552960
4	552960	554160
4	554160	556520
4	556520	558120
4	558120	560640
4	560640	563760
4	563760	565000
4	565000	567040
4	567040	572280
4	572280	575160
4	575160	578320
4	578320	580320
4	580320	581320
4	581320	582680
4	582680	592240
4	592240	597000
4	597000	600320
4	600320	606040
4	606040	613320
4	613320	616240
4	616240	618280
4	618280	619480
4	619480	621640
4	621640	624680
4	624680	625960
4	625960	627200
4	627200	629520
4	629520	634200
4	634200	637880
4	637880	641880
4	641880	643640
4	643640	649000
4	649000	652280
4	652280	654560
4	654560	656640
4	656640	662560
4	662560	664360
4	664360	666480
4	666480	673640
4	673640	675400
4	675400	677440
4	677440	682440
4	682440	687960
4	687960	694680
4	694680	702800
4	702800	706280
4	706280	708080
4	708080	711040
4	711040	713000
4	713000	717880
4	717880	720560
4	720560	723880
4	723880	726600
4	726600	728960
4	728960	732240
4	732240	735080
4	735080	736960
4	736960	740080
4	740080	741000
4	741000	745400
4	745400	746920
4	746920	748280
4	748280	752320
4	752320	753720
4	753720	755640
4	755640	760600
4	760600	763040
4	763040	767120
4	767120	769360
4	769360	771120
4	771120	772800
4	772800	774040
4	774040	774800
4	774800	776560
4	776560	784040
4	784040	787480
5	787480	797080
5	797080	823880
5	823880	826360
5	826360	847680
5	847680	850000
5	850000	851800
5	851800	854000
5	854000	858240
5	858240	863000
5	863000	865360
5	865360	869560
5	869560	873400
5	873400	874880
5	874880	876520
5	876520	881880
5	881880	886200
5	886200	891120
5	891120	892880
5	892880	897200
5	897200	898760
5	898760	900200
5	900200	902920
5	902920	904000
5	904000	906320
5	906320	907760
5	907760	910920
5	910920	913640
5	913640	919840
5	919840	921080
5	921080	922240
5	922240	923760
5	923760	924400
5	924400	925480
5	925480	926480
5	926480	928240
5	928240	929920
5	929920	931600
5	931600	933680
5	933680	936400
5	936400	940960
5	940960	945360
5	945360	945800
5	945800	946640
5	946640	948000
5	948000	948920
5	948920	950320
5	950320	951360
5	951360	953600
5	953600	956240
5	956240	956760
5	956760	957160
5	957160	957800
5	957800	958120
5	958120	958560
5	958560	958960
5	958960	959640
5	959640	960280
5	960280	960920
5	960920	963680
5	963680	965320
5	965320	967240
5	967240	968880
5	968880	971560
5	971560	973680
5	973680	978880
5	978880	981800
5	981800	983400
5	983400	984440
5	984440	987760
5	987760	988840
5	988840	993080
5	993080	995920
6	995920	1004800
6	1004800	1009160
6	1009160	1012120
6	1012120	1014680
6	1014680	1020240
6	1020240	1022760
6	1022760	1025720
6	1025720	1027480
6	1027480	1029640
6	1029640	1032000
6	1032000	1033400
6	1033400	1036320
6	1036320	1037680
6	1037680	1040160
6	1040160	1045320
6	1045320	1048120
6	1048120	1049480
6	1049480	1055360
6	1055360	1059240
6	1059240	1060400
6	1060400	1062080
6	1062080	1064640
6	1064640	1067160
6	1067160	1070040
6	1070040	1071240
6	1071240	1074600
6	1074600	1077440
6	1077440	1078840
6	1078840	1081720
6	1081720	1084120
6	1084120	1091920
6	1091920	1099120
6	1099120	1105400
6	1105400	1107560
6	1107560	1115200
6	1115200	1119520
6	1119520	1135080
6	1135080	1140440
6	1140440	1148040
6	1148040	1152720
7	1152720	1153360
7	1153360	1153800
7	1153800	1157800
7	1157800	1159640
7	1159640	1161080
7	1161080	1161720
7	1161720	1162400
7	1162400	1162480
7	1162480	1162640
7	1162640	1163520
7	1163520	1163920
7	1163920	1177080
7	1177080	1178720
7	1178720	1179360
7	1179360	1180840
7	1180840	1182160
7	1182160	1184600
7	1184600	1186560
7	1186560	1188240
7	1188240	1192680
7	1192680	1203760
7	1203760	1228040
7	1228040	1235240
7	1235240	1240800
8	1240800	1245760
8	1245760	1250680
8	1250680	1254480
8	1254480	1257960
8	1257960	1259800
8	1259800	1262240
8	1262240	1273880
8	1273880	1276480
8	1276480	1280440
8	1280440	1282840
8	1282840	1286560
8	1286560	1288280
8	1288280	1289800
8	1289800	1291360
8	1291360	1296480
8	1296480	1298840
8	1298840	1301280
8	1301280	1302840
8	1302840	1307640
8	1307640	1313280
8	1313280	1314000
8	1314000	1315440
8	1315440	1317040
8	1317040	1318800
8	1318800	1320440
8	1320440	1323240
8	1323240	1324760
8	1324760	1327960
8	1327960	1330920
8	1330920	1333080
8	1333080	1336480
8	1336480	1338760
9	1338760	1344240
9	1344240	1347960
9	1347960	1349960
9	1349960	1355360
9	1355360	1356760
9	1356760	1359240
9	1359240	1361200
9	1361200	1364440
9	1364440	1368520
9	1368520	1373880
9	1373880	1375640
9	1375640	1377640
9	1377640	1379720
9	1379720	1384520
9	1384520	1386080
9	1386080	1393120
9	1393120	1395240
9	1395240	1401160
9	1401160	1402320
9	1402320	1404600
9	1404600	1410000
9	1410000	1411360
9	1411360	1413640
9	1413640	1420520
10	1420520	1446520
10	1446520	1446840
10	1446840	1446920
10	1446920	1447000
10	1447000	1447080
10	1447080	1447160
10	1447160	1447240
10	1447240	1447320
10	1447320	1454600
11	1454600	1455120
11	1455120	1457440
11	1457440	1458560
11	1458560	1461320
11	1461320	1464080
11	1464080	1465680
11	1465680	1466720
11	1466720	1467720
11	1467720	1469400
11	1469400	1472120
11	1472120	1473480
11	1473480	1475120
11	1475120	1479000
11	1479000	1479800
11	1479800	1481320
11	1481320	1483040
11	1483040	1485640
11	1485640	1487400
11	1487400	1490840
11	1490840	1492720
11	1492720	1495440
11	1495440	1499240
11	1499240	1500520
11	1500520	1503200
11	1503200	1506640
11	1506640	1508520
11	1508520	1510720
11	1510720	1512640
11	1512640	1515000
11	1515000	1516480
11	1516480	1520040
12	1520040	1525520
12	1525520	1531560
12	1531560	1532920
12	1532920	1534280
12	1534280	1536880
12	1536880	1538720
12	1538720	1540480
12	1540480	1543600
12	1543600	1545040
12	1545040	1546200
12	1546200	1550560
12	1550560	1555600
12	1555600	1563240
12	1563240	1565680
12	1565680	1571680
12	1571680	1573280
12	1573280	1575600
12	1575600	1578080
12	1578080	1579360
12	1579360	1581160
12	1581160	1582760
12	1582760	1584000
12	1584000	1585720
12	1585720	1586200
12	1586200	1591760
12	1591760	1592040
12	1592040	1592760
12	1592760	1594800
12	1594800	1595000
12	1595000	1596760
12	1596760	1596920
12	1596920	1597920
12	1597920	1599040
12	1599040	1600080
12	1600080	1600840
12	1600840	1602720
12	1602720	1603240
12	1603240	1604680
12	1604680	1605520
12	1605520	1608440
12	1608440	1609280
12	1609280	1610760
12	1610760	1613480
12	1613480	1614040
12	1614040	1615840
12	1615840	1617720
12	1617720	1620960
12	1620960	1628560
13	1628560	1632680
13	1632680	1637040
13	1637040	1648200
13	1648200	1652760
13	1652760	1655440
13	1655440	1659440
13	1659440	1662000
13	1662000	1665480
13	1665480	1669280
13	1669280	1671280
13	1671280	1672440
13	1672440	1673800
13	1673800	1675480
13	1675480	1679960
13	1679960	1682880
13	1682880	1688400
13	1688400	1691880
13	1691880	1693560
13	1693560	1696760
13	1696760	1699680
13	1699680	1702400
13	1702400	1704920
13	1704920	1709640
13	1709640	1715160
13	1715160	1720880
13	1720880	1723680
13	1723680	1727280
14	1727280	1738400
14	1738400	1750520
14	1750520	1753840
14	1753840	1778320
14	1778320	1800960
14	1800960	1809800
14	1809800	1812440
14	1812440	1815120
14	1815120	1818280
14	1818280	1822200
14	1822200	1826240
14	1826240	1839560
14	1839560	1852360
14	1852360	1859800
14	1859800	1861440
14	1861440	1865240
14	1865240	1868600
14	1868600	1870480
14	1870480	1873760
14	1873760	1876400
14	1876400	1880280
14	1880280	1883320
14	1883320	1885440
14	1885440	1886600
14	1886600	1890200
14	1890200	1891520
14	1891520	1893920
14	1893920	1898800
14	1898800	1905040
14	1905040	1907320
14	1907320	1908960
14	1908960	1909680
14	1909680	1910720
14	1910720	1911520
14	1911520	1913240
14	1913240	1915280
14	1915280	1917440
14	1917440	1923880
14	1923880	1926240
14	1926240	1927760
14	1927760	1929080
14	1929080	1931200
14	1931200	1932320
14	1932320	1933640
14	1933640	1937720
14	1937720	1939360
14	1939360	1940680
14	1940680	1941640
14	1941640	1943040
14	1943040	1947000
14	1947000	1949400
14	1949400	1951520
14	1951520	1953360
14	1953360	1954720
14	1954720	1960240
14	1960240	1962160
14	1962160	1963080
14	1963080	1964040
14	1964040	1967680
14	1967680	1969040
14	1969040	1970440
14	1970440	1974600
14	1974600	1978800
14	1978800	1981800
14	1981800	1985400
14	1985400	1988440
14	1988440	1990000
14	1990000	1991040
14	1991040	1992440
14	1992440	1993480
14	1993480	1996640
14	1996640	1998680
14	1998680	2000880
14	2000880	2003800
14	2003800	2010040
14	2010040	2014920
14	2014920	2016440
14	2016440	2028800
14	2028800	2033320
14	2033320	2039640
14	2039640	2041000
14	2041000	2043320
14	2043320	2045240
14	2045240	2046640
14	2046640	2047600
14	2047600	2049400
14	2049400	2051600
14	2051600	2053040
14	2053040	2054120
14	2054120	2055360
14	2055360	2058440
14	2058440	2059360
14	2059360	2061080
14	2061080	2062640
14	2062640	2064880
14	2064880	2068000
14	2068000	2070840
14	2070840	2072600
14	2072600	2077280
14	2077280	2078400
14	2078400	2079440
14	2079440	2081440
14	2081440	2082520
14	2082520	2086520
14	2086520	2090040
14	2090040	2091760
14	2091760	2095640
14	2095640	2097880
14	2097880	2099880
14	2099880	2101400
14	2101400	2103200
14	2103200	2107840
14	2107840	2112320
14	2112320	2118960
14	2118960	2122800
14	2122800	2126240
14	2126240	2128760
14	2128760	2131320
14	2131320	2133280
14	2133280	2135880
14	2135880	2138040
14	2138040	2139720
14	2139720	2141080
14	2141080	2143200
14	2143200	2146840
14	2146840	2149800
14	2149800	2153200
14	2153200	2154680
14	2154680	2159040
14	2159040	2161320
14	2161320	2163000
14	2163000	2165960
14	2165960	2167880
14	2167880	2169320
14	2169320	2171880
14	2171880	2173240
14	2173240	2178480
14	2178480	2180560
14	2180560	2195400
14	2195400	2196880
14	2196880	2198680
14	2198680	2199720
14	2199720	2203440
14	2203440	2205400
14	2205400	2211280
14	2211280	2214600
14	2214600	2218200
14	2218200	2221200
14	2221200	2223160
14	2223160	2224520
14	2224520	2226400
14	2226400	2227440
14	2227440	2228440
14	2228440	2231680
14	2231680	2233160
14	2233160	2237000
14	2237000	2241600
14	2241600	2243080
14	2243080	2245880
14	2245880	2248800
14	2248800	2250080
14	2250080	2251600
14	2251600	2252640
14	2252640	2254600
14	2254600	2255920
14	2255920	2259720
14	2259720	2260400
14	2260400	2261520
14	2261520	2263400
14	2263400	2264880
14	2264880	2266080
14	2266080	2267120
14	2267120	2270960
14	2270960	2272280
14	2272280	2273360
14	2273360	2274800
14	2274800	2275720
14	2275720	2279240
14	2279240	2280840
14	2280840	2283560
14	2283560	2284800
14	2284800	2287480
14	2287480	2288960
14	2288960	2293040
14	2293040	2296200
14	2296200	2299960
14	2299960	2301040
14	2301040	2305200
14	2305200	2306800
14	2306800	2310840
14	2310840	2312880
14	2312880	2314760
14	2314760	2316040
14	2316040	2318920
14	2318920	2320520
14	2320520	2321840
14	2321840	2323480
14	2323480	2324680
14	2324680	2325800
14	2325800	2326960
14	2326960	2333040
14	2333040	2334520
14	2334520	2336760
14	2336760	2338520
14	2338520	2340680
14	2340680	2344200
14	2344200	2345240
14	2345240	2346480
14	2346480	2347280
14	2347280	2348200
14	2348200	2349040
14	2349040	2349960
14	2349960	2350680
14	2350680	2351280
14	2351280	2351960
14	2351960	2353280
14	2353280	2354040
14	2354040	2354840
14	2354840	2358920
14	2358920	2360560
14	2360560	2361480
14	2361480	2363240
14	2363240	2365320
14	2365320	2368520
14	2368520	2370440
14	2370440	2371760
14	2371760	2372880
14	2372880	2374280
14	2374280	2377040
14	2377040	2378520
14	2378520	2384240
14	2384240	2389040
14	2389040	2390080
14	2390080	2391440
14	2391440	2393480
14	2393480	2394880
14	2394880	2396120
14	2396120	2397960
14	2397960	2400600
14	2400600	2401720
14	2401720	2403000
14	2403000	2404400
14	2404400	2405760
14	2405760	2407160
14	2407160	2409480
14	2409480	2410600
14	2410600	2411480
14	2411480	2413040
14	2413040	2414480
14	2414480	2416760
14	2416760	2420840
14	2420840	2422200
14	2422200	2423680
14	2423680	2424400
14	2424400	2425800
14	2425800	2427600
14	2427600	2428240
14	2428240	2429760
14	2429760	2431360
14	2431360	2432640
14	2432640	2434480
14	2434480	2436960
14	2436960	2438120
14	2438120	2439640
14	2439640	2441560
14	2441560	2443560
14	2443560	2445720
14	2445720	2446520
14	2446520	2447480
14	2447480	2448920
14	2448920	2450920
14	2450920	2452080
14	2452080	2454360
14	2454360	2455720
14	2455720	2457000
14	2457000	2458160
14	2458160	2459760
14	2459760	2461520
14	2461520	2462520
14	2462520	2464200
14	2464200	2466760
14	2466760	2468160
14	2468160	2471520
14	2471520	2474080
14	2474080	2475040
14	2475040	2477240
14	2477240	2478920
14	2478920	2481160
14	2481160	2482240
14	2482240	2484040
14	2484040	2485680
14	2485680	2488880
14	2488880	2491400
14	2491400	2493480
14	2493480	2495480
14	2495480	2496120
14	2496120	2497680
14	2497680	2499520
14	2499520	2500680
14	2500680	2504200
14	2504200	2505120
14	2505120	2506240
14	2506240	2508360
14	2508360	2509920
14	2509920	2513600
14	2513600	2515120
14	2515120	2521480
14	2521480	2523440
14	2523440	2524880
14	2524880	2533120
14	2533120	2534760
14	2534760	2537240
14	2537240	2547520
14	2547520	2549680
14	2549680	2555880
14	2555880	2559760
14	2559760	2562920
14	2562920	2565040
14	2565040	2565960
14	2565960	2568160
14	2568160	2574400
14	2574400	2578720
14	2578720	2580960
14	2580960	2582280
14	2582280	2585720
14	2585720	2587360
14	2587360	2590640
14	2590640	2592000
14	2592000	2596200
14	2596200	2597720
14	2597720	2600480
14	2600480	2606760
14	2606760	2610040
14	2610040	2610880
14	2610880	2612560
14	2612560	2615920
14	2615920	2625320
14	2625320	2627640
14	2627640	2630760
14	2630760	2632080
14	2632080	2633800
14	2633800	2636520
14	2636520	2639080
14	2639080	2641480
14	2641480	2643320
14	2643320	2645120
14	2645120	2648280
14	2648280	2650000
14	2650000	2651800
14	2651800	2653200
14	2653200	2655360
14	2655360	2656200
14	2656200	2658080
14	2658080	2659200
14	2659200	2660840
14	2660840	2662280
14	2662280	2666960
14	2666960	2668200
14	2668200	2672080
14	2672080	2674000
14	2674000	2675400
14	2675400	2677080
14	2677080	2678000
14	2678000	2679840
14	2679840	2683640
14	2683640	2688640
14	2688640	2691000
14	2691000	2693400
14	2693400	2696000
14	2696000	2699920
14	2699920	2703160
14	2703160	2705520
14	2705520	2707680
14	2707680	2709480
14	2709480	2713880
14	2713880	2715520
14	2715520	2716840
14	2716840	2718320
14	2718320	2724240
14	2724240	2725800
14	2725800	2726960
14	2726960	2728360
14	2728360	2729200
14	2729200	2729760
14	2729760	2730760
14	2730760	2731880
14	2731880	2735440
14	2735440	2737560
14	2737560	2738920
14	2738920	2744400
14	2744400	2746520
14	2746520	2748520
14	2748520	2750880
14	2750880	2751840
14	2751840	2752000
14	2752000	2752400
14	2752400	2753560
14	2753560	2755400
14	2755400	2756440
14	2756440	2757120
14	2757120	2758480
14	2758480	2760120
14	2760120	2762000
14	2762000	2763680
14	2763680	2766160
14	2766160	2766840
14	2766840	2769640
14	2769640	2770560
14	2770560	2771640
14	2771640	2773320
14	2773320	2779080
14	2779080	2780880
14	2780880	2784040
14	2784040	2786520
14	2786520	2788360
14	2788360	2791360
14	2791360	2792600
14	2792600	2794680
14	2794680	2799600
14	2799600	2802280
14	2802280	2803400
14	2803400	2805120
14	2805120	2808200
14	2808200	2811800
14	2811800	2815600
14	2815600	2816760
14	2816760	2819160
14	2819160	2823240
14	2823240	2825000
14	2825000	2826360
14	2826360	2828160
14	2828160	2829960
14	2829960	2832520
14	2832520	2833760
14	2833760	2836600
14	2836600	2838680
14	2838680	2839240
14	2839240	2840200
14	2840200	2841120
14	2841120	2842280
14	2842280	2843800
14	2843800	2845240
14	2845240	2846480
14	2846480	2847520
14	2847520	2848520
14	2848520	2850040
14	2850040	2850760
14	2850760	2851360
14	2851360	2852360
14	2852360	2853600
14	2853600	2854520
14	2854520	2855320
14	2855320	2856600
14	2856600	2858040
14	2858040	2860120
14	2860120	2861320
14	2861320	2863920
14	2863920	2865200
14	2865200	2867320
14	2867320	2871520
14	2871520	2874960
14	2874960	2878840
14	2878840	2881520
14	2881520	2884360
14	2884360	2886440
14	2886440	2890240
14	2890240	2892560
14	2892560	2897120
14	2897120	2898440
14	2898440	2903760
14	2903760	2905640
14	2905640	2918120
14	2918120	2920120
14	2920120	2921760
14	2921760	2923760
14	2923760	2927480
14	2927480	2929160
14	2929160	2930720
14	2930720	2931520
14	2931520	2932520
14	2932520	2933200
14	2933200	2934280
14	2934280	2939760
14	2939760	2944960
15	2944960	3025000
