shot	start	end
0	0	1240
0	1240	1320
0	1320	3640
0	3640	6680
0	6680	9640
0	9640	11160
0	11160	19480
0	19480	21040
0	21040	22480
0	22480	24080
0	24080	25440
0	25440	32720
0	32720	35240
0	35240	40400
0	40400	43120
0	43120	45320
0	45320	48520
0	48520	48760
0	48760	49080
0	49080	51000
0	51000	58840
0	58840	72840
0	72840	80840
0	80840	87240
0	87240	95320
1	95320	115280
1	115280	118400
1	118400	124560
1	124560	136600
1	136600	140360
1	140360	144480
1	144480	147440
1	147440	153520
1	153520	159640
1	159640	171680
1	171680	173720
1	173720	176360
1	176360	178520
1	178520	184560
1	184560	190520
1	190520	197400
1	197400	200960
1	200960	203240
1	203240	206680
1	206680	212960
1	212960	215120
1	215120	221560
1	221560	225120
1	225120	227080
1	227080	229000
1	229000	230680
1	230680	233800
1	233800	236240
1	236240	239240
1	239240	242280
1	242280	246280
1	246280	255720
1	255720	261440
1	261440	263360
1	263360	265200
1	265200	268080
1	268080	271080
1	271080	273760
1	273760	277080
1	277080	282120
1	282120	284480
2	284480	286760
2	286760	288160
2	288160	288960
2	288960	289320
2	289320	290240
2	290240	292640
2	292640	293800
2	293800	294840
2	294840	296520
2	296520	298320
2	298320	298920
2	298920	299840
2	299840	300400
2	300400	302000
2	302000	303960
2	303960	305880
2	305880	307240
2	307240	310720
2	310720	312240
2	312240	312880
2	312880	313640
2	313640	316200
2	316200	317680
2	317680	318600
2	318600	319960
2	319960	322920
2	322920	324520
2	324520	329720
2	329720	334120
2	334120	336040
2	336040	338200
2	338200	341600
3	341600	353320
3	353320	356840
3	356840	361360
3	361360	366280
3	366280	371560
3	371560	376840
3	376840	381360
3	381360	383920
3	383920	386320
3	386320	394160
3	394160	401080
3	401080	403200
3	403200	406040
3	406040	408920
3	408920	413280
3	413280	415120
3	415120	416880
3	416880	418680
3	418680	420240
3	420240	421600
3	421600	430200
3	430200	435680
3	435680	437400
3	437400	440960
3	440960	443880
3	443880	447360
3	447360	451960
3	451960	463120
3	463120	466880
3	466880	473200
3	473200	474880
3	474880	477360
3	477360	483200
3	483200	497920
3	497920	500920
3	500920	508640
3	508640	514720
3	514720	517640
3	517640	525600
3	525600	528160
3	528160	531080
3	531080	534320
3	534320	538440
3	538440	541000
3	541000	544720
3	544720	547240
3	547240	552760
3	552760	555200
3	555200	556760
3	556760	557400
3	557400	558840
3	558840	561720
3	561720	563880
3	563880	565560
3	565560	566920
3	566920	572120
3	572120	573560
3	573560	577680
3	577680	580000
3	580000	582760
3	582760	587120
3	587120	588520
3	588520	592440
3	592440	596080
3	596080	605320
3	605320	607800
3	607800	608720
3	608720	609520
3	609520	610400
3	610400	611600
3	611600	612800
3	612800	614560
3	614560	618840
3	618840	620760
3	620760	623760
4	623760	630680
4	630680	634120
4	634120	636400
4	636400	640600
4	640600	643440
4	643440	646280
4	646280	649000
4	649000	650560
4	650560	652560
4	652560	655360
4	655360	658800
4	658800	661600
4	661600	673360
5	673360	682280
5	682280	684200
5	684200	686160
5	686160	687720
5	687720	689120
5	689120	691240
5	691240	694480
5	694480	696520
5	696520	698480
5	698480	704280
5	704280	708000
5	708000	717240
5	717240	718800
5	718800	720880
5	720880	723800
5	723800	726480
5	726480	728440
5	728440	732760
5	732760	734680
5	734680	737480
5	737480	739800
5	739800	741360
5	741360	743960
5	743960	747320
5	747320	752720
5	752720	755440
5	755440	757680
5	757680	760080
5	760080	762280
5	762280	764640
5	764640	767240
5	767240	769680
5	769680	771880
5	771880	774400
5	774400	777400
5	777400	778840
5	778840	780640
5	780640	781920
5	781920	785760
6	785760	794560
6	794560	802880
6	802880	807200
6	807200	810440
6	810440	814480
6	814480	824120
6	824120	825320
6	825320	826600
6	826600	830720
6	830720	834400
6	834400	837800
6	837800	844040
6	844040	845440
6	845440	848480
6	848480	852840
6	852840	856560
6	856560	858480
6	858480	869600
6	869600	871800
6	871800	874320
6	874320	876760
6	876760	880360
6	880360	889480
6	889480	893160
6	893160	899400
6	899400	903400
6	903400	906440
6	906440	914280
6	914280	921600
6	921600	924400
6	924400	931920
6	931920	935480
6	935480	938880
6	938880	942760
6	942760	947120
6	947120	948840
6	948840	950720
6	950720	954720
6	954720	958880
6	958880	964800
6	964800	970000
6	970000	975520
6	975520	985000
6	985000	986960
6	986960	988760
6	988760	993920
6	993920	997920
6	997920	999680
6	999680	1001040
6	1001040	1002680
6	1002680	1006960
6	1006960	1008960
6	1008960	1010840
6	1010840	1012840
6	1012840	1019520
6	1019520	1022840
6	1022840	1025000
6	1025000	1027360
6	1027360	1030720
6	1030720	1038080
6	1038080	1043160
7	1043160	1046040
7	1046040	1049280
7	1049280	1053000
7	1053000	1055560
7	1055560	1057520
7	1057520	1060320
7	1060320	1062400
7	1062400	1065040
7	1065040	1066640
7	1066640	1068920
7	1068920	1076400
7	1076400	1077560
7	1077560	1081800
7	1081800	1083240
7	1083240	1084840
7	1084840	1087200
7	1087200	1094680
7	1094680	1096720
7	1096720	1100240
7	1100240	1104720
7	1104720	1107680
7	1107680	1110320
7	1110320	1112880
7	1112880	1117520
7	1117520	1122760
7	1122760	1125560
7	1125560	1128520
7	1128520	1131520
7	1131520	1134360
7	1134360	1137480
7	1137480	1142600
7	1142600	1147000
7	1147000	1151920
7	1151920	1153520
7	1153520	1157280
7	1157280	1158960
7	1158960	1161160
7	1161160	1166040
7	1166040	1169000
7	1169000	1170440
7	1170440	1172560
7	1172560	1175320
7	1175320	1179120
7	1179120	1183080
7	1183080	1192400
8	1192400	1195000
8	1195000	1198360
8	1198360	1200240
8	1200240	1202080
8	1202080	1203640
8	1203640	1206040
8	1206040	1208520
8	1208520	1210840
8	1210840	1212720
8	1212720	1215400
8	1215400	1217480
8	1217480	1222200
8	1222200	1224160
8	1224160	1225760
8	1225760	1228160
8	1228160	1229680
8	1229680	1232720
8	1232720	1232840
8	1232840	1234160
8	1234160	1236880
8	1236880	1239280
8	1239280	1240240
8	1240240	1243560
8	1243560	1252600
8	1252600	1254280
8	1254280	1256160
8	1256160	1257440
8	1257440	1261000
8	1261000	1264400
8	1264400	1268600
8	1268600	1271680
8	1271680	1273920
8	1273920	1276280
8	1276280	1278600
8	1278600	1286960
8	1286960	1291240
8	1291240	1297800
8	1297800	1300480
8	1300480	1303560
8	1303560	1305680
8	1305680	1308640
8	1308640	1310680
8	1310680	1313200
8	1313200	1314760
8	1314760	1317160
8	1317160	1318600
8	1318600	1320520
8	1320520	1322640
8	1322640	1324880
8	1324880	1327760
8	1327760	1330840
8	1330840	1334160
8	1334160	1348600
8	1348600	1356600
8	1356600	1361840
8	1361840	1367560
8	1367560	1369400
8	1369400	1386880
8	1386880	1389000
8	1389000	1389960
8	1389960	1393480
8	1393480	1396800
8	1396800	1399240
8	1399240	1402120
8	1402120	1402520
8	1402520	1402960
8	1402960	1403080
8	1403080	1403160
8	1403160	1403560
8	1403560	1403720
8	1403720	1403800
8	1403800	1404280
8	1404280	1404560
8	1404560	1405280
8	1405280	1408000
8	1408000	1409160
8	1409160	1410080
8	1410080	1410160
8	1410160	1411240
8	1411240	1412000
8	1412000	1415480
8	1415480	1419240
8	1419240	1438880
9	1438880	1445600
9	1445600	1448880
9	1448880	1452080
9	1452080	1457040
9	1457040	1463200
9	1463200	1468160
9	1468160	1474880
9	1474880	1477320
9	1477320	1479080
9	1479080	1480920
9	1480920	1483080
9	1483080	1486400
9	1486400	1489800
9	1489800	1493840
9	1493840	1497560
9	1497560	1502080
9	1502080	1506360
9	1506360	1508080
9	1508080	1511000
9	1511000	1514680
9	1514680	1520400
9	1520400	1522800
9	1522800	1529560
9	1529560	1532600
9	1532600	1536880
9	1536880	1541440
9	1541440	1546000
9	1546000	1552440
9	1552440	1559720
9	1559720	1565160
9	1565160	1567560
9	1567560	1571360
9	1571360	1573360
9	1573360	1577880
9	1577880	1580800
9	1580800	1585600
9	1585600	1588160
9	1588160	1594720
9	1594720	1597320
9	1597320	1600960
9	1600960	1605800
9	1605800	1608560
10	1608560	1613640
10	1613640	1617600
10	1617600	1620040
10	1620040	1621600
10	1621600	1626880
10	1626880	1630720
10	1630720	1632480
10	1632480	1635280
10	1635280	1635840
10	1635840	1636600
10	1636600	1639080
10	1639080	1641160
10	1641160	1643640
10	1643640	1652160
10	1652160	1657480
10	1657480	1660040
10	1660040	1667680
10	1667680	1671000
10	1671000	1674240
10	1674240	1680040
10	1680040	1683120
10	1683120	1687920
10	1687920	1698360
10	1698360	1700760
10	1700760	1705520
10	1705520	1708600
10	1708600	1712320
10	1712320	1716040
10	1716040	1720160
10	1720160	1722680
10	1722680	1728720
10	1728720	1730840
10	1730840	1762400
10	1762400	1768760
10	1768760	1775080
10	1775080	1780040
10	1780040	1783040
10	1783040	1785080
10	1785080	1789880
10	1789880	1793320
11	1793320	1796000
11	1796000	1803560
11	1803560	1806120
11	1806120	1809480
11	1809480	1814160
11	1814160	1818720
11	1818720	1821800
11	1821800	1823520
11	1823520	1825200
11	1825200	1826560
11	1826560	1829760
11	1829760	1830720
11	1830720	1833320
11	1833320	1843200
11	1843200	1847200
11	1847200	1850760
11	1850760	1862920
11	1862920	1865000
11	1865000	1869080
11	1869080	1871880
11	1871880	1872920
11	1872920	1875240
11	1875240	1877680
11	1877680	1879600
11	1879600	1881760
11	1881760	1885400
11	1885400	1886720
11	1886720	1889280
11	1889280	1891720
11	1891720	1896520
11	1896520	1902000
11	1902000	1904840
11	1904840	1912080
12	1912080	1920800
12	1920800	1921960
12	1921960	1923840
12	1923840	1925440
12	1925440	1927040
12	1927040	1930360
12	1930360	1932520
12	1932520	1934240
12	1934240	1937720
12	1937720	1940840
12	1940840	1947040
12	1947040	1952040
12	1952040	1954160
12	1954160	1956600
12	1956600	1958600
12	1958600	1959960
12	1959960	1965000
12	1965000	1972800
12	1972800	1981280
12	1981280	1983000
12	1983000	1985480
12	1985480	1988840
12	1988840	1991520
12	1991520	1993160
12	1993160	1994440
12	1994440	2002480
12	2002480	2006240
12	2006240	2010000
12	2010000	2011880
12	2011880	2022720
12	2022720	2025400
12	2025400	2029160
12	2029160	2036400
12	2036400	2043800
12	2043800	2062480
12	2062480	2069640
12	2069640	2072960
12	2072960	2074800
12	2074800	2078160
12	2078160	2079880
12	2079880	2087200
12	2087200	2090920
12	2090920	2095040
13	2095040	2108960
13	2108960	2120600
13	2120600	2127080
13	2127080	2129040
13	2129040	2131040
13	2131040	2133400
13	2133400	2139840
13	2139840	2142720
13	2142720	2145720
13	2145720	2157920
13	2157920	2173800
13	2173800	2179600
13	2179600	2184560
13	2184560	2187680
13	2187680	2190440
13	2190440	2193320
13	2193320	2194960
13	2194960	2199080
13	2199080	2206440
13	2206440	2210040
13	2210040	2224480
13	2224480	2233160
13	2233160	2237160
13	2237160	2241680
13	2241680	2246600
13	2246600	2252560
13	2252560	2261400
13	2261400	2264560
13	2264560	2267360
13	2267360	2272520
13	2272520	2279800
13	2279800	2284720
13	2284720	2288680
13	2288680	2320200
13	2320200	2331800
13	2331800	2336520
13	2336520	2341720
13	2341720	2348680
13	2348680	2348960
13	2348960	2351640
13	2351640	2355600
13	2355600	2357560
13	2357560	2360240
13	2360240	2363200
13	2363200	2368960
13	2368960	2369920
13	2369920	2370480
13	2370480	2370640
13	2370640	2372920
13	2372920	2373280
13	2373280	2373600
13	2373600	2373760
13	2373760	2374520
13	2374520	2375480
13	2375480	2379200
13	2379200	2383520
14	2383520	2400560
14	2400560	2408520
14	2408520	2415520
14	2415520	2421880
14	2421880	2436160
14	2436160	2443040
14	2443040	2445320
14	2445320	2450200
14	2450200	2455800
14	2455800	2457240
14	2457240	2459480
14	2459480	2461680
14	2461680	2468600
14	2468600	2471560
14	2471560	2477640
14	2477640	2478880
14	2478880	2483960
14	2483960	2487040
14	2487040	2494560
14	2494560	2497640
14	2497640	2501080
14	2501080	2502000
14	2502000	2508200
14	2508200	2509920
14	2509920	2512320
14	2512320	2513320
14	2513320	2514440
14	2514440	2516880
14	2516880	2518200
14	2518200	2520120
14	2520120	2525400
14	2525400	2526320
14	2526320	2528320
14	2528320	2529000
14	2529000	2529400
14	2529400	2530000
14	2530000	2532320
14	2532320	2534560
14	2534560	2535480
14	2535480	2536800
14	2536800	2543760
14	2543760	2547680
14	2547680	2551000
14	2551000	2553760
14	2553760	2556160
14	2556160	2563360
14	2563360	2570680
14	2570680	2574440
14	2574440	2576680
14	2576680	2578840
14	2578840	2580600
14	2580600	2582880
14	2582880	2586160
14	2586160	2589080
14	2589080	2593680
14	2593680	2607880
14	2607880	2612480
14	2612480	2627600
14	2627600	2659680
14	2659680	2662240
14	2662240	2664360
15	2664360	2674360
15	2674360	2679520
15	2679520	2682320
15	2682320	2694160
15	2694160	2700280
15	2700280	2704880
15	2704880	2710560
15	2710560	2712760
15	2712760	2715920
15	2715920	2719920
15	2719920	2727800
15	2727800	2729840
15	2729840	2733160
15	2733160	2737160
15	2737160	2742880
15	2742880	2744680
15	2744680	2746280
15	2746280	2747560
15	2747560	2749840
15	2749840	2753200
15	2753200	2755320
15	2755320	2757560
15	2757560	2762160
15	2762160	2765960
15	2765960	2768920
15	2768920	2770760
15	2770760	2772720
15	2772720	2776240
15	2776240	2783880
15	2783880	2786200
15	2786200	2788640
15	2788640	2792200
15	2792200	2795240
15	2795240	2804720
15	2804720	2807720
15	2807720	2810760
15	2810760	2811880
15	2811880	2815240
15	2815240	2818520
15	2818520	2824680
15	2824680	2828960
15	2828960	2831960
15	2831960	2835520
15	2835520	2844640
15	2844640	2846560
15	2846560	2848280
15	2848280	2850520
15	2850520	2852080
15	2852080	2853520
15	2853520	2854640
15	2854640	2855400
15	2855400	2857120
15	2857120	2861040
16	2861040	2939760
