shot	start	end
0	0	1240
0	1240	1320
0	1320	3640
0	3640	6680
0	6680	9640
0	9640	11160
0	11160	19560
0	19560	21280
0	21280	22760
0	22760	24360
0	24360	25720
0	25720	31320
0	31320	35400
0	35400	42360
0	42360	45480
0	45480	50560
0	50560	53600
0	53600	55800
0	55800	59000
0	59000	59240
0	59240	59560
0	59560	61480
0	61480	68960
0	68960	70240
0	70240	86840
0	86840	94960
1	94960	120880
1	120880	121000
1	121000	121080
1	121080	121240
1	121240	121720
1	121720	122160
1	122160	122480
1	122480	122960
1	122960	124800
1	124800	124920
1	124920	125000
1	125000	125680
1	125680	131160
1	131160	131360
1	131360	132760
1	132760	133040
1	133040	135080
1	135080	137640
1	137640	139840
1	139840	140520
1	140520	145200
1	145200	145440
1	145440	145680
1	145680	146920
1	146920	147000
1	147000	148280
1	148280	148480
1	148480	149920
1	149920	150120
1	150120	150720
1	150720	150880
1	150880	151440
1	151440	152280
1	152280	152920
1	152920	155200
1	155200	155720
1	155720	155880
1	155880	156600
1	156600	156960
1	156960	157920
1	157920	159000
1	159000	159760
1	159760	160240
1	160240	160960
1	160960	161040
1	161040	161440
1	161440	161720
1	161720	163000
1	163000	163720
1	163720	163960
1	163960	164040
1	164040	166040
1	166040	168680
1	168680	169480
1	169480	169640
1	169640	170240
1	170240	170360
1	170360	172800
1	172800	172920
1	172920	173880
1	173880	175000
1	175000	175840
1	175840	176040
1	176040	176280
1	176280	177360
1	177360	177520
1	177520	177720
1	177720	178640
1	178640	179400
1	179400	180600
1	180600	181840
1	181840	182000
1	182000	182400
1	182400	182520
1	182520	183560
1	183560	183880
1	183880	186560
1	186560	189440
1	189440	200440
1	200440	205080
1	205080	209680
1	209680	213440
1	213440	215800
1	215800	219400
1	219400	223440
1	223440	226160
1	226160	230000
1	230000	231880
1	231880	235640
1	235640	239440
1	239440	241720
2	241720	247800
2	247800	253960
2	253960	257640
2	257640	261280
2	261280	265200
2	265200	268280
2	268280	269760
2	269760	272160
2	272160	275040
2	275040	277280
2	277280	278920
2	278920	280720
2	280720	280800
2	280800	281280
2	281280	285240
2	285240	287240
2	287240	294920
2	294920	296760
2	296760	298240
2	298240	299720
2	299720	306360
2	306360	307720
2	307720	310520
2	310520	312080
2	312080	314040
2	314040	315040
2	315040	316360
2	316360	316840
2	316840	317000
2	317000	317480
2	317480	321720
2	321720	322960
2	322960	324840
2	324840	327040
2	327040	329320
2	329320	330800
2	330800	335200
2	335200	336440
2	336440	336520
2	336520	339080
2	339080	343080
2	343080	348160
2	348160	350760
2	350760	353600
2	353600	355760
2	355760	359400
2	359400	359480
2	359480	360360
2	360360	362200
2	362200	362400
2	362400	363360
2	363360	365880
2	365880	368760
2	368760	374720
2	374720	379960
2	379960	383240
2	383240	385760
2	385760	390000
2	390000	393440
2	393440	393880
2	393880	394600
2	394600	399480
2	399480	401040
2	401040	404800
2	404800	409520
3	409520	412320
3	412320	413760
3	413760	415640
3	415640	430200
3	430200	432960
3	432960	434760
3	434760	437520
3	437520	438320
3	438320	439440
3	439440	440840
3	440840	443760
3	443760	446280
3	446280	447120
3	447120	448240
3	448240	449200
3	449200	449800
3	449800	450600
3	450600	451320
3	451320	453200
4	453200	459640
4	459640	461720
4	461720	465480
4	465480	468920
4	468920	471160
4	471160	474520
4	474520	486720
4	486720	493480
4	493480	499040
4	499040	501080
4	501080	506920
4	506920	509480
4	509480	514640
4	514640	516400
4	516400	519560
4	519560	522120
4	522120	524400
4	524400	527400
4	527400	529000
4	529000	531440
4	531440	534000
4	534000	536960
4	536960	540760
4	540760	543440
4	543440	546320
4	546320	547720
4	547720	550960
4	550960	555640
4	555640	559480
4	559480	561400
4	561400	564280
4	564280	567640
4	567640	570960
4	570960	584520
5	584520	587600
5	587600	588320
5	588320	590520
5	590520	591600
5	591600	592840
5	592840	594360
5	594360	595680
5	595680	596400
5	596400	599080
5	599080	599920
5	599920	602080
5	602080	603920
5	603920	605800
5	605800	606200
5	606200	606800
5	606800	607200
5	607200	609280
5	609280	610200
5	610200	611360
5	611360	612080
5	612080	612520
5	612520	613960
5	613960	619600
5	619600	622960
5	622960	625080
5	625080	627160
5	627160	630040
5	630040	633760
5	633760	636640
5	636640	640520
5	640520	644880
5	644880	647080
5	647080	652840
5	652840	660120
5	660120	666320
5	666320	669920
5	669920	672640
5	672640	676160
5	676160	678240
5	678240	684280
5	684280	693720
5	693720	695960
5	695960	699520
5	699520	701640
5	701640	703320
5	703320	704920
5	704920	711520
6	711520	726200
6	726200	730480
6	730480	735080
6	735080	741600
6	741600	744120
6	744120	745080
6	745080	748800
6	748800	750680
6	750680	755360
6	755360	762360
6	762360	765040
6	765040	769600
6	769600	773400
6	773400	776920
6	776920	781040
6	781040	783040
6	783040	786360
6	786360	789920
6	789920	792080
6	792080	796600
6	796600	799800
6	799800	802520
6	802520	805040
6	805040	807480
6	807480	809120
6	809120	812760
6	812760	817440
6	817440	819280
6	819280	824880
6	824880	827320
6	827320	829640
6	829640	836200
6	836200	840240
6	840240	841640
6	841640	844600
6	844600	845840
6	845840	848240
6	848240	849800
6	849800	852320
6	852320	856640
6	856640	876440
7	876440	878280
7	878280	882520
7	882520	884640
7	884640	887880
7	887880	893240
7	893240	900520
7	900520	906760
7	906760	907960
7	907960	911600
7	911600	920120
7	920120	921120
7	921120	923720
7	923720	926040
7	926040	931880
7	931880	938240
7	938240	951440
7	951440	953280
7	953280	959560
7	959560	962640
7	962640	965160
7	965160	970760
7	970760	974280
7	974280	980960
7	980960	984000
7	984000	985720
7	985720	992000
7	992000	994120
7	994120	995560
7	995560	999160
7	999160	1002040
7	1002040	1004360
7	1004360	1007200
7	1007200	1009280
7	1009280	1015880
7	1015880	1023600
7	1023600	1026440
7	1026440	1033280
7	1033280	1036280
7	1036280	1040000
8	1040000	1060400
8	1060400	1066800
8	1066800	1075480
8	1075480	1083200
8	1083200	1086040
8	1086040	1092400
8	1092400	1104400
8	1104400	1107800
8	1107800	1109360
8	1109360	1111760
8	1111760	1115280
8	1115280	1117520
8	1117520	1122280
8	1122280	1124320
8	1124320	1132920
8	1132920	1145840
8	1145840	1150080
8	1150080	1152840
8	1152840	1154080
8	1154080	1155960
8	1155960	1157120
8	1157120	1158880
8	1158880	1161520
8	1161520	1163080
8	1163080	1165720
8	1165720	1168320
8	1168320	1172400
8	1172400	1175560
8	1175560	1178600
9	1178600	1189840
9	1189840	1191760
9	1191760	1195080
9	1195080	1199160
9	1199160	1201920
9	1201920	1205880
9	1205880	1208120
9	1208120	1211080
9	1211080	1212920
9	1212920	1213720
9	1213720	1214840
9	1214840	1216520
9	1216520	1217440
9	1217440	1219400
9	1219400	1220880
9	1220880	1223120
9	1223120	1224240
9	1224240	1226240
9	1226240	1230440
9	1230440	1234320
9	1234320	1235880
9	1235880	1238720
9	1238720	1242360
9	1242360	1245280
9	1245280	1247040
9	1247040	1248440
9	1248440	1250280
9	1250280	1253400
9	1253400	1256600
9	1256600	1257320
9	1257320	1258120
9	1258120	1259520
9	1259520	1260320
9	1260320	1261080
9	1261080	1262920
9	1262920	1272040
9	1272040	1274280
9	1274280	1275480
9	1275480	1277160
9	1277160	1284040
9	1284040	1288320
9	1288320	1291480
9	1291480	1293320
9	1293320	1295400
9	1295400	1300520
9	1300520	1307160
9	1307160	1309880
9	1309880	1315240
9	1315240	1322520
9	1322520	1327440
9	1327440	1341040
9	1341040	1346120
9	1346120	1349400
9	1349400	1353280
9	1353280	1358080
9	1358080	1362040
9	1362040	1364160
9	1364160	1369760
9	1369760	1379040
9	1379040	1383840
9	1383840	1385680
9	1385680	1387160
9	1387160	1390520
9	1390520	1394080
9	1394080	1396560
9	1396560	1398200
9	1398200	1405040
9	1405040	1409000
9	1409000	1412440
9	1412440	1414680
9	1414680	1417560
9	1417560	1419480
9	1419480	1421280
10	1421280	1447760
10	1447760	1454520
10	1454520	1457240
10	1457240	1460600
10	1460600	1468040
10	1468040	1472600
10	1472600	1478800
10	1478800	1486440
10	1486440	1489760
10	1489760	1497000
10	1497000	1501840
10	1501840	1503560
10	1503560	1505880
10	1505880	1508880
10	1508880	1513840
10	1513840	1517480
10	1517480	1520320
10	1520320	1523440
10	1523440	1526680
10	1526680	1532160
10	1532160	1533960
10	1533960	1538760
10	1538760	1543720
10	1543720	1558760
10	1558760	1565520
10	1565520	1569120
11	1569120	1586680
11	1586680	1588360
11	1588360	1601240
11	1601240	1605320
11	1605320	1617880
11	1617880	1623080
11	1623080	1626160
11	1626160	1629640
11	1629640	1637920
11	1637920	1642520
11	1642520	1646640
11	1646640	1653280
11	1653280	1662400
11	1662400	1668640
11	1668640	1672520
11	1672520	1676000
11	1676000	1677480
11	1677480	1679520
11	1679520	1683000
11	1683000	1685200
11	1685200	1688720
11	1688720	1691680
11	1691680	1694560
11	1694560	1697360
11	1697360	1699960
11	1699960	1705000
11	1705000	1709160
11	1709160	1711480
11	1711480	1716920
11	1716920	1719720
11	1719720	1727080
11	1727080	1730000
11	1730000	1733840
11	1733840	1738240
11	1738240	1742280
11	1742280	1744720
11	1744720	1748560
11	1748560	1753320
11	1753320	1757440
11	1757440	1761200
11	1761200	1763520
11	1763520	1768200
11	1768200	1776520
12	1776520	1787280
12	1787280	1793560
12	1793560	1798480
12	1798480	1809920
12	1809920	1815560
12	1815560	1816680
12	1816680	1823280
12	1823280	1833600
12	1833600	1836160
12	1836160	1837440
12	1837440	1840840
12	1840840	1844080
12	1844080	1847000
12	1847000	1853880
12	1853880	1856680
12	1856680	1859520
12	1859520	1860960
12	1860960	1867840
12	1867840	1871000
12	1871000	1876640
12	1876640	1883960
12	1883960	1888560
12	1888560	1893080
12	1893080	1905200
13	1905200	1912240
13	1912240	1914880
13	1914880	1919320
13	1919320	1921320
13	1921320	1924920
13	1924920	1927120
13	1927120	1930240
13	1930240	1931440
13	1931440	1933120
13	1933120	1935840
13	1935840	1939400
13	1939400	1941040
13	1941040	1944480
13	1944480	1946280
13	1946280	1950880
13	1950880	1953800
13	1953800	1957840
13	1957840	1962720
13	1962720	1966680
13	1966680	1970240
13	1970240	1977080
13	1977080	1979400
13	1979400	1983080
13	1983080	1988320
13	1988320	1992880
13	1992880	2003880
13	2003880	2011560
13	2011560	2014360
13	2014360	2018280
13	2018280	2021040
13	2021040	2024920
13	2024920	2030880
14	2030880	2038560
14	2038560	2040480
14	2040480	2044960
14	2044960	2046560
14	2046560	2052600
14	2052600	2055120
14	2055120	2065800
14	2065800	2069520
14	2069520	2071080
14	2071080	2073640
14	2073640	2092400
14	2092400	2103800
14	2103800	2106080
14	2106080	2108960
14	2108960	2110760
14	2110760	2116040
15	2116040	2122720
15	2122720	2126520
15	2126520	2129080
15	2129080	2134440
15	2134440	2139640
15	2139640	2145840
15	2145840	2151440
15	2151440	2156840
15	2156840	2159840
15	2159840	2162640
15	2162640	2165280
15	2165280	2172920
15	2172920	2178640
15	2178640	2185680
15	2185680	2187600
15	2187600	2191400
15	2191400	2197200
15	2197200	2204600
15	2204600	2211160
15	2211160	2212960
15	2212960	2215480
15	2215480	2217560
15	2217560	2219360
15	2219360	2223040
15	2223040	2224600
15	2224600	2227440
15	2227440	2229360
15	2229360	2233720
15	2233720	2236400
15	2236400	2241600
15	2241600	2244920
15	2244920	2247240
15	2247240	2249920
15	2249920	2257840
15	2257840	2265600
15	2265600	2273480
15	2273480	2276240
15	2276240	2278760
15	2278760	2282240
15	2282240	2284520
15	2284520	2286840
16	2286840	2296840
16	2296840	2300600
16	2300600	2303000
16	2303000	2319000
16	2319000	2323920
16	2323920	2328720
16	2328720	2329600
16	2329600	2332200
16	2332200	2334120
16	2334120	2335080
16	2335080	2335200
16	2335200	2340800
16	2340800	2342200
16	2342200	2343920
16	2343920	2346400
16	2346400	2347560
16	2347560	2349760
16	2349760	2351040
16	2351040	2351920
16	2351920	2358880
16	2358880	2362400
16	2362400	2364400
16	2364400	2365760
16	2365760	2374240
16	2374240	2377680
16	2377680	2383360
16	2383360	2387120
16	2387120	2397960
16	2397960	2407560
16	2407560	2410480
16	2410480	2412360
16	2412360	2417840
16	2417840	2421080
16	2421080	2422040
16	2422040	2422760
16	2422760	2425520
16	2425520	2426440
16	2426440	2426520
16	2426520	2429200
16	2429200	2430880
16	2430880	2432720
16	2432720	2433640
16	2433640	2433920
16	2433920	2435720
16	2435720	2438840
16	2438840	2440440
16	2440440	2443280
16	2443280	2446080
16	2446080	2447480
16	2447480	2449040
16	2449040	2450720
16	2450720	2452360
16	2452360	2458800
16	2458800	2459720
16	2459720	2460800
16	2460800	2463960
16	2463960	2466160
16	2466160	2467880
16	2467880	2469680
16	2469680	2471240
16	2471240	2472800
16	2472800	2474240
16	2474240	2477200
16	2477200	2478720
16	2478720	2485520
16	2485520	2493840
16	2493840	2505280
17	2505280	2515680
17	2515680	2527040
17	2527040	2530400
17	2530400	2537200
17	2537200	2538960
17	2538960	2542280
17	2542280	2545200
17	2545200	2566600
17	2566600	2575560
17	2575560	2577880
17	2577880	2581240
17	2581240	2584560
17	2584560	2590160
17	2590160	2595320
17	2595320	2599760
17	2599760	2601720
17	2601720	2604520
17	2604520	2608320
17	2608320	2609120
17	2609120	2610840
17	2610840	2612280
17	2612280	2617480
17	2617480	2619160
17	2619160	2621880
17	2621880	2631760
17	2631760	2633880
17	2633880	2636640
18	2636640	2641280
18	2641280	2642000
18	2642000	2643640
18	2643640	2644440
18	2644440	2644680
18	2644680	2645320
18	2645320	2646080
18	2646080	2647920
18	2647920	2648120
18	2648120	2649000
18	2649000	2649520
18	2649520	2649640
18	2649640	2649720
18	2649720	2649800
18	2649800	2650200
18	2650200	2651680
18	2651680	2656840
18	2656840	2657360
18	2657360	2659720
18	2659720	2662200
18	2662200	2663800
18	2663800	2664280
18	2664280	2664360
18	2664360	2664880
18	2664880	2665080
18	2665080	2665920
18	2665920	2666680
18	2666680	2667240
18	2667240	2668000
18	2668000	2668640
18	2668640	2671360
18	2671360	2674360
18	2674360	2675000
18	2675000	2675600
18	2675600	2677280
18	2677280	2677440
18	2677440	2677600
18	2677600	2677920
18	2677920	2678200
18	2678200	2678360
18	2678360	2679120
18	2679120	2679400
18	2679400	2679800
18	2679800	2680040
18	2680040	2684200
19	2684200	2705880
19	2705880	2707000
20	2707000	2709440
20	2709440	2711600
20	2711600	2711960
20	2711960	2712040
20	2712040	2712640
20	2712640	2713440
20	2713440	2714200
20	2714200	2716120
20	2716120	2718000
20	2718000	2718520
20	2718520	2718640
20	2718640	2718760
20	2718760	2718840
20	2718840	2719360
20	2719360	2719680
20	2719680	2722600
21	2722600	2728520
21	2728520	2730520
21	2730520	2733800
21	2733800	2736160
21	2736160	2738360
21	2738360	2740640
21	2740640	2743440
21	2743440	2750000
21	2750000	2751600
21	2751600	2753000
21	2753000	2755800
21	2755800	2759920
21	2759920	2762240
21	2762240	2763280
21	2763280	2764720
21	2764720	2765680
21	2765680	2766960
21	2766960	2767600
21	2767600	2768280
21	2768280	2769240
21	2769240	2770560
21	2770560	2771880
21	2771880	2773440
21	2773440	2774600
21	2774600	2777440
21	2777440	2778400
21	2778400	2779560
21	2779560	2781720
21	2781720	2783440
21	2783440	2783960
21	2783960	2784960
21	2784960	2785800
21	2785800	2786920
21	2786920	2787920
21	2787920	2789960
21	2789960	2790280
21	2790280	2791640
21	2791640	2793280
21	2793280	2794600
21	2794600	2795800
21	2795800	2798360
21	2798360	2799240
21	2799240	2801480
22	2801480	2803960
22	2803960	2804240
22	2804240	2806480
22	2806480	2808760
22	2808760	2811360
22	2811360	2815600
22	2815600	2820600
22	2820600	2823040
22	2823040	2841040
22	2841040	2845680
22	2845680	2850040
22	2850040	2851600
22	2851600	2853320
22	2853320	2854640
22	2854640	2855280
22	2855280	2864280
22	2864280	2869480
22	2869480	2871640
22	2871640	2877040
22	2877040	2882560
22	2882560	2884600
22	2884600	2891160
22	2891160	2893800
22	2893800	2898560
22	2898560	2901960
22	2901960	2907680
22	2907680	2912920
22	2912920	2916360
22	2916360	2918000
22	2918000	2920960
22	2920960	2922200
22	2922200	2922360
22	2922360	2923520
22	2923520	2933480
22	2933480	2934160
22	2934160	2935160
22	2935160	2935680
22	2935680	2938120
22	2938120	2946960
22	2946960	2947240
22	2947240	2949320
22	2949320	2949720
23	2949720	2961240
23	2961240	2973960
23	2973960	2979280
23	2979280	2984240
23	2984240	2989080
23	2989080	2993400
23	2993400	2997720
23	2997720	3002040
23	3002040	3017600
23	3017600	3023360
23	3023360	3031560
23	3031560	3036360
23	3036360	3041680
23	3041680	3059200
23	3059200	3064320
23	3064320	3067240
23	3067240	3072280
23	3072280	3074080
23	3074080	3076960
23	3076960	3080320
23	3080320	3082800
23	3082800	3091520
24	3091520	3169000
