shot	start	end
0	0	1240
0	1240	1320
0	1320	3640
0	3640	6680
0	6680	9640
0	9640	11160
0	11160	19480
0	19480	21040
0	21040	22480
0	22480	24080
0	24080	25440
0	25440	32720
0	32720	35240
0	35240	40400
0	40400	43120
0	43120	45320
0	45320	48520
0	48520	48760
0	48760	49080
0	49080	51000
0	51000	58840
0	58840	72840
0	72840	80840
0	80840	87240
0	87240	95320
0	95320	109840
1	109840	120040
1	120040	128560
1	128560	155160
2	155160	166800
2	166800	178520
2	178520	185320
2	185320	189960
2	189960	193720
2	193720	198640
2	198640	208040
2	208040	211880
2	211880	218320
2	218320	220960
2	220960	223400
2	223400	233320
2	233320	237240
2	237240	241360
2	241360	243880
2	243880	245960
2	245960	248640
2	248640	251040
2	251040	255920
2	255920	260920
2	260920	263520
2	263520	265560
2	265560	271280
2	271280	273920
2	273920	279880
2	279880	283760
2	283760	286400
2	286400	289600
2	289600	292080
2	292080	294680
2	294680	299720
2	299720	306160
2	306160	317560
2	317560	323680
2	323680	326080
2	326080	330600
2	330600	336080
2	336080	341160
2	341160	347520
2	347520	351160
2	351160	354360
2	354360	357160
2	357160	362520
2	362520	364800
2	364800	371720
2	371720	374440
2	374440	376800
2	376800	384480
2	384480	387760
2	387760	390080
2	390080	392080
2	392080	394240
2	394240	396080
2	396080	397480
2	397480	398880
2	398880	401040
2	401040	405440
2	405440	408800
2	408800	409600
2	409600	414160
2	414160	416360
2	416360	419840
2	419840	423760
2	423760	427280
2	427280	429800
2	429800	435960
2	435960	439480
2	439480	443360
2	443360	446640
2	446640	448760
2	448760	450680
3	450680	455600
3	455600	463880
3	463880	467640
3	467640	475880
3	475880	482000
3	482000	485200
3	485200	487840
3	487840	495000
3	495000	503320
3	503320	511720
3	511720	514880
3	514880	517240
3	517240	519560
3	519560	524040
3	524040	526840
3	526840	528400
3	528400	531600
3	531600	533960
3	533960	537120
3	537120	538560
3	538560	540680
3	540680	545840
3	545840	552720
3	552720	554160
3	554160	556280
3	556280	558040
3	558040	559400
3	559400	563520
3	563520	566480
3	566480	574040
3	574040	578400
3	578400	579760
3	579760	581560
3	581560	583840
3	583840	587200
3	587200	589400
4	589400	594640
4	594640	600320
4	600320	609880
4	609880	620440
4	620440	627080
4	627080	630080
4	630080	633120
4	633120	635880
4	635880	638440
4	638440	651200
4	651200	653160
4	653160	655160
4	655160	661920
4	661920	666520
4	666520	667920
4	667920	671680
4	671680	673840
4	673840	676360
4	676360	677760
4	677760	680400
4	680400	681480
4	681480	682680
4	682680	683560
4	683560	686920
4	686920	688240
4	688240	690040
4	690040	691440
4	691440	692600
4	692600	693480
4	693480	700840
4	700840	717400
4	717400	725040
4	725040	725200
4	725200	726200
4	726200	726400
4	726400	729120
4	729120	729600
4	729600	730320
4	730320	735640
4	735640	737080
4	737080	739600
4	739600	741400
4	741400	742600
4	742600	742920
4	742920	743200
4	743200	745200
4	745200	746440
4	746440	748160
4	748160	749080
4	749080	751240
4	751240	752400
4	752400	754880
4	754880	757840
4	757840	760960
4	760960	764000
4	764000	766360
4	766360	767880
4	767880	769280
4	769280	770680
4	770680	772360
4	772360	775640
4	775640	776560
4	776560	781000
4	781000	783560
4	783560	784960
4	784960	785040
4	785040	785680
4	785680	786000
4	786000	787120
4	787120	790280
4	790280	797320
4	797320	799560
4	799560	801200
4	801200	802920
4	802920	804920
4	804920	806640
4	806640	808920
4	808920	812600
4	812600	815920
4	815920	817200
4	817200	819240
4	819240	820920
4	820920	823720
4	823720	824720
4	824720	825880
4	825880	827320
4	827320	829080
4	829080	830720
4	830720	832440
4	832440	837120
4	837120	839960
4	839960	847680
4	847680	848480
4	848480	849040
4	849040	850360
4	850360	854280
4	854280	856240
4	856240	863520
4	863520	866400
4	866400	878920
5	878920	885400
5	885400	888240
5	888240	888760
5	888760	889120
5	889120	890760
5	890760	891440
5	891440	891840
5	891840	892600
5	892600	894960
5	894960	896280
5	896280	896360
5	896360	898240
5	898240	899800
5	899800	901000
5	901000	901920
5	901920	908160
5	908160	910320
5	910320	910400
5	910400	910680
5	910680	913560
5	913560	913720
5	913720	918880
5	918880	921080
5	921080	922360
5	922360	922720
5	922720	926680
5	926680	928080
5	928080	928320
5	928320	930960
5	930960	931760
5	931760	937560
5	937560	944320
5	944320	945200
5	945200	948760
5	948760	955600
5	955600	959440
5	959440	961520
5	961520	967160
5	967160	970680
5	970680	976320
5	976320	981640
5	981640	984280
5	984280	992120
5	992120	998240
5	998240	1000000
5	1000000	1001800
5	1001800	1003240
5	1003240	1004720
5	1004720	1005840
5	1005840	1007120
5	1007120	1008920
5	1008920	1012160
5	1012160	1013920
5	1013920	1017400
5	1017400	1021160
5	1021160	1027160
5	1027160	1029680
5	1029680	1037800
5	1037800	1045360
5	1045360	1051360
5	1051360	1055400
5	1055400	1060440
5	1060440	1064800
5	1064800	1066120
5	1066120	1068760
5	1068760	1074360
5	1074360	1078560
6	1078560	1083680
6	1083680	1085600
6	1085600	1087520
6	1087520	1090080
6	1090080	1091760
6	1091760	1095720
6	1095720	1098360
6	1098360	1101720
6	1101720	1105200
6	1105200	1108320
6	1108320	1110120
6	1110120	1111720
6	1111720	1114440
6	1114440	1115640
6	1115640	1116960
6	1116960	1120040
6	1120040	1122600
6	1122600	1125920
6	1125920	1126560
6	1126560	1139800
7	1139800	1143640
7	1143640	1154960
7	1154960	1160000
7	1160000	1162760
7	1162760	1164680
7	1164680	1166960
7	1166960	1171360
7	1171360	1176640
7	1176640	1189880
7	1189880	1193320
7	1193320	1195400
7	1195400	1198280
7	1198280	1199960
7	1199960	1203440
7	1203440	1206680
7	1206680	1210440
7	1210440	1214040
7	1214040	1217520
7	1217520	1221000
7	1221000	1223600
7	1223600	1226160
7	1226160	1229720
7	1229720	1231600
7	1231600	1232720
7	1232720	1233880
7	1233880	1234840
7	1234840	1236920
7	1236920	1239000
7	1239000	1240640
7	1240640	1243320
7	1243320	1250640
7	1250640	1253880
7	1253880	1255880
7	1255880	1263680
7	1263680	1267760
7	1267760	1274880
7	1274880	1278920
7	1278920	1282400
7	1282400	1284720
7	1284720	1288240
7	1288240	1296720
7	1296720	1300400
7	1300400	1303440
7	1303440	1305720
7	1305720	1310520
7	1310520	1312960
7	1312960	1319320
7	1319320	1322560
7	1322560	1331000
7	1331000	1340480
7	1340480	1345040
7	1345040	1347440
7	1347440	1350960
7	1350960	1355640
7	1355640	1358600
7	1358600	1363400
7	1363400	1367840
7	1367840	1372280
7	1372280	1377480
7	1377480	1383560
7	1383560	1387120
7	1387120	1392080
7	1392080	1395840
7	1395840	1401440
7	1401440	1409440
7	1409440	1411160
7	1411160	1412160
7	1412160	1419040
7	1419040	1421800
7	1421800	1424920
7	1424920	1430360
7	1430360	1433280
7	1433280	1438440
8	1438440	1441680
8	1441680	1448480
8	1448480	1451640
8	1451640	1455880
8	1455880	1457480
8	1457480	1459360
8	1459360	1462560
8	1462560	1467240
8	1467240	1472760
8	1472760	1474880
8	1474880	1476880
8	1476880	1478680
8	1478680	1480160
8	1480160	1486600
8	1486600	1491200
8	1491200	1494000
8	1494000	1496400
8	1496400	1497520
8	1497520	1503040
8	1503040	1507600
8	1507600	1512520
8	1512520	1516920
8	1516920	1520640
8	1520640	1523200
8	1523200	1528400
8	1528400	1532000
8	1532000	1537600
8	1537600	1541200
8	1541200	1546600
8	1546600	1549960
8	1549960	1554600
8	1554600	1563800
8	1563800	1566720
8	1566720	1572920
8	1572920	1576280
8	1576280	1579040
8	1579040	1583200
8	1583200	1585120
8	1585120	1586920
8	1586920	1591640
8	1591640	1593880
8	1593880	1598280
9	1598280	1604640
9	1604640	1607240
9	1607240	1614040
9	1614040	1615360
9	1615360	1617200
9	1617200	1619640
9	1619640	1621320
9	1621320	1628040
9	1628040	1630640
9	1630640	1632320
9	1632320	1642160
9	1642160	1646440
9	1646440	1651120
9	1651120	1652320
9	1652320	1653840
9	1653840	1658520
9	1658520	1659840
9	1659840	1665440
9	1665440	1668360
9	1668360	1676160
9	1676160	1682520
9	1682520	1684040
9	1684040	1687000
9	1687000	1689160
9	1689160	1695360
9	1695360	1699680
9	1699680	1706200
9	1706200	1713000
9	1713000	1717440
9	1717440	1732040
9	1732040	1738000
10	1738000	1740640
10	1740640	1742200
10	1742200	1747960
10	1747960	1751200
10	1751200	1754400
10	1754400	1757000
10	1757000	1758560
10	1758560	1759960
10	1759960	1762880
10	1762880	1776120
10	1776120	1779840
10	1779840	1783360
11	1783360	1788000
11	1788000	1790440
11	1790440	1792440
11	1792440	1796520
11	1796520	1798960
11	1798960	1800880
11	1800880	1803080
11	1803080	1811520
11	1811520	1814800
11	1814800	1820040
11	1820040	1822680
11	1822680	1826160
11	1826160	1828680
11	1828680	1831720
11	1831720	1834600
11	1834600	1836560
11	1836560	1838440
11	1838440	1840640
11	1840640	1843280
11	1843280	1847880
11	1847880	1856120
11	1856120	1860680
11	1860680	1865360
11	1865360	1867520
11	1867520	1869640
11	1869640	1871280
11	1871280	1874440
11	1874440	1877720
11	1877720	1883000
11	1883000	1886040
11	1886040	1891160
11	1891160	1893000
11	1893000	1895360
11	1895360	1897360
11	1897360	1899720
11	1899720	1902120
11	1902120	1905600
11	1905600	1915200
11	1915200	1917920
11	1917920	1920120
11	1920120	1922560
11	1922560	1925640
11	1925640	1927640
11	1927640	1929240
11	1929240	1931040
11	1931040	1933520
11	1933520	1935440
11	1935440	1940160
11	1940160	1945520
11	1945520	1946760
11	1946760	1951440
11	1951440	1956240
11	1956240	1960000
11	1960000	1966320
11	1966320	1970440
11	1970440	1971240
11	1971240	1973120
11	1973120	1976680
11	1976680	1979040
11	1979040	1981640
11	1981640	1984560
11	1984560	1986320
11	1986320	1998440
11	1998440	2006440
11	2006440	2011040
11	2011040	2014960
11	2014960	2017680
11	2017680	2020080
11	2020080	2023760
11	2023760	2030920
11	2030920	2033440
11	2033440	2035560
11	2035560	2050600
11	2050600	2053560
11	2053560	2058760
11	2058760	2060640
11	2060640	2065440
11	2065440	2071120
11	2071120	2073880
11	2073880	2078280
11	2078280	2080920
11	2080920	2082720
11	2082720	2085880
11	2085880	2090680
11	2090680	2095280
11	2095280	2098560
11	2098560	2113160
11	2113160	2118040
11	2118040	2124560
11	2124560	2130120
11	2130120	2134240
11	2134240	2136000
11	2136000	2138640
11	2138640	2142800
11	2142800	2145800
11	2145800	2149600
11	2149600	2152640
11	2152640	2157480
11	2157480	2166520
11	2166520	2170920
11	2170920	2175200
11	2175200	2185160
11	2185160	2188480
11	2188480	2191480
11	2191480	2194040
11	2194040	2196120
11	2196120	2199840
11	2199840	2203560
11	2203560	2221880
11	2221880	2230280
11	2230280	2233080
11	2233080	2236440
11	2236440	2240960
11	2240960	2243520
11	2243520	2246960
11	2246960	2248320
11	2248320	2249320
11	2249320	2250160
11	2250160	2252440
11	2252440	2255200
11	2255200	2259080
11	2259080	2261400
11	2261400	2268280
12	2268280	2271880
12	2271880	2274120
12	2274120	2275520
12	2275520	2276680
12	2276680	2277880
12	2277880	2278800
12	2278800	2280520
12	2280520	2282200
12	2282200	2285040
12	2285040	2287480
12	2287480	2289920
12	2289920	2292720
12	2292720	2294960
12	2294960	2297160
12	2297160	2300640
12	2300640	2305400
12	2305400	2309280
12	2309280	2316800
12	2316800	2320280
12	2320280	2329280
12	2329280	2333160
12	2333160	2335520
12	2335520	2337920
12	2337920	2345320
12	2345320	2346640
12	2346640	2349880
12	2349880	2357080
12	2357080	2369920
12	2369920	2379320
12	2379320	2385280
12	2385280	2388160
12	2388160	2392400
12	2392400	2396600
12	2396600	2400400
13	2400400	2405720
13	2405720	2409080
13	2409080	2415440
13	2415440	2418680
13	2418680	2421440
13	2421440	2424120
13	2424120	2426760
13	2426760	2430400
13	2430400	2431240
13	2431240	2432040
13	2432040	2433520
13	2433520	2437520
13	2437520	2440520
13	2440520	2444840
13	2444840	2448640
13	2448640	2449640
13	2449640	2451440
13	2451440	2453400
13	2453400	2455640
13	2455640	2458400
13	2458400	2462960
13	2462960	2463800
13	2463800	2464680
13	2464680	2464920
13	2464920	2467280
13	2467280	2474680
13	2474680	2478640
13	2478640	2485320
13	2485320	2487520
13	2487520	2491880
13	2491880	2494240
13	2494240	2498080
13	2498080	2500000
13	2500000	2504600
13	2504600	2507240
13	2507240	2508920
13	2508920	2511240
13	2511240	2513720
13	2513720	2519520
13	2519520	2521240
13	2521240	2522880
13	2522880	2524400
13	2524400	2530480
13	2530480	2538920
13	2538920	2547600
13	2547600	2548360
13	2548360	2549440
13	2549440	2549760
13	2549760	2550080
13	2550080	2550640
13	2550640	2554880
13	2554880	2558440
13	2558440	2560720
13	2560720	2563920
13	2563920	2566720
13	2566720	2570360
13	2570360	2574320
13	2574320	2576080
13	2576080	2578800
13	2578800	2581480
13	2581480	2583200
13	2583200	2584840
13	2584840	2588200
13	2588200	2599080
13	2599080	2603360
13	2603360	2607360
13	2607360	2613280
13	2613280	2617640
13	2617640	2620000
13	2620000	2624000
13	2624000	2631040
13	2631040	2637600
13	2637600	2656280
13	2656280	2658640
13	2658640	2660480
13	2660480	2665280
13	2665280	2668240
13	2668240	2670520
13	2670520	2673120
13	2673120	2683680
13	2683680	2685440
13	2685440	2685560
13	2685560	2686880
13	2686880	2688200
13	2688200	2690520
13	2690520	2692680
13	2692680	2701360
13	2701360	2703160
13	2703160	2705560
13	2705560	2708960
13	2708960	2720920
13	2720920	2727920
13	2727920	2730880
13	2730880	2738680
13	2738680	2741200
13	2741200	2750320
13	2750320	2753960
13	2753960	2756160
13	2756160	2760000
13	2760000	2764320
13	2764320	2774920
13	2774920	2779000
13	2779000	2795160
13	2795160	2796160
13	2796160	2801200
13	2801200	2805520
13	2805520	2808520
13	2808520	2816400
13	2816400	2819040
13	2819040	2820880
13	2820880	2822800
13	2822800	2824760
13	2824760	2828680
13	2828680	2832960
13	2832960	2835800
13	2835800	2838720
14	2838720	2916720
