shot	start	end
0	0	1240
0	1240	1320
0	1320	3640
0	3640	6680
0	6680	9640
0	9640	11160
0	11160	19560
0	19560	21280
0	21280	22760
0	22760	24360
0	24360	25720
0	25720	31320
0	31320	35400
0	35400	42360
0	42360	45480
0	45480	50560
0	50560	53600
0	53600	55800
0	55800	59000
0	59000	59240
0	59240	59560
0	59560	61480
0	61480	68960
0	68960	70240
0	70240	86840
0	86840	94960
0	94960	110760
1	110760	113520
1	113520	115480
1	115480	116320
1	116320	117560
1	117560	120040
1	120040	120840
1	120840	122040
1	122040	125440
1	125440	131120
1	131120	132000
1	132000	133000
2	133000	139440
2	139440	141920
2	141920	143680
2	143680	145280
2	145280	146640
2	146640	151160
2	151160	154840
2	154840	158880
2	158880	161040
2	161040	162440
2	162440	163920
2	163920	165320
2	165320	168240
2	168240	171000
2	171000	172160
2	172160	179880
2	179880	185880
2	185880	193280
2	193280	199600
2	199600	203760
2	203760	209480
2	209480	212000
2	212000	213840
2	213840	218120
2	218120	221760
2	221760	225160
2	225160	227920
2	227920	230280
2	230280	232200
2	232200	234400
2	234400	237480
2	237480	239520
2	239520	241400
2	241400	245600
2	245600	247000
2	247000	248480
2	248480	253960
2	253960	256960
2	256960	259240
2	259240	260600
2	260600	262400
2	262400	263360
2	263360	264160
2	264160	264800
2	264800	265160
2	265160	265400
2	265400	266160
2	266160	267560
2	267560	269600
2	269600	271320
2	271320	279280
2	279280	280480
2	280480	281200
2	281200	283760
2	283760	285760
2	285760	287920
2	287920	290440
2	290440	292600
2	292600	295240
2	295240	304280
2	304280	307440
2	307440	309880
2	309880	315600
2	315600	318160
2	318160	322040
2	322040	323640
2	323640	325120
2	325120	327880
2	327880	329680
2	329680	331040
2	331040	331880
2	331880	333840
2	333840	336600
2	336600	338280
2	338280	340200
2	340200	342480
2	342480	345240
2	345240	346720
2	346720	347280
2	347280	347720
2	347720	349200
2	349200	360840
3	360840	368280
3	368280	375960
3	375960	377440
3	377440	380800
3	380800	385480
3	385480	387800
3	387800	389440
3	389440	394600
3	394600	396360
3	396360	399560
3	399560	403560
3	403560	405920
3	405920	409160
3	409160	412920
3	412920	416960
3	416960	419120
3	419120	420120
3	420120	427240
3	427240	428560
3	428560	430280
3	430280	433040
3	433040	436000
3	436000	441360
3	441360	444200
3	444200	448800
3	448800	453040
3	453040	455800
4	455800	459000
4	459000	467000
4	467000	471680
4	471680	473520
4	473520	476600
4	476600	480440
4	480440	485160
4	485160	488640
4	488640	494640
4	494640	498400
4	498400	501080
4	501080	503640
4	503640	507840
4	507840	510880
4	510880	513520
4	513520	516720
4	516720	521840
4	521840	525040
4	525040	531000
4	531000	535040
4	535040	552160
4	552160	555200
4	555200	559600
4	559600	566800
4	566800	581880
4	581880	586000
4	586000	588320
4	588320	592840
4	592840	604400
4	604400	609640
4	609640	610520
4	610520	613320
4	613320	617480
4	617480	623200
4	623200	631760
4	631760	634000
4	634000	635520
4	635520	640600
4	640600	645600
4	645600	649320
4	649320	652320
4	652320	657840
4	657840	660600
4	660600	667640
4	667640	670600
4	670600	676400
4	676400	680000
4	680000	682160
4	682160	686680
4	686680	691440
4	691440	692400
4	692400	695880
4	695880	699720
4	699720	705040
4	705040	711200
4	711200	715680
4	715680	719800
4	719800	724160
4	724160	726080
4	726080	731000
4	731000	737160
4	737160	763040
4	763040	766400
4	766400	777480
4	777480	782200
4	782200	784200
4	784200	786440
4	786440	790480
4	790480	792200
4	792200	793800
4	793800	796280
4	796280	798600
4	798600	820280
4	820280	828040
4	828040	829360
4	829360	834720
4	834720	838200
4	838200	840280
4	840280	849480
4	849480	851720
4	851720	854200
4	854200	858640
4	858640	861120
4	861120	862960
4	862960	863320
4	863320	871360
4	871360	877600
4	877600	878840
4	878840	882480
4	882480	884520
4	884520	890720
4	890720	892920
5	892920	907920
5	907920	912400
5	912400	915440
5	915440	919960
5	919960	925840
5	925840	927680
5	927680	928560
5	928560	932880
5	932880	937960
5	937960	940120
5	940120	944520
5	944520	946080
5	946080	947320
5	947320	950000
5	950000	952040
5	952040	953680
5	953680	955480
5	955480	958800
5	958800	960680
5	960680	961920
5	961920	963400
5	963400	965080
5	965080	966280
5	966280	967720
5	967720	970800
5	970800	973160
5	973160	974760
5	974760	976200
5	976200	977560
5	977560	981360
5	981360	982640
5	982640	984320
5	984320	987840
5	987840	989880
5	989880	991360
5	991360	994880
5	994880	996600
5	996600	1000440
5	1000440	1001920
5	1001920	1004040
5	1004040	1006920
5	1006920	1008800
5	1008800	1012040
5	1012040	1013640
5	1013640	1015760
6	1015760	1016000
6	1016000	1016840
6	1016840	1018120
6	1018120	1018200
6	1018200	1018680
6	1018680	1018760
6	1018760	1019200
6	1019200	1019560
6	1019560	1025960
6	1025960	1030760
6	1030760	1032680
6	1032680	1034080
6	1034080	1035720
6	1035720	1037440
6	1037440	1038800
6	1038800	1040240
6	1040240	1044120
6	1044120	1046560
6	1046560	1048160
6	1048160	1049000
6	1049000	1049120
6	1049120	1049680
6	1049680	1049960
6	1049960	1050240
6	1050240	1052120
6	1052120	1052960
6	1052960	1053920
6	1053920	1055680
6	1055680	1056560
6	1056560	1057000
6	1057000	1057800
6	1057800	1058840
6	1058840	1060400
6	1060400	1061120
6	1061120	1061960
6	1061960	1064000
6	1064000	1065760
6	1065760	1067200
6	1067200	1070000
6	1070000	1071120
6	1071120	1073840
6	1073840	1074520
6	1074520	1083480
6	1083480	1085320
6	1085320	1088800
6	1088800	1093640
6	1093640	1096920
6	1096920	1101600
6	1101600	1106480
6	1106480	1109440
6	1109440	1113680
6	1113680	1119560
6	1119560	1121640
6	1121640	1123200
6	1123200	1124600
6	1124600	1126320
6	1126320	1127360
6	1127360	1129320
6	1129320	1131200
6	1131200	1132080
6	1132080	1134720
6	1134720	1136600
6	1136600	1137360
6	1137360	1139560
6	1139560	1141760
6	1141760	1145800
6	1145800	1148240
6	1148240	1153320
6	1153320	1154920
6	1154920	1159320
6	1159320	1160320
6	1160320	1161000
6	1161000	1161920
6	1161920	1163520
6	1163520	1166160
6	1166160	1168840
6	1168840	1171480
6	1171480	1172760
6	1172760	1176800
6	1176800	1179240
6	1179240	1180480
6	1180480	1181680
6	1181680	1183000
6	1183000	1185000
6	1185000	1186360
6	1186360	1188840
6	1188840	1189960
6	1189960	1191600
6	1191600	1192760
6	1192760	1195480
6	1195480	1198040
7	1198040	1211600
7	1211600	1214000
7	1214000	1215200
7	1215200	1218400
7	1218400	1222520
7	1222520	1234440
7	1234440	1242400
7	1242400	1244600
7	1244600	1255080
7	1255080	1258480
8	1258480	1267200
8	1267200	1280320
8	1280320	1292960
8	1292960	1294840
8	1294840	1300360
8	1300360	1301560
8	1301560	1305360
8	1305360	1307440
8	1307440	1309360
8	1309360	1316160
8	1316160	1318760
8	1318760	1320600
8	1320600	1325120
8	1325120	1333440
8	1333440	1337120
8	1337120	1340000
8	1340000	1343040
8	1343040	1344360
8	1344360	1348120
8	1348120	1356960
8	1356960	1366000
8	1366000	1369160
8	1369160	1370880
8	1370880	1374040
8	1374040	1376120
8	1376120	1380600
8	1380600	1388360
8	1388360	1393560
8	1393560	1397320
8	1397320	1399480
8	1399480	1401800
8	1401800	1406040
8	1406040	1408800
8	1408800	1416760
8	1416760	1419360
8	1419360	1421960
8	1421960	1423080
8	1423080	1425000
8	1425000	1428880
8	1428880	1430720
8	1430720	1433280
8	1433280	1440280
8	1440280	1441480
8	1441480	1444160
8	1444160	1446040
8	1446040	1456160
8	1456160	1458800
8	1458800	1462960
8	1462960	1467720
9	1467720	1472080
9	1472080	1473960
9	1473960	1475960
9	1475960	1479280
9	1479280	1489120
9	1489120	1490480
9	1490480	1493480
9	1493480	1497920
9	1497920	1499160
9	1499160	1502800
9	1502800	1504720
9	1504720	1506000
9	1506000	1509760
9	1509760	1510520
9	1510520	1515280
9	1515280	1515920
9	1515920	1543160
9	1543160	1547080
9	1547080	1548240
9	1548240	1549520
9	1549520	1550640
9	1550640	1552440
9	1552440	1554280
9	1554280	1560520
9	1560520	1563880
9	1563880	1569880
9	1569880	1573880
10	1573880	1576280
10	1576280	1581640
10	1581640	1585560
10	1585560	1589680
10	1589680	1590920
10	1590920	1597120
10	1597120	1599640
10	1599640	1609760
10	1609760	1611080
10	1611080	1613720
10	1613720	1614960
10	1614960	1616120
10	1616120	1618880
10	1618880	1621480
10	1621480	1622760
10	1622760	1625440
10	1625440	1628040
10	1628040	1633960
10	1633960	1635480
10	1635480	1641800
10	1641800	1645320
10	1645320	1647880
10	1647880	1650280
10	1650280	1661400
10	1661400	1662360
10	1662360	1664080
10	1664080	1665520
10	1665520	1670160
10	1670160	1672640
10	1672640	1675120
10	1675120	1675960
10	1675960	1679200
10	1679200	1681960
10	1681960	1686680
10	1686680	1688920
10	1688920	1691840
10	1691840	1692640
10	1692640	1694760
11	1694760	1698000
11	1698000	1702000
11	1702000	1711160
11	1711160	1713080
11	1713080	1724000
11	1724000	1725400
11	1725400	1730280
11	1730280	1733640
11	1733640	1734760
11	1734760	1736120
11	1736120	1738680
11	1738680	1740240
11	1740240	1745080
11	1745080	1748880
11	1748880	1749840
11	1749840	1753120
11	1753120	1754880
11	1754880	1759880
11	1759880	1765120
11	1765120	1766720
11	1766720	1773840
11	1773840	1782440
11	1782440	1785400
11	1785400	1791200
11	1791200	1793840
11	1793840	1796720
11	1796720	1799680
11	1799680	1802840
11	1802840	1806840
11	1806840	1814400
11	1814400	1815720
11	1815720	1817160
11	1817160	1818240
11	1818240	1823560
11	1823560	1829080
11	1829080	1830920
11	1830920	1833760
11	1833760	1836360
11	1836360	1840400
12	1840400	1863200
12	1863200	1871520
12	1871520	1876280
12	1876280	1880360
12	1880360	1885240
12	1885240	1892800
12	1892800	1893960
12	1893960	1894840
12	1894840	1896600
12	1896600	1900480
12	1900480	1903920
12	1903920	1905680
12	1905680	1907640
12	1907640	1909240
12	1909240	1910560
12	1910560	1912000
12	1912000	1914200
12	1914200	1916960
12	1916960	1918120
12	1918120	1919440
12	1919440	1924040
12	1924040	1925320
12	1925320	1927720
12	1927720	1930520
12	1930520	1933440
12	1933440	1934600
12	1934600	1936760
12	1936760	1939720
12	1939720	1941880
12	1941880	1942760
12	1942760	1953040
12	1953040	1957560
12	1957560	1962080
12	1962080	1964680
12	1964680	1966760
12	1966760	1970120
12	1970120	1971440
12	1971440	1973360
12	1973360	1975240
12	1975240	1977000
12	1977000	1978440
12	1978440	1981520
12	1981520	1984320
12	1984320	1987320
12	1987320	1993640
12	1993640	1998320
12	1998320	2003120
12	2003120	2005320
12	2005320	2008400
12	2008400	2009880
12	2009880	2018760
12	2018760	2021720
12	2021720	2024040
12	2024040	2026880
12	2026880	2030200
12	2030200	2035320
12	2035320	2037080
12	2037080	2040760
12	2040760	2042320
12	2042320	2044920
12	2044920	2046280
12	2046280	2050040
12	2050040	2051200
12	2051200	2057480
12	2057480	2061600
12	2061600	2064960
12	2064960	2067520
12	2067520	2071040
12	2071040	2074720
12	2074720	2077160
12	2077160	2081000
12	2081000	2084000
12	2084000	2087600
12	2087600	2090920
12	2090920	2093800
12	2093800	2096280
12	2096280	2098800
12	2098800	2113280
12	2113280	2118480
12	2118480	2121560
12	2121560	2126600
12	2126600	2134360
12	2134360	2143880
12	2143880	2151640
12	2151640	2155200
12	2155200	2156840
12	2156840	2158800
12	2158800	2163400
12	2163400	2166000
12	2166000	2167680
12	2167680	2171120
12	2171120	2173920
12	2173920	2176600
12	2176600	2179200
12	2179200	2180840
12	2180840	2183280
12	2183280	2192480
12	2192480	2194600
12	2194600	2195440
12	2195440	2197440
12	2197440	2200840
13	2200840	2206400
13	2206400	2210560
13	2210560	2212360
13	2212360	2213800
13	2213800	2215400
13	2215400	2217640
13	2217640	2223840
13	2223840	2225000
13	2225000	2226520
13	2226520	2229480
13	2229480	2233280
13	2233280	2234880
13	2234880	2237320
13	2237320	2238480
13	2238480	2240280
13	2240280	2245960
13	2245960	2248000
13	2248000	2251600
13	2251600	2252960
13	2252960	2254280
13	2254280	2266800
13	2266800	2267840
13	2267840	2271360
13	2271360	2274800
13	2274800	2285240
13	2285240	2286440
13	2286440	2288240
13	2288240	2289360
13	2289360	2294240
13	2294240	2298480
13	2298480	2302000
13	2302000	2304320
13	2304320	2307080
13	2307080	2308000
13	2308000	2315200
13	2315200	2316600
13	2316600	2319680
13	2319680	2323000
13	2323000	2332720
13	2332720	2334280
13	2334280	2335000
13	2335000	2335800
13	2335800	2338480
13	2338480	2340320
13	2340320	2352640
13	2352640	2355000
13	2355000	2367680
13	2367680	2369680
13	2369680	2370880
13	2370880	2373480
13	2373480	2374520
13	2374520	2377280
13	2377280	2381320
13	2381320	2384560
13	2384560	2385680
13	2385680	2386960
13	2386960	2388200
13	2388200	2390480
13	2390480	2394000
13	2394000	2396480
13	2396480	2407880
13	2407880	2410520
13	2410520	2414520
13	2414520	2418360
13	2418360	2420800
13	2420800	2424040
13	2424040	2425800
13	2425800	2427880
13	2427880	2431960
13	2431960	2432920
13	2432920	2434840
13	2434840	2436480
13	2436480	2437760
13	2437760	2442640
13	2442640	2443880
13	2443880	2448280
13	2448280	2449080
13	2449080	2451600
13	2451600	2453760
13	2453760	2459120
13	2459120	2460280
13	2460280	2460800
13	2460800	2461880
13	2461880	2463600
13	2463600	2468480
13	2468480	2472520
13	2472520	2475320
13	2475320	2481560
13	2481560	2485720
13	2485720	2490640
14	2490640	2504120
14	2504120	2514240
14	2514240	2515360
14	2515360	2517200
14	2517200	2518280
14	2518280	2519080
14	2519080	2520560
14	2520560	2522160
14	2522160	2523000
14	2523000	2524080
14	2524080	2527680
14	2527680	2532360
14	2532360	2533400
14	2533400	2534840
14	2534840	2538920
14	2538920	2540440
14	2540440	2541400
14	2541400	2544280
14	2544280	2547480
14	2547480	2549080
14	2549080	2551840
14	2551840	2553920
14	2553920	2554040
14	2554040	2562800
14	2562800	2565280
14	2565280	2566080
14	2566080	2567360
14	2567360	2577360
14	2577360	2604960
14	2604960	2614360
15	2614360	2619360
15	2619360	2620880
15	2620880	2622440
15	2622440	2630920
15	2630920	2634200
15	2634200	2635880
15	2635880	2637960
15	2637960	2639720
15	2639720	2645240
15	2645240	2646560
15	2646560	2647920
15	2647920	2652080
15	2652080	2656720
15	2656720	2657640
15	2657640	2658600
15	2658600	2670520
15	2670520	2675000
15	2675000	2675920
15	2675920	2679160
15	2679160	2681440
15	2681440	2683240
15	2683240	2685000
15	2685000	2685680
15	2685680	2687560
15	2687560	2688360
15	2688360	2689040
15	2689040	2689840
16	2689840	2694040
16	2694040	2694120
16	2694120	2694800
16	2694800	2697120
16	2697120	2698240
16	2698240	2699720
16	2699720	2700200
16	2700200	2700320
16	2700320	2700680
16	2700680	2700800
16	2700800	2702320
16	2702320	2702440
16	2702440	2702880
16	2702880	2704680
16	2704680	2706520
16	2706520	2708960
16	2708960	2710400
16	2710400	2711800
16	2711800	2713920
16	2713920	2714800
16	2714800	2715760
16	2715760	2718120
16	2718120	2723160
16	2723160	2726200
16	2726200	2727240
16	2727240	2730400
16	2730400	2731440
16	2731440	2737760
16	2737760	2739640
16	2739640	2742480
16	2742480	2743960
16	2743960	2747640
16	2747640	2749640
16	2749640	2753200
16	2753200	2755760
16	2755760	2758960
16	2758960	2760600
16	2760600	2761480
16	2761480	2764880
16	2764880	2766600
16	2766600	2770280
17	2770280	2792760
17	2792760	2797560
17	2797560	2808280
17	2808280	2811880
17	2811880	2814200
17	2814200	2816240
17	2816240	2820840
17	2820840	2827480
17	2827480	2829200
17	2829200	2842200
17	2842200	2844000
17	2844000	2845160
17	2845160	2846360
17	2846360	2851720
17	2851720	2855560
17	2855560	2858720
17	2858720	2860320
17	2860320	2865000
17	2865000	2868280
17	2868280	2871000
17	2871000	2873360
17	2873360	2874920
17	2874920	2876840
17	2876840	2879920
17	2879920	2882520
17	2882520	2887840
17	2887840	2901880
17	2901880	2903160
17	2903160	2904840
17	2904840	2906640
17	2906640	2908120
17	2908120	2908960
17	2908960	2910680
17	2910680	2914400
17	2914400	2915520
17	2915520	2917080
17	2917080	2918520
17	2918520	2920280
17	2920280	2921240
17	2921240	2922920
17	2922920	2924120
17	2924120	2925720
17	2925720	2927560
17	2927560	2929640
17	2929640	2932280
17	2932280	2933320
17	2933320	2934680
17	2934680	2938120
17	2938120	2939880
17	2939880	2943360
17	2943360	2944880
17	2944880	2947080
17	2947080	2950880
17	2950880	2954760
17	2954760	2958200
17	2958200	2960320
17	2960320	2962080
17	2962080	2964120
17	2964120	2965840
17	2965840	2969280
17	2969280	2973360
17	2973360	2975080
17	2975080	2986480
17	2986480	2987360
17	2987360	2988640
17	2988640	2989840
17	2989840	2991120
17	2991120	2992000
17	2992000	2994200
17	2994200	2996640
17	2996640	2997560
17	2997560	2998360
17	2998360	2999680
17	2999680	3010640
17	3010640	3016040
17	3016040	3016480
17	3016480	3017240
17	3017240	3018480
17	3018480	3021160
17	3021160	3021880
17	3021880	3022680
17	3022680	3023440
17	3023440	3027600
17	3027600	3032040
17	3032040	3033440
17	3033440	3034440
17	3034440	3035080
17	3035080	3035880
17	3035880	3036360
17	3036360	3037040
17	3037040	3037320
17	3037320	3038120
17	3038120	3038360
17	3038360	3038560
17	3038560	3038800
17	3038800	3039280
17	3039280	3043520
17	3043520	3044960
17	3044960	3048000
17	3048000	3052200
17	3052200	3056640
17	3056640	3059840
17	3059840	3061240
17	3061240	3062520
17	3062520	3066200
17	3066200	3068120
17	3068120	3070280
17	3070280	3075520
17	3075520	3077720
17	3077720	3079320
17	3079320	3084480
17	3084480	3086640
17	3086640	3088360
17	3088360	3094800
17	3094800	3096640
17	3096640	3098880
17	3098880	3102000
17	3102000	3103520
17	3103520	3105000
17	3105000	3107320
17	3107320	3109120
17	3109120	3111200
17	3111200	3114480
17	3114480	3121720
17	3121720	3123640
17	3123640	3131000
17	3131000	3132240
17	3132240	3133720
17	3133720	3136800
17	3136800	3138560
17	3138560	3139480
17	3139480	3141960
17	3141960	3143280
17	3143280	3147160
17	3147160	3149480
17	3149480	3149800
17	3149800	3152440
17	3152440	3153160
17	3153160	3156280
17	3156280	3156760
17	3156760	3158440
17	3158440	3162160
17	3162160	3162480
17	3162480	3163560
17	3163560	3164000
17	3164000	3164640
17	3164640	3165520
17	3165520	3165840
17	3165840	3166200
17	3166200	3166760
17	3166760	3167680
17	3167680	3168480
17	3168480	3169480
17	3169480	3170080
17	3170080	3171000
17	3171000	3173040
17	3173040	3174880
17	3174880	3175320
17	3175320	3177320
17	3177320	3179320
17	3179320	3181120
17	3181120	3194040
18	3194040	3274040
