shot	start	end
0	0	1240
0	1240	1320
0	1320	3640
0	3640	6680
0	6680	11040
0	11040	19440
0	19440	21160
0	21160	22640
0	22640	24240
0	24240	25600
0	25600	31760
0	31760	35960
0	35960	40360
0	40360	43400
0	43400	45600
0	45600	48800
0	48800	49040
0	49040	49360
0	49360	51280
0	51280	59120
0	59120	73040
0	73040	81000
0	81000	87400
0	87400	95480
0	95480	120680
1	120680	125120
1	125120	128880
1	128880	142920
1	142920	151240
1	151240	154160
1	154160	155800
1	155800	157640
1	157640	159640
1	159640	165000
1	165000	167840
1	167840	169920
1	169920	173920
1	173920	176200
1	176200	178920
1	178920	181080
1	181080	185560
1	185560	188760
1	188760	193280
1	193280	195960
1	195960	198160
1	198160	201040
1	201040	203560
1	203560	209440
1	209440	213400
1	213400	216920
1	216920	219720
1	219720	222040
1	222040	226240
1	226240	229440
1	229440	232800
1	232800	237640
1	237640	240680
1	240680	244760
1	244760	246560
1	246560	250040
1	250040	254320
1	254320	258840
1	258840	262440
1	262440	263840
1	263840	265480
1	265480	267520
1	267520	269720
1	269720	271720
1	271720	275120
1	275120	276960
1	276960	279560
1	279560	282560
1	282560	283760
1	283760	285680
1	285680	287680
1	287680	291480
1	291480	294760
1	294760	301920
1	301920	304760
1	304760	306160
1	306160	307440
1	307440	310560
1	310560	312960
1	312960	314880
1	314880	317960
1	317960	320440
1	320440	323600
1	323600	326960
1	326960	332280
1	332280	337640
1	337640	341440
1	341440	343880
1	343880	349440
1	349440	350720
1	350720	352240
1	352240	353560
1	353560	356000
1	356000	357480
1	357480	359440
1	359440	360480
1	360480	361760
1	361760	363600
1	363600	365600
1	365600	368400
1	368400	371080
1	371080	372600
1	372600	375280
1	375280	380720
1	380720	383360
1	383360	385880
1	385880	389440
1	389440	391880
1	391880	394520
1	394520	397600
1	397600	403080
1	403080	406560
1	406560	408880
1	408880	410680
1	410680	413000
1	413000	415400
1	415400	419120
1	419120	422080
1	422080	427160
1	427160	431920
1	431920	436680
1	436680	437600
1	437600	438360
1	438360	438880
1	438880	439200
1	439200	439880
1	439880	441000
1	441000	446400
1	446400	448120
1	448120	450400
1	450400	452600
1	452600	455640
1	455640	457640
1	457640	459720
1	459720	464520
1	464520	466360
1	466360	470320
1	470320	472360
1	472360	473040
1	473040	473480
1	473480	473960
1	473960	474840
1	474840	475280
1	475280	475600
1	475600	476360
1	476360	479720
1	479720	481920
2	481920	486760
2	486760	489000
2	489000	489960
2	489960	491080
2	491080	498400
2	498400	502320
2	502320	504600
2	504600	506880
2	506880	512120
2	512120	520600
2	520600	521240
2	521240	524680
2	524680	525840
2	525840	526800
2	526800	527280
2	527280	527720
2	527720	528440
2	528440	529080
2	529080	529560
2	529560	532240
2	532240	536760
2	536760	537840
2	537840	538400
2	538400	539240
2	539240	540280
2	540280	542480
2	542480	542880
2	542880	546400
2	546400	549040
2	549040	549760
2	549760	552080
2	552080	552600
2	552600	555920
2	555920	556800
2	556800	558000
2	558000	558760
2	558760	561000
2	561000	561920
2	561920	562640
2	562640	563240
2	563240	564360
2	564360	565320
2	565320	565840
2	565840	566560
2	566560	567800
2	567800	568640
2	568640	569360
2	569360	569800
2	569800	570760
2	570760	571480
2	571480	572080
2	572080	572800
2	572800	573640
2	573640	574360
2	574360	575560
2	575560	584320
2	584320	587200
2	587200	588560
2	588560	593080
2	593080	594800
2	594800	598800
2	598800	600680
2	600680	605440
2	605440	606920
2	606920	609520
2	609520	611800
2	611800	613120
2	613120	615760
2	615760	620160
2	620160	622040
2	622040	623920
2	623920	625360
2	625360	628120
2	628120	631560
2	631560	633720
2	633720	635680
2	635680	637400
2	637400	639040
2	639040	640760
2	640760	642560
2	642560	646960
2	646960	648840
2	648840	650320
2	650320	652000
2	652000	657040
2	657040	659560
2	659560	661200
2	661200	663200
2	663200	666600
2	666600	670560
2	670560	673920
2	673920	675560
2	675560	677000
2	677000	678720
2	678720	681800
2	681800	683320
2	683320	684800
2	684800	686440
2	686440	688880
2	688880	691640
2	691640	695640
2	695640	700560
2	700560	702480
2	702480	704360
2	704360	705720
2	705720	707120
2	707120	709160
2	709160	714440
2	714440	716600
2	716600	719600
2	719600	723000
2	723000	725000
2	725000	726560
2	726560	729680
2	729680	730800
2	730800	732240
2	732240	734400
2	734400	735800
2	735800	739400
2	739400	745280
2	745280	747760
2	747760	750800
3	750800	753800
3	753800	755240
3	755240	758360
3	758360	760760
3	760760	763120
3	763120	771560
3	771560	772560
3	772560	775800
3	775800	777080
3	777080	778480
3	778480	780120
3	780120	781440
3	781440	783400
3	783400	787000
3	787000	789480
3	789480	791960
3	791960	796880
3	796880	799800
3	799800	803640
3	803640	807680
3	807680	809960
3	809960	813080
3	813080	814360
3	814360	816280
3	816280	818680
3	818680	820080
3	820080	822160
3	822160	825480
3	825480	827440
3	827440	829800
3	829800	833320
3	833320	835720
3	835720	838960
3	838960	842680
3	842680	846560
3	846560	850520
3	850520	853240
3	853240	864120
3	864120	866400
3	866400	868280
3	868280	874800
4	874800	876360
4	876360	882680
4	882680	886080
4	886080	889040
4	889040	891280
4	891280	894200
4	894200	897000
4	897000	901800
4	901800	904320
4	904320	907440
4	907440	913920
4	913920	915920
4	915920	917480
4	917480	919720
4	919720	927840
4	927840	930000
4	930000	933000
4	933000	936840
4	936840	943920
4	943920	946200
4	946200	952120
4	952120	953720
4	953720	956520
4	956520	957840
4	957840	961600
4	961600	963920
4	963920	976720
4	976720	979280
4	979280	989960
4	989960	992880
4	992880	996320
4	996320	998440
4	998440	1004080
4	1004080	1006320
4	1006320	1011400
4	1011400	1014320
4	1014320	1017000
4	1017000	1019480
4	1019480	1022280
4	1022280	1023360
4	1023360	1025120
4	1025120	1028720
4	1028720	1033560
4	1033560	1036120
4	1036120	1038400
4	1038400	1047760
5	1047760	1050120
5	1050120	1051640
5	1051640	1052800
5	1052800	1055040
5	1055040	1057720
5	1057720	1060720
5	1060720	1063840
5	1063840	1065840
5	1065840	1069280
5	1069280	1074680
5	1074680	1081720
5	1081720	1083640
5	1083640	1086200
5	1086200	1088280
5	1088280	1095400
5	1095400	1097400
5	1097400	1100240
5	1100240	1102000
5	1102000	1103800
5	1103800	1108720
5	1108720	1111160
5	1111160	1113480
5	1113480	1119240
5	1119240	1121520
5	1121520	1124040
5	1124040	1129560
5	1129560	1132040
5	1132040	1142160
5	1142160	1142920
5	1142920	1143400
5	1143400	1150680
5	1150680	1152080
5	1152080	1157800
6	1157800	1175640
6	1175640	1181280
6	1181280	1187320
6	1187320	1191760
6	1191760	1194080
6	1194080	1196080
6	1196080	1198160
6	1198160	1202040
6	1202040	1205000
6	1205000	1207280
6	1207280	1212080
6	1212080	1219200
6	1219200	1222000
6	1222000	1224600
6	1224600	1226520
6	1226520	1229200
6	1229200	1232480
6	1232480	1234800
6	1234800	1237880
6	1237880	1243440
6	1243440	1246200
6	1246200	1249400
6	1249400	1253880
6	1253880	1257720
6	1257720	1260760
6	1260760	1264480
6	1264480	1268520
6	1268520	1271080
6	1271080	1273400
6	1273400	1278720
6	1278720	1280240
6	1280240	1282240
6	1282240	1288280
6	1288280	1294080
6	1294080	1296320
6	1296320	1298920
6	1298920	1301800
6	1301800	1304200
6	1304200	1306120
6	1306120	1307800
6	1307800	1309440
6	1309440	1311560
6	1311560	1313440
6	1313440	1319960
6	1319960	1332200
6	1332200	1333960
6	1333960	1336240
6	1336240	1337920
6	1337920	1339560
6	1339560	1348360
6	1348360	1350960
6	1350960	1353440
6	1353440	1355960
6	1355960	1362000
6	1362000	1363520
6	1363520	1366720
6	1366720	1367840
6	1367840	1369640
6	1369640	1375000
6	1375000	1377080
6	1377080	1378640
6	1378640	1380080
6	1380080	1383280
6	1383280	1385360
6	1385360	1386600
6	1386600	1388040
6	1388040	1389640
6	1389640	1392440
6	1392440	1395840
6	1395840	1424560
7	1424560	1436600
7	1436600	1443080
7	1443080	1446680
7	1446680	1453880
7	1453880	1457480
7	1457480	1462880
7	1462880	1467040
7	1467040	1476280
7	1476280	1486200
7	1486200	1489040
7	1489040	1494520
7	1494520	1500560
7	1500560	1516200
7	1516200	1521840
7	1521840	1523680
7	1523680	1530480
7	1530480	1534000
7	1534000	1537000
7	1537000	1539800
7	1539800	1543000
7	1543000	1547240
7	1547240	1551720
7	1551720	1554840
7	1554840	1558480
8	1558480	1576600
8	1576600	1594480
8	1594480	1600320
8	1600320	1606120
8	1606120	1611680
8	1611680	1615480
8	1615480	1627360
8	1627360	1630400
8	1630400	1634040
8	1634040	1636840
8	1636840	1638600
8	1638600	1640680
8	1640680	1644040
8	1644040	1670120
9	1670120	1674760
9	1674760	1677400
9	1677400	1679320
9	1679320	1680600
9	1680600	1682040
9	1682040	1685960
9	1685960	1687800
9	1687800	1690280
9	1690280	1692480
9	1692480	1694680
9	1694680	1702080
9	1702080	1708000
9	1708000	1712520
9	1712520	1717360
9	1717360	1721120
9	1721120	1723480
9	1723480	1726880
9	1726880	1729400
9	1729400	1732840
9	1732840	1734680
9	1734680	1737960
9	1737960	1741080
9	1741080	1744080
9	1744080	1748320
9	1748320	1751120
9	1751120	1753960
9	1753960	1757640
9	1757640	1759960
10	1759960	1765680
10	1765680	1766960
10	1766960	1769600
10	1769600	1773720
10	1773720	1781720
10	1781720	1788000
10	1788000	1800040
10	1800040	1802320
10	1802320	1805200
10	1805200	1810160
10	1810160	1814280
10	1814280	1835000
11	1835000	1852360
11	1852360	1856520
11	1856520	1863080
11	1863080	1865440
11	1865440	1869120
11	1869120	1871000
11	1871000	1880120
11	1880120	1882680
11	1882680	1885480
11	1885480	1887760
11	1887760	1893400
11	1893400	1911520
11	1911520	1917760
11	1917760	1921120
11	1921120	1923040
11	1923040	1925680
11	1925680	1927920
11	1927920	1933400
11	1933400	1941080
11	1941080	1945440
11	1945440	1950280
11	1950280	1953480
11	1953480	1954880
11	1954880	1956600
11	1956600	1957760
11	1957760	1959080
11	1959080	1959640
11	1959640	1960360
11	1960360	1961080
11	1961080	1962160
11	1962160	1962520
11	1962520	1963040
11	1963040	1963840
11	1963840	1966120
11	1966120	1967440
11	1967440	1968680
11	1968680	1969680
11	1969680	1971160
11	1971160	1971640
11	1971640	1972680
11	1972680	1973560
11	1973560	1974200
11	1974200	1975720
11	1975720	1977560
11	1977560	1978120
11	1978120	1979200
11	1979200	1980120
11	1980120	1982880
11	1982880	1983560
11	1983560	1985400
11	1985400	1986160
11	1986160	1987080
11	1987080	1987800
11	1987800	1989840
11	1989840	1990360
11	1990360	1991800
11	1991800	1992560
11	1992560	1993440
11	1993440	1994360
11	1994360	1995200
11	1995200	1995720
11	1995720	1996400
11	1996400	1997560
11	1997560	1998280
11	1998280	1999000
11	1999000	1999560
11	1999560	2000680
11	2000680	2001520
11	2001520	2002960
11	2002960	2003760
11	2003760	2005400
11	2005400	2006240
11	2006240	2007680
11	2007680	2008640
11	2008640	2010000
11	2010000	2010720
11	2010720	2011840
11	2011840	2013000
11	2013000	2014040
11	2014040	2014720
11	2014720	2015960
11	2015960	2016880
11	2016880	2017800
11	2017800	2018800
11	2018800	2019880
11	2019880	2021440
11	2021440	2023200
11	2023200	2024080
11	2024080	2025000
11	2025000	2026280
11	2026280	2027000
11	2027000	2027960
11	2027960	2028560
11	2028560	2031480
11	2031480	2032840
11	2032840	2033200
11	2033200	2033560
11	2033560	2034000
11	2034000	2034440
11	2034440	2035320
11	2035320	2036920
11	2036920	2037840
11	2037840	2038680
11	2038680	2040160
11	2040160	2042280
11	2042280	2045120
11	2045120	2045840
11	2045840	2046840
11	2046840	2047520
11	2047520	2048320
11	2048320	2049320
11	2049320	2050000
11	2050000	2051000
11	2051000	2051720
11	2051720	2053520
11	2053520	2054280
11	2054280	2055480
11	2055480	2056920
11	2056920	2057720
11	2057720	2059000
11	2059000	2060160
11	2060160	2061160
11	2061160	2062440
11	2062440	2062800
11	2062800	2064680
11	2064680	2066200
11	2066200	2068800
11	2068800	2070320
11	2070320	2071000
11	2071000	2071560
11	2071560	2073600
11	2073600	2074840
11	2074840	2075680
11	2075680	2076520
11	2076520	2078600
11	2078600	2080040
11	2080040	2081160
11	2081160	2082080
11	2082080	2082800
11	2082800	2085960
11	2085960	2089640
11	2089640	2091040
11	2091040	2092840
11	2092840	2094600
11	2094600	2097840
11	2097840	2099080
11	2099080	2100320
11	2100320	2102240
11	2102240	2104720
11	2104720	2106360
11	2106360	2108560
11	2108560	2109640
11	2109640	2112720
11	2112720	2116080
11	2116080	2119840
11	2119840	2121000
11	2121000	2122960
11	2122960	2124680
11	2124680	2125920
11	2125920	2127120
11	2127120	2128880
11	2128880	2129720
11	2129720	2131080
11	2131080	2132520
11	2132520	2134560
11	2134560	2135560
11	2135560	2136920
11	2136920	2138120
11	2138120	2139080
11	2139080	2141200
11	2141200	2143760
11	2143760	2144760
11	2144760	2145720
11	2145720	2147080
11	2147080	2147600
11	2147600	2149400
11	2149400	2150480
11	2150480	2151680
11	2151680	2152880
11	2152880	2153400
11	2153400	2154040
11	2154040	2155160
11	2155160	2160520
11	2160520	2162280
11	2162280	2164000
11	2164000	2167240
11	2167240	2169440
11	2169440	2172320
11	2172320	2175080
11	2175080	2177000
11	2177000	2180120
11	2180120	2182280
12	2182280	2185640
12	2185640	2191720
12	2191720	2196240
12	2196240	2198560
12	2198560	2200520
12	2200520	2203920
12	2203920	2207320
12	2207320	2209800
12	2209800	2220560
12	2220560	2223520
12	2223520	2226040
12	2226040	2228360
12	2228360	2233000
12	2233000	2236440
12	2236440	2247280
12	2247280	2262800
12	2262800	2268920
12	2268920	2272280
12	2272280	2275200
12	2275200	2277960
12	2277960	2282440
12	2282440	2286440
12	2286440	2295040
12	2295040	2299560
12	2299560	2304560
12	2304560	2308280
12	2308280	2311200
12	2311200	2319360
12	2319360	2323320
12	2323320	2326920
13	2326920	2343360
13	2343360	2349720
13	2349720	2354200
13	2354200	2359600
13	2359600	2363400
13	2363400	2368600
13	2368600	2373880
13	2373880	2377000
13	2377000	2380680
13	2380680	2384760
13	2384760	2387760
13	2387760	2389560
13	2389560	2393080
13	2393080	2395880
13	2395880	2399560
13	2399560	2401880
13	2401880	2407800
13	2407800	2411880
13	2411880	2415160
13	2415160	2417200
13	2417200	2419240
13	2419240	2421880
13	2421880	2423840
13	2423840	2426080
13	2426080	2427840
13	2427840	2429680
13	2429680	2433520
13	2433520	2436200
13	2436200	2443840
13	2443840	2447200
13	2447200	2450800
13	2450800	2453400
13	2453400	2457400
13	2457400	2462240
13	2462240	2465520
13	2465520	2468880
13	2468880	2470880
13	2470880	2472200
13	2472200	2473600
13	2473600	2476000
13	2476000	2478680
13	2478680	2481280
13	2481280	2484480
13	2484480	2486760
13	2486760	2490800
13	2490800	2493680
13	2493680	2494960
13	2494960	2497240
13	2497240	2500120
13	2500120	2502000
13	2502000	2508560
13	2508560	2510320
13	2510320	2512800
13	2512800	2515400
13	2515400	2517040
13	2517040	2519160
13	2519160	2521840
13	2521840	2523080
13	2523080	2524560
13	2524560	2527040
13	2527040	2528800
13	2528800	2533560
13	2533560	2537600
13	2537600	2539400
13	2539400	2541160
13	2541160	2542520
13	2542520	2544120
13	2544120	2545840
13	2545840	2546800
13	2546800	2547320
13	2547320	2548640
13	2548640	2550200
13	2550200	2551960
13	2551960	2554800
13	2554800	2557520
13	2557520	2559000
13	2559000	2561360
13	2561360	2563280
13	2563280	2566520
13	2566520	2568960
13	2568960	2570920
13	2570920	2574040
13	2574040	2578000
13	2578000	2580800
13	2580800	2581440
13	2581440	2581920
13	2581920	2582480
13	2582480	2583040
13	2583040	2583720
13	2583720	2584680
13	2584680	2585520
13	2585520	2585920
13	2585920	2586480
13	2586480	2587640
13	2587640	2588160
13	2588160	2590480
13	2590480	2590760
13	2590760	2590960
13	2590960	2591200
13	2591200	2592200
13	2592200	2593320
13	2593320	2593760
13	2593760	2594880
13	2594880	2595680
13	2595680	2596120
13	2596120	2597160
13	2597160	2597800
13	2597800	2599200
13	2599200	2601040
13	2601040	2602000
13	2602000	2602640
13	2602640	2603160
13	2603160	2604720
13	2604720	2605120
13	2605120	2605320
13	2605320	2607240
13	2607240	2608520
13	2608520	2610040
13	2610040	2611360
13	2611360	2613200
13	2613200	2614120
13	2614120	2615320
13	2615320	2615840
13	2615840	2616240
13	2616240	2616520
13	2616520	2616960
13	2616960	2617880
13	2617880	2618280
13	2618280	2619040
13	2619040	2619600
13	2619600	2620120
13	2620120	2620760
13	2620760	2621240
13	2621240	2621960
13	2621960	2622200
13	2622200	2622840
13	2622840	2623480
13	2623480	2623880
13	2623880	2624880
13	2624880	2625160
13	2625160	2625600
13	2625600	2626520
13	2626520	2627360
13	2627360	2629920
13	2629920	2630680
13	2630680	2631520
13	2631520	2631920
13	2631920	2633560
13	2633560	2634200
13	2634200	2634920
13	2634920	2635720
13	2635720	2636120
13	2636120	2636440
13	2636440	2636960
13	2636960	2637200
13	2637200	2637720
13	2637720	2638080
13	2638080	2638800
13	2638800	2639440
13	2639440	2639960
13	2639960	2640320
13	2640320	2642040
13	2642040	2644360
13	2644360	2645840
13	2645840	2648040
13	2648040	2649320
13	2649320	2650440
13	2650440	2651800
13	2651800	2652520
13	2652520	2653760
13	2653760	2654880
13	2654880	2656400
13	2656400	2658240
13	2658240	2659280
13	2659280	2660840
13	2660840	2662000
13	2662000	2663280
13	2663280	2664280
13	2664280	2665560
13	2665560	2665960
13	2665960	2666640
13	2666640	2669040
13	2669040	2671160
13	2671160	2672120
13	2672120	2673200
13	2673200	2674080
13	2674080	2674840
13	2674840	2675680
13	2675680	2676160
13	2676160	2676880
13	2676880	2677200
13	2677200	2677400
13	2677400	2677760
13	2677760	2678200
13	2678200	2680120
13	2680120	2680960
13	2680960	2681560
13	2681560	2682280
13	2682280	2682800
13	2682800	2683120
13	2683120	2683720
13	2683720	2684680
13	2684680	2685480
13	2685480	2687360
13	2687360	2688400
13	2688400	2690200
13	2690200	2691360
13	2691360	2692360
13	2692360	2692920
13	2692920	2693880
13	2693880	2695200
13	2695200	2695520
13	2695520	2696640
13	2696640	2697320
13	2697320	2698000
13	2698000	2698840
13	2698840	2699640
13	2699640	2700240
13	2700240	2700880
13	2700880	2701520
13	2701520	2702200
13	2702200	2702760
13	2702760	2705120
13	2705120	2706560
13	2706560	2707440
13	2707440	2708040
13	2708040	2708280
13	2708280	2708840
13	2708840	2709880
13	2709880	2710360
13	2710360	2712080
13	2712080	2712600
13	2712600	2716320
13	2716320	2717480
13	2717480	2718600
13	2718600	2719240
13	2719240	2719960
13	2719960	2727960
13	2727960	2736040
13	2736040	2742240
14	2742240	2762480
15	2762480	2776120
15	2776120	2782560
15	2782560	2787720
15	2787720	2789320
15	2789320	2791000
15	2791000	2792400
15	2792400	2794080
15	2794080	2795920
15	2795920	2798960
15	2798960	2803720
15	2803720	2808280
15	2808280	2813480
15	2813480	2818680
15	2818680	2820680
15	2820680	2823400
15	2823400	2827320
15	2827320	2833840
15	2833840	2837000
15	2837000	2840240
15	2840240	2844240
15	2844240	2847760
15	2847760	2853600
15	2853600	2856480
15	2856480	2858600
15	2858600	2862920
15	2862920	2865760
15	2865760	2874040
15	2874040	2876000
15	2876000	2882120
15	2882120	2885840
15	2885840	2896960
15	2896960	2899160
15	2899160	2901840
15	2901840	2907840
15	2907840	2915320
15	2915320	2919080
15	2919080	2925240
15	2925240	2931240
15	2931240	2941440
15	2941440	2944320
15	2944320	2948320
15	2948320	2951440
15	2951440	2958520
15	2958520	2964200
15	2964200	2967400
15	2967400	2970880
15	2970880	2973240
15	2973240	2976760
15	2976760	2978880
15	2978880	2980560
15	2980560	2981960
15	2981960	2984000
15	2984000	2993320
15	2993320	3000800
16	3000800	3010680
16	3010680	3013280
16	3013280	3013640
16	3013640	3014120
16	3014120	3015360
16	3015360	3018400
16	3018400	3018760
16	3018760	3024040
16	3024040	3026080
16	3026080	3027760
16	3027760	3029600
16	3029600	3030240
16	3030240	3031160
16	3031160	3031320
16	3031320	3033880
16	3033880	3035600
16	3035600	3037160
16	3037160	3039520
16	3039520	3040640
16	3040640	3045120
16	3045120	3046240
16	3046240	3047200
16	3047200	3048800
16	3048800	3051320
16	3051320	3053880
16	3053880	3062920
16	3062920	3080120
16	3080120	3090360
16	3090360	3099080
16	3099080	3101480
17	3101480	3106120
17	3106120	3117120
17	3117120	3130760
17	3130760	3135640
17	3135640	3139480
17	3139480	3142160
17	3142160	3149800
17	3149800	3154200
17	3154200	3155360
17	3155360	3156640
17	3156640	3159000
17	3159000	3160120
17	3160120	3161520
17	3161520	3163320
17	3163320	3165360
17	3165360	3166880
17	3166880	3167720
17	3167720	3168520
17	3168520	3169160
17	3169160	3169960
17	3169960	3170360
17	3170360	3172480
17	3172480	3174080
17	3174080	3176480
17	3176480	3179760
17	3179760	3180160
17	3180160	3181480
17	3181480	3182960
17	3182960	3185960
17	3185960	3186920
17	3186920	3187480
17	3187480	3187960
17	3187960	3189240
17	3189240	3189920
17	3189920	3190360
17	3190360	3190680
17	3190680	3190960
17	3190960	3191360
17	3191360	3192240
17	3192240	3193640
17	3193640	3194880
17	3194880	3239080
17	3239080	3249760
17	3249760	3257800
17	3257800	3261720
18	3261720	3265440
18	3265440	3271360
18	3271360	3282720
18	3282720	3288760
18	3288760	3292240
18	3292240	3297120
18	3297120	3299560
18	3299560	3305360
18	3305360	3307360
18	3307360	3310200
18	3310200	3311040
18	3311040	3312440
18	3312440	3315400
18	3315400	3318360
18	3318360	3322960
18	3322960	3324720
18	3324720	3328440
18	3328440	3331000
18	3331000	3334280
18	3334280	3336600
18	3336600	3340120
18	3340120	3342960
18	3342960	3349600
18	3349600	3352720
18	3352720	3354680
18	3354680	3357040
18	3357040	3361200
18	3361200	3362480
18	3362480	3364840
18	3364840	3366560
18	3366560	3370680
18	3370680	3372880
18	3372880	3374120
18	3374120	3375280
18	3375280	3376600
18	3376600	3379120
18	3379120	3385560
18	3385560	3387280
18	3387280	3389200
18	3389200	3391160
18	3391160	3392920
18	3392920	3396000
18	3396000	3397640
18	3397640	3398880
18	3398880	3400080
18	3400080	3402280
18	3402280	3404440
18	3404440	3405800
18	3405800	3406680
18	3406680	3407080
18	3407080	3407440
18	3407440	3407840
18	3407840	3408320
18	3408320	3409440
18	3409440	3410640
18	3410640	3411960
18	3411960	3413560
18	3413560	3415640
18	3415640	3416960
18	3416960	3418160
18	3418160	3418920
18	3418920	3420800
18	3420800	3422680
18	3422680	3423880
18	3423880	3425880
18	3425880	3427840
18	3427840	3429160
18	3429160	3431680
18	3431680	3433040
18	3433040	3434760
18	3434760	3436960
18	3436960	3437400
18	3437400	3437720
18	3437720	3437840
18	3437840	3439120
18	3439120	3443840
18	3443840	3445720
18	3445720	3447400
19	3447400	3454040
19	3454040	3459280
19	3459280	3477520
20	3477520	3485400
20	3485400	3495840
20	3495840	3499120
20	3499120	3502160
20	3502160	3509560
20	3509560	3543280
21	3543280	3546480
21	3546480	3550680
21	3550680	3553240
21	3553240	3562320
22	3562320	3577920
22	3577920	3582440
22	3582440	3585960
22	3585960	3595880
22	3595880	3603320
22	3603320	3605440
22	3605440	3609080
22	3609080	3611160
22	3611160	3614320
22	3614320	3618160
22	3618160	3620920
22	3620920	3627560
22	3627560	3638240
22	3638240	3641280
22	3641280	3677040
23	3677040	3759240
