shot	start	end
0	0	1240
0	1240	1320
0	1320	3640
0	3640	6680
0	6680	9520
0	9520	11040
0	11040	19440
0	19440	21160
0	21160	22640
0	22640	24240
0	24240	25600
0	25600	31760
0	31760	35960
0	35960	40360
0	40360	43400
0	43400	45600
0	45600	48800
0	48800	49040
0	49040	49360
0	49360	51280
0	51280	59120
0	59120	73040
0	73040	81000
0	81000	87400
0	87400	95480
0	95480	110800
1	110800	135640
1	135640	138720
1	138720	142480
1	142480	155880
1	155880	156840
1	156840	162720
1	162720	164240
1	164240	175600
1	175600	178440
1	178440	178880
1	178880	180920
1	180920	182720
1	182720	185960
1	185960	203040
1	203040	205920
1	205920	207760
1	207760	209520
1	209520	210240
1	210240	215320
1	215320	226280
1	226280	252640
1	252640	260920
1	260920	263680
1	263680	264280
1	264280	268360
1	268360	270840
1	270840	273880
1	273880	279800
1	279800	296520
1	296520	297840
1	297840	297920
1	297920	300880
1	300880	301120
1	301120	301640
1	301640	309800
1	309800	312280
2	312280	320800
2	320800	322560
2	322560	330320
2	330320	333960
2	333960	337640
2	337640	338720
2	338720	341960
2	341960	343720
2	343720	348560
2	348560	350480
2	350480	359000
2	359000	359720
2	359720	360680
2	360680	367440
2	367440	379720
2	379720	381720
2	381720	382920
2	382920	386080
2	386080	387440
2	387440	389280
2	389280	395720
2	395720	399680
2	399680	401440
2	401440	402840
2	402840	408600
2	408600	412600
2	412600	414360
2	414360	416240
2	416240	416800
2	416800	417400
2	417400	419200
2	419200	420800
2	420800	422200
2	422200	423880
2	423880	430880
2	430880	433120
2	433120	435000
2	435000	439600
2	439600	441280
2	441280	445960
2	445960	447480
2	447480	450240
2	450240	451320
2	451320	455520
3	455520	458400
3	458400	463560
3	463560	466280
3	466280	468640
3	468640	470800
3	470800	477880
3	477880	481480
3	481480	483480
3	483480	486880
3	486880	493920
3	493920	504480
3	504480	505560
3	505560	508400
3	508400	510720
3	510720	516680
3	516680	519120
3	519120	520400
3	520400	524760
3	524760	526920
3	526920	529800
3	529800	532760
3	532760	535040
3	535040	540760
3	540760	542400
3	542400	544880
3	544880	550360
3	550360	556440
3	556440	559440
3	559440	560320
3	560320	561200
3	561200	562440
3	562440	566960
3	566960	571080
3	571080	572240
3	572240	585680
3	585680	590000
3	590000	597480
3	597480	603040
3	603040	614120
3	614120	616120
3	616120	620360
3	620360	622880
3	622880	643400
3	643400	647240
3	647240	652600
3	652600	654680
3	654680	657400
3	657400	663000
3	663000	664680
3	664680	665440
3	665440	665760
4	665760	684120
4	684120	686600
4	686600	688680
4	688680	690760
4	690760	693120
4	693120	694720
4	694720	702040
4	702040	705720
4	705720	707640
4	707640	714000
4	714000	721720
4	721720	726440
4	726440	732600
4	732600	738560
4	738560	740000
4	740000	742280
4	742280	743000
4	743000	752800
5	752800	754720
5	754720	756360
6	756360	762400
6	762400	771760
6	771760	773000
6	773000	775960
7	775960	781360
7	781360	783000
7	783000	785520
7	785520	795400
7	795400	799600
7	799600	803520
7	803520	807560
7	807560	815760
7	815760	819080
7	819080	823360
7	823360	824680
7	824680	826480
7	826480	831200
7	831200	831880
7	831880	832520
7	832520	833880
7	833880	834720
7	834720	835480
7	835480	837000
7	837000	838480
7	838480	841360
7	841360	852600
7	852600	854800
7	854800	857120
7	857120	858640
7	858640	860720
7	860720	860800
7	860800	863400
7	863400	865640
7	865640	866960
7	866960	879240
7	879240	880040
7	880040	880120
7	880120	880560
7	880560	887480
7	887480	890240
7	890240	903120
7	903120	906440
8	906440	910440
8	910440	912320
8	912320	921560
8	921560	922960
8	922960	925840
8	925840	927080
8	927080	928880
8	928880	931560
8	931560	934360
8	934360	937000
8	937000	944720
8	944720	949040
8	949040	951280
8	951280	955800
8	955800	958840
8	958840	970080
8	970080	980800
8	980800	984240
8	984240	991200
8	991200	992760
8	992760	995520
8	995520	1000360
9	1000360	1001520
9	1001520	1002680
9	1002680	1004240
9	1004240	1006520
9	1006520	1008320
9	1008320	1014880
9	1014880	1015520
9	1015520	1015920
9	1015920	1016160
9	1016160	1019720
9	1019720	1021040
9	1021040	1021240
9	1021240	1022320
9	1022320	1025480
9	1025480	1028440
9	1028440	1038560
9	1038560	1041120
9	1041120	1045400
9	1045400	1047360
9	1047360	1048520
9	1048520	1050320
9	1050320	1062760
9	1062760	1064160
9	1064160	1082480
9	1082480	1084440
9	1084440	1089240
9	1089240	1092400
9	1092400	1098840
9	1098840	1099920
9	1099920	1102600
10	1102600	1104800
10	1104800	1106560
10	1106560	1109560
10	1109560	1110080
10	1110080	1112400
10	1112400	1113400
10	1113400	1114600
10	1114600	1116840
10	1116840	1118720
10	1118720	1123360
10	1123360	1125120
10	1125120	1127360
10	1127360	1129080
10	1129080	1131160
10	1131160	1134840
10	1134840	1137040
10	1137040	1138680
10	1138680	1141400
10	1141400	1164160
10	1164160	1166440
10	1166440	1168360
10	1168360	1171840
10	1171840	1179000
10	1179000	1183480
10	1183480	1189400
10	1189400	1193760
11	1193760	1196520
11	1196520	1198640
11	1198640	1200320
12	1200320	1203480
12	1203480	1210880
12	1210880	1218680
12	1218680	1223120
12	1223120	1226520
13	1226520	1227960
13	1227960	1229160
13	1229160	1230120
13	1230120	1231040
13	1231040	1231760
13	1231760	1233080
13	1233080	1234320
13	1234320	1235360
13	1235360	1238200
13	1238200	1239160
13	1239160	1240440
13	1240440	1241040
13	1241040	1243520
13	1243520	1244280
13	1244280	1246360
13	1246360	1247400
13	1247400	1249760
13	1249760	1251120
13	1251120	1251880
13	1251880	1253400
13	1253400	1254480
13	1254480	1255720
13	1255720	1261320
14	1261320	1263800
14	1263800	1265120
14	1265120	1265840
14	1265840	1267280
14	1267280	1268600
14	1268600	1268720
14	1268720	1269760
14	1269760	1270000
14	1270000	1270880
14	1270880	1271720
14	1271720	1272560
14	1272560	1274960
14	1274960	1276160
14	1276160	1276800
14	1276800	1277440
14	1277440	1278160
14	1278160	1281320
14	1281320	1282320
14	1282320	1283040
14	1283040	1283960
15	1283960	1285680
15	1285680	1287560
15	1287560	1288840
15	1288840	1290440
15	1290440	1295120
15	1295120	1296040
15	1296040	1297120
15	1297120	1298080
15	1298080	1300120
15	1300120	1302400
15	1302400	1303320
15	1303320	1304440
15	1304440	1304800
15	1304800	1305280
15	1305280	1306200
15	1306200	1307920
15	1307920	1312760
15	1312760	1317040
15	1317040	1319120
15	1319120	1319360
15	1319360	1320720
15	1320720	1323520
16	1323520	1324920
16	1324920	1329080
16	1329080	1329400
16	1329400	1330080
16	1330080	1330800
16	1330800	1332800
16	1332800	1333560
16	1333560	1334160
16	1334160	1335000
16	1335000	1335520
16	1335520	1335960
16	1335960	1336120
16	1336120	1336680
16	1336680	1336760
16	1336760	1339080
16	1339080	1340440
16	1340440	1343520
16	1343520	1345320
16	1345320	1346280
16	1346280	1347200
16	1347200	1348160
16	1348160	1350080
16	1350080	1350880
16	1350880	1353400
16	1353400	1355160
16	1355160	1356360
17	1356360	1357080
17	1357080	1358160
17	1358160	1359360
17	1359360	1359800
17	1359800	1360160
17	1360160	1360920
17	1360920	1361040
17	1361040	1361800
17	1361800	1365040
17	1365040	1367520
18	1367520	1369560
18	1369560	1373080
18	1373080	1373800
18	1373800	1374800
18	1374800	1377240
18	1377240	1379840
18	1379840	1381400
18	1381400	1384440
18	1384440	1386680
18	1386680	1387720
18	1387720	1389760
18	1389760	1390400
18	1390400	1390960
18	1390960	1392520
18	1392520	1394800
18	1394800	1396640
18	1396640	1397760
18	1397760	1399840
18	1399840	1400400
18	1400400	1400880
18	1400880	1401000
18	1401000	1402520
18	1402520	1403080
18	1403080	1403680
18	1403680	1404480
18	1404480	1405000
18	1405000	1405600
18	1405600	1406360
18	1406360	1407480
18	1407480	1408120
18	1408120	1408720
18	1408720	1409240
18	1409240	1410200
18	1410200	1411480
18	1411480	1412800
18	1412800	1414200
18	1414200	1416720
18	1416720	1418440
18	1418440	1419240
18	1419240	1421840
18	1421840	1423760
18	1423760	1425880
18	1425880	1427200
18	1427200	1428200
18	1428200	1430440
18	1430440	1431760
18	1431760	1433000
18	1433000	1433520
18	1433520	1434040
18	1434040	1437640
18	1437640	1439880
18	1439880	1444160
19	1444160	1457680
19	1457680	1460040
19	1460040	1461840
19	1461840	1463880
19	1463880	1465520
19	1465520	1466120
19	1466120	1468680
19	1468680	1469960
19	1469960	1471680
19	1471680	1474920
19	1474920	1475760
19	1475760	1477400
19	1477400	1479720
19	1479720	1481040
19	1481040	1483880
19	1483880	1486160
19	1486160	1489720
19	1489720	1493760
19	1493760	1499240
19	1499240	1501000
19	1501000	1501800
19	1501800	1502800
19	1502800	1504800
19	1504800	1505840
19	1505840	1506880
19	1506880	1507880
19	1507880	1511600
19	1511600	1512200
19	1512200	1513960
19	1513960	1514960
19	1514960	1515520
19	1515520	1517000
19	1517000	1518080
19	1518080	1518400
19	1518400	1518840
19	1518840	1519000
19	1519000	1519720
19	1519720	1522440
19	1522440	1525080
19	1525080	1527400
19	1527400	1528440
19	1528440	1529720
19	1529720	1531600
19	1531600	1532160
19	1532160	1534600
19	1534600	1535680
19	1535680	1537680
19	1537680	1540480
19	1540480	1545120
19	1545120	1546200
19	1546200	1550160
19	1550160	1551920
19	1551920	1553600
19	1553600	1555000
19	1555000	1556520
19	1556520	1558440
19	1558440	1558680
19	1558680	1560400
19	1560400	1563880
19	1563880	1564520
19	1564520	1564640
19	1564640	1565040
19	1565040	1567920
19	1567920	1569040
19	1569040	1570640
19	1570640	1572000
19	1572000	1574480
19	1574480	1577480
19	1577480	1579440
19	1579440	1580960
19	1580960	1581880
19	1581880	1582880
19	1582880	1583880
19	1583880	1584720
19	1584720	1585200
19	1585200	1585640
19	1585640	1586360
19	1586360	1590240
20	1590240	1592920
20	1592920	1594920
20	1594920	1595560
20	1595560	1596400
20	1596400	1597160
20	1597160	1599000
20	1599000	1600080
20	1600080	1601440
20	1601440	1602120
20	1602120	1607280
20	1607280	1608760
20	1608760	1609880
20	1609880	1610440
20	1610440	1610880
20	1610880	1614880
20	1614880	1616720
20	1616720	1619000
20	1619000	1619760
20	1619760	1620240
20	1620240	1622040
20	1622040	1623840
20	1623840	1626000
20	1626000	1627840
20	1627840	1628640
20	1628640	1629320
20	1629320	1635640
20	1635640	1639560
20	1639560	1641160
20	1641160	1642960
20	1642960	1644680
20	1644680	1646840
20	1646840	1647960
20	1647960	1649160
20	1649160	1650000
20	1650000	1651240
20	1651240	1651840
20	1651840	1652480
20	1652480	1653240
20	1653240	1653560
20	1653560	1654080
20	1654080	1655080
20	1655080	1656520
20	1656520	1658160
20	1658160	1659320
20	1659320	1659880
20	1659880	1660640
20	1660640	1661840
20	1661840	1663680
20	1663680	1670520
20	1670520	1671040
20	1671040	1671800
20	1671800	1675480
20	1675480	1683760
20	1683760	1693720
20	1693720	1703840
20	1703840	1705680
20	1705680	1706200
20	1706200	1708840
20	1708840	1710240
20	1710240	1711560
20	1711560	1712120
20	1712120	1713240
20	1713240	1713920
20	1713920	1715680
20	1715680	1718040
20	1718040	1719240
20	1719240	1719880
20	1719880	1721880
20	1721880	1723560
20	1723560	1726520
20	1726520	1727760
20	1727760	1729480
20	1729480	1731840
20	1731840	1735680
20	1735680	1737680
21	1737680	1738960
21	1738960	1740400
21	1740400	1744600
21	1744600	1745600
21	1745600	1747000
21	1747000	1748120
21	1748120	1748960
21	1748960	1752680
21	1752680	1754480
21	1754480	1755440
21	1755440	1756400
21	1756400	1757480
21	1757480	1759400
21	1759400	1760680
21	1760680	1761880
21	1761880	1771600
21	1771600	1775000
21	1775000	1779760
21	1779760	1783240
21	1783240	1784760
21	1784760	1786120
21	1786120	1789440
21	1789440	1790960
21	1790960	1793560
21	1793560	1795480
21	1795480	1796800
21	1796800	1797800
21	1797800	1799400
21	1799400	1803360
21	1803360	1804360
21	1804360	1805360
21	1805360	1807720
21	1807720	1808760
21	1808760	1813640
21	1813640	1814480
21	1814480	1816160
21	1816160	1819120
21	1819120	1819920
21	1819920	1824440
21	1824440	1835840
22	1835840	1838160
22	1838160	1840480
22	1840480	1841280
22	1841280	1842480
22	1842480	1843640
22	1843640	1848560
22	1848560	1852560
22	1852560	1853160
22	1853160	1854040
22	1854040	1855560
22	1855560	1856560
22	1856560	1860360
22	1860360	1863760
22	1863760	1871200
23	1871200	1871640
23	1871640	1872840
23	1872840	1874560
23	1874560	1876000
23	1876000	1877200
23	1877200	1878440
23	1878440	1879320
23	1879320	1879920
23	1879920	1883800
23	1883800	1884480
23	1884480	1885120
23	1885120	1885720
23	1885720	1887040
23	1887040	1887600
23	1887600	1888080
23	1888080	1889200
23	1889200	1890080
23	1890080	1890800
23	1890800	1891360
23	1891360	1891600
23	1891600	1892240
23	1892240	1893440
23	1893440	1893960
23	1893960	1894480
23	1894480	1894960
23	1894960	1896320
23	1896320	1897360
23	1897360	1898520
23	1898520	1899120
23	1899120	1900720
23	1900720	1901600
23	1901600	1902160
23	1902160	1904040
23	1904040	1904800
23	1904800	1905320
23	1905320	1906520
23	1906520	1908120
23	1908120	1908720
23	1908720	1909280
23	1909280	1909600
23	1909600	1909920
23	1909920	1910280
23	1910280	1910600
23	1910600	1911120
23	1911120	1912480
23	1912480	1913080
23	1913080	1913560
23	1913560	1915400
23	1915400	1915880
23	1915880	1916520
23	1916520	1917280
23	1917280	1921480
23	1921480	1929240
23	1929240	1931640
23	1931640	1933400
23	1933400	1938040
23	1938040	1940280
23	1940280	1941320
23	1941320	1944800
23	1944800	1947560
23	1947560	1948680
23	1948680	1950640
23	1950640	1952640
23	1952640	1955200
23	1955200	1955280
23	1955280	1955440
23	1955440	1955960
23	1955960	1957720
23	1957720	1957960
23	1957960	1961560
23	1961560	1962160
23	1962160	1963080
23	1963080	1964720
23	1964720	1964840
23	1964840	1965320
23	1965320	1966200
23	1966200	1969240
23	1969240	1971760
23	1971760	1973520
23	1973520	1974600
23	1974600	1976520
23	1976520	1977280
23	1977280	1979160
23	1979160	1979760
23	1979760	1981200
23	1981200	1981920
23	1981920	1983680
23	1983680	1985800
23	1985800	1986560
23	1986560	1987080
23	1987080	1988560
23	1988560	1989800
23	1989800	1991720
23	1991720	1994800
23	1994800	1996760
23	1996760	2000240
23	2000240	2000720
23	2000720	2001800
23	2001800	2004000
23	2004000	2006360
23	2006360	2011000
23	2011000	2012200
23	2012200	2013000
23	2013000	2013680
23	2013680	2016560
23	2016560	2017080
23	2017080	2017880
23	2017880	2019280
23	2019280	2022840
23	2022840	2027040
24	2027040	2029920
24	2029920	2033000
24	2033000	2034880
24	2034880	2035840
24	2035840	2039520
24	2039520	2040680
24	2040680	2051080
24	2051080	2052200
24	2052200	2056200
24	2056200	2057800
24	2057800	2059800
24	2059800	2064000
24	2064000	2067160
24	2067160	2067920
24	2067920	2070920
24	2070920	2072000
24	2072000	2073880
24	2073880	2075400
24	2075400	2077240
24	2077240	2078960
24	2078960	2079840
24	2079840	2081200
24	2081200	2083600
24	2083600	2085640
24	2085640	2087640
24	2087640	2089920
24	2089920	2092840
24	2092840	2094680
24	2094680	2097280
24	2097280	2101240
24	2101240	2109560
24	2109560	2111040
24	2111040	2116520
24	2116520	2117440
24	2117440	2118880
24	2118880	2120520
24	2120520	2123760
24	2123760	2124640
24	2124640	2125320
24	2125320	2127520
24	2127520	2130480
24	2130480	2134320
24	2134320	2134880
24	2134880	2135840
24	2135840	2137880
24	2137880	2138960
24	2138960	2140880
24	2140880	2141760
24	2141760	2143880
25	2143880	2147440
25	2147440	2148520
25	2148520	2152320
25	2152320	2153720
25	2153720	2154200
25	2154200	2155960
25	2155960	2157080
25	2157080	2159360
25	2159360	2161800
25	2161800	2163280
25	2163280	2164240
25	2164240	2164320
25	2164320	2164840
25	2164840	2167560
25	2167560	2169840
25	2169840	2172560
25	2172560	2175960
25	2175960	2176920
25	2176920	2177960
25	2177960	2178360
25	2178360	2179760
25	2179760	2181160
25	2181160	2182160
25	2182160	2182440
25	2182440	2184040
25	2184040	2184720
25	2184720	2185760
25	2185760	2187160
25	2187160	2188080
25	2188080	2189760
25	2189760	2192000
25	2192000	2192520
25	2192520	2193800
25	2193800	2194600
25	2194600	2195560
25	2195560	2197160
25	2197160	2197720
25	2197720	2198480
25	2198480	2199360
25	2199360	2200200
25	2200200	2203440
25	2203440	2203880
25	2203880	2205600
25	2205600	2206760
26	2206760	2207840
26	2207840	2210040
26	2210040	2211880
26	2211880	2213960
26	2213960	2216520
26	2216520	2218240
26	2218240	2221520
26	2221520	2223000
26	2223000	2225840
26	2225840	2227560
26	2227560	2228880
26	2228880	2229600
26	2229600	2230360
26	2230360	2232040
26	2232040	2233880
26	2233880	2236560
26	2236560	2237840
26	2237840	2238600
26	2238600	2240800
26	2240800	2241440
26	2241440	2242400
26	2242400	2244800
26	2244800	2245560
26	2245560	2247480
26	2247480	2249760
26	2249760	2249880
26	2249880	2282560
26	2282560	2285160
26	2285160	2286960
26	2286960	2287080
26	2287080	2287640
26	2287640	2289200
26	2289200	2290200
26	2290200	2290760
26	2290760	2291360
26	2291360	2293400
26	2293400	2294560
26	2294560	2299280
26	2299280	2300080
26	2300080	2301440
26	2301440	2302680
26	2302680	2304480
26	2304480	2306440
26	2306440	2307320
26	2307320	2308720
26	2308720	2310800
26	2310800	2312760
26	2312760	2315720
26	2315720	2317280
26	2317280	2318520
26	2318520	2319640
26	2319640	2320520
26	2320520	2321680
26	2321680	2323800
26	2323800	2325200
26	2325200	2325800
26	2325800	2326840
26	2326840	2327320
26	2327320	2327800
26	2327800	2328280
26	2328280	2328960
26	2328960	2329840
26	2329840	2332760
26	2332760	2333240
26	2333240	2333720
26	2333720	2335320
26	2335320	2336320
26	2336320	2337320
26	2337320	2342360
26	2342360	2347000
26	2347000	2349880
26	2349880	2351360
26	2351360	2353720
26	2353720	2354320
26	2354320	2355480
26	2355480	2356160
26	2356160	2357360
26	2357360	2358720
26	2358720	2360280
26	2360280	2361760
26	2361760	2362080
26	2362080	2363000
26	2363000	2363560
26	2363560	2364000
26	2364000	2364840
26	2364840	2365920
26	2365920	2368320
26	2368320	2369040
26	2369040	2370480
26	2370480	2371040
26	2371040	2371440
26	2371440	2371640
26	2371640	2376360
26	2376360	2376560
26	2376560	2377160
26	2377160	2378080
26	2378080	2378880
26	2378880	2379880
26	2379880	2380240
26	2380240	2381880
26	2381880	2382240
26	2382240	2382960
26	2382960	2387200
26	2387200	2393720
26	2393720	2397760
26	2397760	2399120
26	2399120	2401080
26	2401080	2403120
26	2403120	2405520
26	2405520	2408880
26	2408880	2410160
26	2410160	2412080
26	2412080	2414040
26	2414040	2415320
26	2415320	2417560
26	2417560	2423200
26	2423200	2423840
26	2423840	2425200
26	2425200	2427280
26	2427280	2429280
26	2429280	2432280
26	2432280	2438600
26	2438600	2440800
26	2440800	2446640
26	2446640	2451240
26	2451240	2461320
26	2461320	2463440
26	2463440	2468880
26	2468880	2471640
26	2471640	2485400
27	2485400	2487960
27	2487960	2493680
27	2493680	2496440
27	2496440	2497400
27	2497400	2501360
27	2501360	2502200
27	2502200	2504440
27	2504440	2507440
27	2507440	2509600
27	2509600	2512040
27	2512040	2513160
27	2513160	2516400
27	2516400	2520480
27	2520480	2525680
27	2525680	2529480
27	2529480	2530720
27	2530720	2535480
27	2535480	2540080
27	2540080	2544200
27	2544200	2545320
27	2545320	2546240
27	2546240	2547920
27	2547920	2551800
27	2551800	2553880
27	2553880	2554600
27	2554600	2555920
27	2555920	2556680
27	2556680	2557440
27	2557440	2558120
27	2558120	2558880
27	2558880	2560440
27	2560440	2563000
27	2563000	2564040
27	2564040	2578640
28	2578640	2584520
28	2584520	2585160
28	2585160	2586960
28	2586960	2588000
28	2588000	2592440
28	2592440	2594600
28	2594600	2601520
29	2601520	2640440
29	2640440	2642040
29	2642040	2646800
29	2646800	2648800
29	2648800	2655080
29	2655080	2656880
29	2656880	2659360
29	2659360	2662960
29	2662960	2669160
29	2669160	2671520
29	2671520	2674520
29	2674520	2677680
29	2677680	2683800
29	2683800	2685280
29	2685280	2687920
29	2687920	2691720
29	2691720	2693480
29	2693480	2704880
30	2704880	2723080
30	2723080	2727200
30	2727200	2729240
30	2729240	2737920
30	2737920	2744720
30	2744720	2746800
30	2746800	2751680
30	2751680	2757600
30	2757600	2760480
30	2760480	2761400
30	2761400	2762280
30	2762280	2763400
30	2763400	2765280
30	2765280	2766360
30	2766360	2767120
30	2767120	2767320
30	2767320	2768160
30	2768160	2768240
30	2768240	2769480
30	2769480	2770320
30	2770320	2770400
30	2770400	2770880
30	2770880	2771200
30	2771200	2771560
30	2771560	2771800
30	2771800	2772720
30	2772720	2774040
30	2774040	2774240
30	2774240	2774600
30	2774600	2774840
30	2774840	2775520
30	2775520	2783000
30	2783000	2784640
30	2784640	2787120
30	2787120	2788440
30	2788440	2790200
30	2790200	2791240
30	2791240	2791400
30	2791400	2793800
30	2793800	2793960
30	2793960	2794640
30	2794640	2794720
30	2794720	2797480
30	2797480	2797840
30	2797840	2800760
30	2800760	2805320
30	2805320	2806720
30	2806720	2808960
30	2808960	2811600
30	2811600	2817640
30	2817640	2822480
30	2822480	2825880
30	2825880	2826480
30	2826480	2910000
