Scene	start	end
0	0	111000
1	111000	206360
2	206360	270200
3	270200	484920
4	484920	511600
5	511600	548200
6	548200	590440
7	590440	633600
8	633600	641400
9	641400	662640
10	662640	758760
11	758760	933520
12	933520	982880
13	982880	1127240
14	1127240	1314360
15	1314360	1477360
16	1477360	1539440
17	1539440	1718680
18	1718680	1772680
19	1772680	2032320
20	2032320	2116760
21	2116760	2228800
22	2228800	2340640
23	2340640	2381120
24	2381120	2579840
25	2579840	2691480
26	2691480	3105480
27	3105480	3171600
28	3171600	3465120
