Scene	start	end
0	0	109720
1	109720	306320
2	306320	370440
3	370440	543440
4	543440	608720
5	608720	713680
6	713680	874600
7	874600	1051640
8	1051640	1076880
9	1076880	1376800
10	1376800	1626120
11	1626120	1715000
12	1715000	1823800
13	1823800	1990000
14	1990000	2038120
15	2038120	2063800
16	2063800	2343760
17	2343760	2408320
18	2408320	2431240
19	2431240	2514960
20	2514960	2693000
21	2693000	2754440
22	2754440	2946520
23	2946520	3008840
24	3008840	3142520
25	3142520	3169840
26	3169840	3332160
27	3332160	3369640
28	3369640	3447600
