Scene	start	end
0	0	59440
1	59440	161320
2	161320	166200
3	166200	168360
4	168360	171480
5	171480	174240
6	174240	176320
7	176320	179680
8	179680	184600
9	184600	191000
10	191000	193600
11	193600	196240
12	196240	198320
13	198320	221880
14	221880	237760
15	237760	307440
16	307440	333120
17	333120	527480
18	527480	577720
19	577720	620480
20	620480	655760
21	655760	765320
22	765320	834200
23	834200	912640
24	912640	930360
25	930360	1043320
26	1043320	1172200
27	1172200	1243600
28	1243600	1327880
29	1327880	1405720
30	1405720	1503640
31	1503640	1539800
32	1539800	1618480
33	1618480	1688840
34	1688840	1776000
35	1776000	1877440
36	1877440	1907920
37	1907920	1945000
38	1945000	2084720
39	2084720	2102880
40	2102880	2158840
41	2158840	2251080
42	2251080	2363560
43	2363560	2422640
44	2422640	2574000
45	2574000	2620040
46	2620040	2649920
47	2649920	3127440
48	3127440	3144600
