Scene	start	end
0	0	52040
1	52040	168480
2	168480	194320
3	194320	285840
4	285840	337520
5	337520	386600
6	386600	463240
7	463240	532680
8	532680	612200
9	612200	653800
10	653800	690320
11	690320	782800
12	782800	819880
13	819880	904320
14	904320	1033640
15	1033640	1061440
16	1061440	1140160
17	1140160	1179560
18	1179560	1196200
19	1196200	1229520
20	1229520	1245400
21	1245400	1269480
22	1269480	1285440
23	1285440	1407240
24	1407240	1502960
25	1502960	1534800
26	1534800	1607680
27	1607680	1699440
28	1699440	1744320
29	1744320	1769560
30	1769560	1794200
31	1794200	1945360
32	1945360	2056400
33	2056400	2110480
34	2110480	2156240
35	2156240	2399320
36	2399320	2470760
37	2470760	2544560
38	2544560	2598520
39	2598520	2617040
40	2617040	2646960
41	2646960	2668920
42	2668920	2691440
43	2691440	2713680
44	2713680	2739600
45	2739600	2752920
46	2752920	2887600
