Scene	start	end
0	0	52400
1	52400	125600
2	125600	164160
3	164160	256520
4	256520	303680
5	303680	342200
6	342200	367160
7	367160	536000
8	536000	595720
9	595720	629240
10	629240	806920
11	806920	813400
12	813400	840840
13	840840	915360
14	915360	930280
15	930280	968320
16	968320	1048160
17	1048160	1075680
18	1075680	1169400
19	1169400	1219280
20	1219280	1354920
21	1354920	1427640
22	1427640	1670280
23	1670280	1725160
24	1725160	1793360
25	1793360	1873440
26	1873440	2033320
27	2033320	2080240
28	2080240	2149720
29	2149720	2199280
30	2199280	2324200
31	2324200	2479720
32	2479720	2529280
33	2529280	2561920
34	2561920	2609680
35	2609680	2651520
36	2651520	2812680
37	2812680	2843440
38	2843440	2886760
39	2886760	2914200
40	2914200	3049600
