Scene	start	end
0	0	35600
1	35600	137080
2	137080	166360
3	166360	188120
4	188120	223520
5	223520	283960
6	283960	349520
7	349520	409480
8	409480	468760
9	468760	514320
10	514320	601240
11	601240	665200
12	665200	777120
13	777120	871360
14	871360	916160
15	916160	983120
16	983120	1023640
17	1023640	1157400
18	1157400	1205640
19	1205640	1236800
20	1236800	1309040
21	1309040	1380040
22	1380040	1403240
23	1403240	1433400
24	1433400	1584520
25	1584520	1674320
26	1674320	1745240
27	1745240	1798520
28	1798520	1866800
29	1866800	1937760
30	1937760	1996440
31	1996440	2049480
32	2049480	2083480
33	2083480	2175560
34	2175560	2215560
35	2215560	2302640
36	2302640	2369360
37	2369360	2450840
38	2450840	2504520
39	2504520	2528960
40	2528960	2571480
41	2571480	2601640
42	2601640	2682240
43	2682240	2817560
