Scene	start	end
0	0	75160
1	75160	130520
2	130520	217200
3	217200	300720
4	300720	357680
5	357680	401960
6	401960	434360
7	434360	441680
8	441680	446600
9	446600	453120
10	453120	547040
11	547040	588320
12	588320	751040
13	751040	777280
14	777280	893560
15	893560	965560
16	965560	1011120
17	1011120	1159480
18	1159480	1266360
19	1266360	1333960
20	1333960	1373400
21	1373400	1390800
22	1390800	1415880
23	1415880	1422240
24	1422240	1433000
25	1433000	1553080
26	1553080	1651720
27	1651720	1720080
28	1720080	1861200
29	1861200	1962440
30	1962440	2017400
31	2017400	2070240
32	2070240	2123880
33	2123880	2145440
34	2145440	2157840
35	2157840	2172120
36	2172120	2251120
37	2251120	2298320
38	2298320	2334800
39	2334800	2414600
40	2414600	2450320
41	2450320	2513960
42	2513960	2583520
43	2583520	2617880
44	2617880	2678800
45	2678800	2753840
46	2753840	2886600
