Scene	start	end
0	0	55320
1	55320	143040
2	143040	280720
3	280720	307360
4	307360	365960
5	365960	516560
6	516560	565560
7	565560	646600
8	646600	746120
9	746120	844360
10	844360	914560
11	914560	1081920
12	1081920	1147840
13	1147840	1273520
14	1273520	1329960
15	1329960	1435120
16	1435120	1462320
17	1462320	1518160
18	1518160	1569160
19	1569160	1579000
20	1579000	1586560
21	1586560	1600200
22	1600200	1623600
23	1623600	1646320
24	1646320	1671040
25	1671040	1679800
26	1679800	1719440
27	1719440	1727240
28	1727240	1762880
29	1762880	1802200
30	1802200	1848480
31	1848480	1857800
32	1857800	1881840
33	1881840	2016760
34	2016760	2051880
35	2051880	2111800
36	2111800	2252800
37	2252800	2300280
38	2300280	2383120
39	2383120	2433440
40	2433440	2447880
41	2447880	2478320
42	2478320	2570600
43	2570600	2830200
44	2830200	2853640
45	2853640	2909960
46	2909960	3044600
