Scene	start	end
0	0	68080
1	68080	145840
2	145840	335160
3	335160	454160
4	454160	565240
5	565240	673600
6	673600	745960
7	745960	809840
8	809840	840720
9	840720	877280
10	877280	959000
11	959000	1047720
12	1047720	1135560
13	1135560	1161760
14	1161760	1242520
15	1242520	1419160
16	1419160	1447040
17	1447040	1475440
18	1475440	1619200
19	1619200	1837480
20	1837480	1914840
21	1914840	1957520
22	1957520	1985560
23	1985560	2049160
24	2049160	2070360
25	2070360	2089720
26	2089720	2128800
27	2128800	2213080
28	2213080	2545680
29	2545680	2647360
30	2647360	2807240
31	2807240	2950040
32	2950040	2997200
33	2997200	3131680
34	3131680	3149600
