Scene	start	end
0	0	154560
1	154560	227480
2	227480	250000
3	250000	433160
4	433160	539320
5	539320	630880
6	630880	709320
7	709320	744160
8	744160	779600
9	779600	855600
10	855600	930840
11	930840	1029680
12	1029680	1065440
13	1065440	1223760
14	1223760	1246080
15	1246080	1329320
16	1329320	1344520
17	1344520	1627600
18	1627600	1668560
19	1668560	1682240
20	1682240	1714920
21	1714920	1751480
22	1751480	1772920
23	1772920	1795880
24	1795880	1916040
25	1916040	2036760
26	2036760	2115000
27	2115000	2371680
28	2371680	2468000
29	2468000	2704800
30	2704800	2722600
