Scene	start	end
0	0	49560
1	49560	167320
2	167320	251600
3	251600	384040
4	384040	400520
5	400520	467520
6	467520	518160
7	518160	574240
8	574240	674400
9	674400	685520
10	685520	725960
11	725960	781840
12	781840	837920
13	837920	897040
14	897040	967720
15	967720	1047280
16	1047280	1223520
17	1223520	1366760
18	1366760	1517760
19	1517760	1605240
20	1605240	1776040
21	1776040	1831240
22	1831240	1890480
23	1890480	1963320
24	1963320	2077560
25	2077560	2173200
26	2173200	2199120
27	2199120	2289600
28	2289600	2369560
29	2369560	2600800
30	2600800	2701920
31	2701920	2764080
32	2764080	2862040
33	2862040	2942880
34	2942880	3077600
