Scene	start	end
0	0	53920
1	53920	180120
2	180120	267480
3	267480	287760
4	287760	327560
5	327560	343440
6	343440	425680
7	425680	472520
8	472520	490160
9	490160	529200
10	529200	607400
11	607400	625240
12	625240	739800
13	739800	802520
14	802520	929680
15	929680	944920
16	944920	970880
17	970880	1008080
18	1008080	1089480
19	1089480	1308680
20	1308680	1352960
21	1352960	1383680
22	1383680	1408120
23	1408120	1454720
24	1454720	1523160
25	1523160	1572680
26	1572680	1595120
27	1595120	1712240
28	1712240	1758080
29	1758080	1835040
30	1835040	1879360
31	1879360	1947720
32	1947720	2026920
33	2026920	2060280
34	2060280	2089880
35	2089880	2280680
36	2280680	2341680
37	2341680	2401640
38	2401640	2441840
39	2441840	2708000
40	2708000	2783680
41	2783680	2921600
