Scene	start	end
0	0	93480
1	93480	112720
2	112720	202720
3	202720	280480
4	280480	329120
5	329120	422960
6	422960	516280
7	516280	659960
8	659960	714560
9	714560	764240
10	764240	781960
11	781960	899200
12	899200	1031640
13	1031640	1058640
14	1058640	1107280
15	1107280	1141520
16	1141520	1194840
17	1194840	1233520
18	1233520	1351080
19	1351080	1400240
20	1400240	1419480
21	1419480	1442440
22	1442440	1472600
23	1472600	1552480
24	1552480	1661200
25	1661200	1691920
26	1691920	1776760
27	1776760	1818240
28	1818240	2021360
29	2021360	2085080
30	2085080	2103320
31	2103320	2165040
32	2165040	2182320
33	2182320	2204560
34	2204560	2227400
35	2227400	2311520
36	2311520	2354880
37	2354880	2392600
38	2392600	2424200
39	2424200	2493000
40	2493000	2517760
41	2517760	2550680
42	2550680	2687880
43	2687880	2782520
44	2782520	2872840
45	2872840	2964800
46	2964800	3088760
47	3088760	3221600
