Scene	start	end
0	0	59960
1	59960	83640
2	83640	161640
3	161640	253400
4	253400	350320
5	350320	392880
6	392880	446080
7	446080	509000
8	509000	623800
9	623800	700760
10	700760	749720
11	749720	849040
12	849040	889200
13	889200	950760
14	950760	1005960
15	1005960	1028520
16	1028520	1177720
17	1177720	1264680
18	1264680	1299720
19	1299720	1345080
20	1345080	1399600
21	1399600	1557680
22	1557680	1609800
23	1609800	1741600
24	1741600	1757680
25	1757680	1860360
26	1860360	1908680
27	1908680	2001800
28	2001800	2062920
29	2062920	2197000
30	2197000	2250680
31	2250680	2292520
32	2292520	2418080
33	2418080	2495960
34	2495960	2507840
35	2507840	2545800
36	2545800	2740440
37	2740440	2860200
38	2860200	2995600
