Scene	start	end
0	0	54280
1	54280	107120
2	107120	221240
3	221240	316080
4	316080	347440
5	347440	378040
6	378040	446280
7	446280	464720
8	464720	531240
9	531240	607000
10	607000	639000
11	639000	662920
12	662920	723520
13	723520	789440
14	789440	829960
15	829960	977200
16	977200	1074360
17	1074360	1127040
18	1127040	1179000
19	1179000	1214440
20	1214440	1239280
21	1239280	1296800
22	1296800	1325440
23	1325440	1373200
24	1373200	1481080
25	1481080	1558080
26	1558080	1656120
27	1656120	1668160
28	1668160	1963240
29	1963240	2032640
30	2032640	2093680
31	2093680	2168440
32	2168440	2181760
33	2181760	2278680
34	2278680	2445960
35	2445960	2534040
36	2534040	2646280
37	2646280	2665120
38	2665120	2729800
39	2729800	2756720
40	2756720	2762280
41	2762280	2786920
42	2786920	2820480
43	2820480	2839000
44	2839000	2976560
