shot	start	end
0	0	8280
0	8280	9720
0	9720	16400
0	16400	20160
0	20160	24400
0	24400	29960
0	29960	36160
0	36160	38880
0	38880	45560
0	45560	46400
0	46400	49840
0	49840	51320
0	51320	52720
0	52720	54920
0	54920	56480
0	56480	57480
0	57480	59200
0	59200	60280
0	60280	63760
0	63760	65400
0	65400	66160
0	66160	68400
0	68400	69720
0	69720	70880
0	70880	71320
0	71320	72680
0	72680	75080
0	75080	76600
0	76600	84560
0	84560	89080
0	89080	90200
0	90200	91920
0	91920	93480
0	93480	94520
0	94520	98440
0	98440	99560
0	99560	101520
0	101520	105800
0	105800	107480
0	107480	108160
0	108160	110120
0	110120	116000
0	116000	118560
0	118560	121080
0	121080	123160
0	123160	125080
0	125080	127360
0	127360	127840
0	127840	133240
0	133240	135480
0	135480	137840
0	137840	139600
0	139600	141800
0	141800	144760
0	144760	147320
0	147320	156280
0	156280	159920
0	159920	161920
0	161920	169160
0	169160	176160
1	176160	194040
1	194040	195840
1	195840	205040
1	205040	209480
1	209480	213760
1	213760	215640
1	215640	217960
1	217960	219320
1	219320	220680
1	220680	222200
1	222200	223000
1	223000	233360
1	233360	236160
1	236160	237440
1	237440	238920
1	238920	246680
1	246680	251400
1	251400	253120
1	253120	258040
1	258040	259800
1	259800	263080
1	263080	282080
1	282080	285880
1	285880	292240
1	292240	297760
1	297760	299960
1	299960	302680
1	302680	309760
1	309760	312680
1	312680	322800
1	322800	326520
1	326520	329160
1	329160	329920
1	329920	332680
1	332680	337040
1	337040	339240
1	339240	340960
1	340960	353720
2	353720	358800
2	358800	361080
2	361080	366760
2	366760	369520
2	369520	376160
2	376160	378400
2	378400	381920
2	381920	385440
2	385440	391640
2	391640	397840
2	397840	401520
2	401520	403120
2	403120	406200
2	406200	416560
2	416560	426840
2	426840	432160
2	432160	439040
2	439040	440400
2	440400	443720
2	443720	446840
2	446840	450240
2	450240	458320
2	458320	463800
2	463800	466360
2	466360	472320
2	472320	474160
2	474160	476800
2	476800	484480
2	484480	486160
2	486160	490120
2	490120	491840
2	491840	501040
2	501040	506400
2	506400	514600
2	514600	516920
2	516920	521680
2	521680	526160
2	526160	535320
2	535320	537040
2	537040	540560
2	540560	545840
2	545840	549240
2	549240	557080
2	557080	566440
2	566440	570720
2	570720	574360
2	574360	577400
2	577400	585680
2	585680	589680
2	589680	591280
2	591280	592960
2	592960	597600
2	597600	599040
2	599040	602840
2	602840	604440
2	604440	605240
2	605240	605840
2	605840	606880
2	606880	607920
2	607920	608520
2	608520	609360
2	609360	610560
2	610560	612080
2	612080	612760
2	612760	613640
2	613640	615360
2	615360	616640
2	616640	617640
2	617640	618320
2	618320	619080
2	619080	619760
2	619760	621000
2	621000	622600
2	622600	623240
2	623240	623960
2	623960	625360
2	625360	627680
2	627680	629760
2	629760	631120
2	631120	631720
2	631720	632080
2	632080	632320
2	632320	637240
2	637240	638040
2	638040	639000
2	639000	639440
2	639440	641200
2	641200	643040
2	643040	643520
2	643520	645040
2	645040	645680
2	645680	646240
2	646240	647080
2	647080	648040
2	648040	648880
2	648880	651000
2	651000	656560
2	656560	665920
2	665920	670440
2	670440	674200
2	674200	679920
2	679920	685640
2	685640	688240
2	688240	690800
2	690800	692800
2	692800	693760
2	693760	700760
2	700760	702960
2	702960	710040
2	710040	712680
2	712680	715080
2	715080	716240
2	716240	721840
2	721840	724360
2	724360	726640
2	726640	731320
2	731320	737040
2	737040	740120
2	740120	743600
3	743600	749320
3	749320	751760
3	751760	755200
3	755200	756400
3	756400	757320
3	757320	758440
3	758440	777680
3	777680	788560
3	788560	791320
3	791320	795880
3	795880	797880
3	797880	800120
3	800120	801880
3	801880	810080
3	810080	814400
3	814400	815840
3	815840	824240
3	824240	826800
3	826800	828160
3	828160	832440
3	832440	837960
3	837960	839320
3	839320	841000
3	841000	844160
3	844160	847360
3	847360	854320
3	854320	857120
3	857120	858840
3	858840	861120
3	861120	862760
3	862760	865040
3	865040	868320
3	868320	870840
3	870840	878200
3	878200	881520
3	881520	893160
3	893160	898920
3	898920	900400
3	900400	903840
4	903840	907800
4	907800	910320
4	910320	913240
4	913240	915280
4	915280	923000
4	923000	925920
4	925920	928920
4	928920	933440
4	933440	935840
4	935840	940840
4	940840	945720
4	945720	957240
4	957240	960120
4	960120	963600
4	963600	970080
4	970080	976240
4	976240	979240
4	979240	998560
4	998560	1001440
4	1001440	1014640
4	1014640	1015160
4	1015160	1023080
4	1023080	1025880
4	1025880	1028960
4	1028960	1031360
4	1031360	1038880
4	1038880	1040400
4	1040400	1042800
4	1042800	1044280
4	1044280	1045200
4	1045200	1047640
4	1047640	1050520
4	1050520	1052760
4	1052760	1056040
4	1056040	1060280
4	1060280	1064120
4	1064120	1066200
4	1066200	1068600
4	1068600	1072520
4	1072520	1080440
4	1080440	1087480
4	1087480	1093560
4	1093560	1103160
4	1103160	1105120
4	1105120	1106240
4	1106240	1107720
4	1107720	1112240
4	1112240	1118920
4	1118920	1122040
4	1122040	1126280
4	1126280	1136440
4	1136440	1140520
4	1140520	1141640
4	1141640	1144240
4	1144240	1145520
4	1145520	1149800
4	1149800	1162760
5	1162760	1164880
5	1164880	1166240
5	1166240	1168280
5	1168280	1170120
5	1170120	1172480
5	1172480	1175000
5	1175000	1177360
5	1177360	1179560
5	1179560	1181480
5	1181480	1186160
5	1186160	1188760
5	1188760	1196920
5	1196920	1204000
5	1204000	1225360
5	1225360	1235240
5	1235240	1247200
5	1247200	1252400
5	1252400	1256600
5	1256600	1264040
5	1264040	1271480
5	1271480	1285440
5	1285440	1289040
5	1289040	1296720
5	1296720	1301200
5	1301200	1301920
5	1301920	1304000
5	1304000	1305440
5	1305440	1306680
5	1306680	1307560
5	1307560	1308640
5	1308640	1309360
5	1309360	1310000
5	1310000	1310520
5	1310520	1311760
5	1311760	1312360
5	1312360	1312920
5	1312920	1314120
5	1314120	1315200
5	1315200	1318360
5	1318360	1326800
5	1326800	1331640
5	1331640	1336480
5	1336480	1339200
5	1339200	1340360
5	1340360	1348760
5	1348760	1350960
5	1350960	1352440
5	1352440	1359040
5	1359040	1360960
5	1360960	1364120
5	1364120	1371160
5	1371160	1372800
5	1372800	1376600
5	1376600	1377520
5	1377520	1380520
5	1380520	1387280
5	1387280	1389040
5	1389040	1395680
5	1395680	1407040
5	1407040	1432600
5	1432600	1435400
5	1435400	1440760
5	1440760	1442960
5	1442960	1452920
5	1452920	1469160
5	1469160	1482120
5	1482120	1484880
5	1484880	1497920
5	1497920	1509840
5	1509840	1510280
5	1510280	1512480
5	1512480	1517560
5	1517560	1555560
5	1555560	1559360
5	1559360	1562360
5	1562360	1567680
5	1567680	1572840
5	1572840	1576720
5	1576720	1581880
5	1581880	1592200
5	1592200	1594840
5	1594840	1596720
5	1596720	1601480
5	1601480	1608360
5	1608360	1613080
5	1613080	1622960
5	1622960	1626200
5	1626200	1630600
5	1630600	1641920
5	1641920	1647880
5	1647880	1656160
5	1656160	1661000
5	1661000	1663760
5	1663760	1671280
5	1671280	1675880
5	1675880	1678200
5	1678200	1679640
5	1679640	1684720
5	1684720	1694000
5	1694000	1724560
5	1724560	1728840
5	1728840	1761920
5	1761920	1766080
5	1766080	1769720
5	1769720	1771040
5	1771040	1773560
5	1773560	1776720
5	1776720	1778440
5	1778440	1780840
5	1780840	1783520
5	1783520	1792560
5	1792560	1796680
5	1796680	1799360
5	1799360	1802360
5	1802360	1807040
5	1807040	1810160
5	1810160	1813520
5	1813520	1816800
5	1816800	1833080
5	1833080	1837720
5	1837720	1841600
5	1841600	1848400
5	1848400	1855600
5	1855600	1858600
5	1858600	1868800
5	1868800	1874120
5	1874120	1889600
5	1889600	1892240
5	1892240	1896400
5	1896400	1898760
5	1898760	1901800
5	1901800	1903760
5	1903760	1908120
5	1908120	1919920
5	1919920	1932640
5	1932640	1934440
5	1934440	1944160
5	1944160	1947480
5	1947480	1953200
5	1953200	1957120
5	1957120	1960640
5	1960640	1968120
5	1968120	1989120
5	1989120	1994200
5	1994200	1998040
5	1998040	2002360
5	2002360	2015520
5	2015520	2018280
5	2018280	2022280
5	2022280	2026120
5	2026120	2032080
5	2032080	2037120
5	2037120	2047680
5	2047680	2049120
5	2049120	2053040
5	2053040	2059040
5	2059040	2062520
5	2062520	2075080
5	2075080	2080040
5	2080040	2084040
5	2084040	2085920
5	2085920	2088000
5	2088000	2092000
5	2092000	2093880
5	2093880	2097160
5	2097160	2100320
5	2100320	2102720
5	2102720	2104880
5	2104880	2110600
5	2110600	2117280
5	2117280	2128920
5	2128920	2133120
5	2133120	2142040
5	2142040	2149640
5	2149640	2156000
5	2156000	2157960
5	2157960	2160080
5	2160080	2164520
5	2164520	2169000
5	2169000	2170960
5	2170960	2176680
5	2176680	2182560
5	2182560	2185280
5	2185280	2191160
5	2191160	2228480
5	2228480	2238280
5	2238280	2240320
5	2240320	2242760
5	2242760	2244560
5	2244560	2246000
5	2246000	2252880
5	2252880	2255200
5	2255200	2255560
5	2255560	2256160
5	2256160	2256640
5	2256640	2256920
5	2256920	2257320
5	2257320	2257600
5	2257600	2259680
5	2259680	2260040
5	2260040	2260920
5	2260920	2261560
5	2261560	2262400
5	2262400	2262800
5	2262800	2263320
5	2263320	2263840
5	2263840	2264320
5	2264320	2265000
5	2265000	2265480
5	2265480	2265920
5	2265920	2266680
5	2266680	2267160
5	2267160	2267520
5	2267520	2267680
5	2267680	2268320
5	2268320	2268800
5	2268800	2269320
5	2269320	2270200
5	2270200	2271720
5	2271720	2272200
5	2272200	2273120
5	2273120	2273720
5	2273720	2274240
5	2274240	2274880
5	2274880	2275840
5	2275840	2276400
5	2276400	2277880
5	2277880	2278800
5	2278800	2280280
5	2280280	2284080
5	2284080	2286080
5	2286080	2289160
5	2289160	2295360
5	2295360	2302400
5	2302400	2309440
5	2309440	2313080
6	2313080	2317520
6	2317520	2320000
6	2320000	2324360
6	2324360	2328360
6	2328360	2340360
6	2340360	2346800
6	2346800	2348640
6	2348640	2354160
6	2354160	2361280
6	2361280	2368880
6	2368880	2377160
6	2377160	2381360
6	2381360	2394160
6	2394160	2410880
6	2410880	2418400
6	2418400	2429600
6	2429600	2439720
7	2439720	2442120
7	2442120	2446160
7	2446160	2448080
7	2448080	2461080
7	2461080	2463960
7	2463960	2470640
7	2470640	2473200
7	2473200	2474440
7	2474440	2479640
7	2479640	2483680
7	2483680	2486440
8	2486440	2509520
8	2509520	2514520
8	2514520	2520960
8	2520960	2522440
8	2522440	2529560
8	2529560	2535560
8	2535560	2537840
8	2537840	2539640
8	2539640	2542120
8	2542120	2543480
8	2543480	2546720
8	2546720	2553480
8	2553480	2556440
8	2556440	2560520
8	2560520	2561360
8	2561360	2563080
8	2563080	2565120
8	2565120	2571600
8	2571600	2576120
8	2576120	2586600
8	2586600	2589320
8	2589320	2592560
9	2592560	2605080
9	2605080	2608600
9	2608600	2622440
9	2622440	2627720
9	2627720	2629920
9	2629920	2633920
9	2633920	2636600
9	2636600	2654080
9	2654080	2662200
9	2662200	2667800
10	2667800	2699360
10	2699360	2706080
10	2706080	2709080
10	2709080	2717440
10	2717440	2726040
10	2726040	2730280
11	2730280	2765640
11	2765640	2767520
11	2767520	2772320
11	2772320	2774840
