shot	start	end
0	0	19880
0	19880	42080
0	42080	45880
0	45880	51840
0	51840	55440
0	55440	57400
0	57400	59240
0	59240	60280
0	60280	61640
0	61640	63000
0	63000	65080
0	65080	66400
0	66400	68120
0	68120	70880
0	70880	72560
0	72560	74920
0	74920	79080
0	79080	83800
0	83800	85680
0	85680	89480
0	89480	94280
0	94280	96760
0	96760	99080
0	99080	101240
0	101240	109520
1	109520	135520
1	135520	141720
1	141720	147880
1	147880	155800
1	155800	160360
1	160360	164720
1	164720	172680
1	172680	181760
1	181760	192960
1	192960	204440
1	204440	207640
1	207640	215720
1	215720	219160
1	219160	222640
2	222640	226960
2	226960	230000
2	230000	232840
2	232840	234800
2	234800	237200
2	237200	241840
3	241840	248360
3	248360	252000
3	252000	255440
3	255440	256680
3	256680	257880
3	257880	259200
3	259200	263760
4	263760	271840
4	271840	281040
4	281040	286640
4	286640	288880
4	288880	300680
4	300680	307280
4	307280	308840
4	308840	310400
4	310400	315160
4	315160	317480
4	317480	323120
4	323120	328840
4	328840	336160
4	336160	344480
4	344480	359720
5	359720	362000
5	362000	363760
5	363760	370160
5	370160	401200
6	401200	411960
6	411960	416680
6	416680	423040
6	423040	425440
6	425440	427280
6	427280	430400
6	430400	432120
6	432120	438800
6	438800	440400
6	440400	443960
6	443960	446120
6	446120	447680
6	447680	453080
6	453080	457160
6	457160	459440
6	459440	462800
6	462800	464240
6	464240	465000
6	465000	466560
6	466560	470040
6	470040	473080
6	473080	475640
6	475640	486640
6	486640	491360
6	491360	503240
6	503240	510280
6	510280	513200
6	513200	515760
6	515760	518520
6	518520	519600
6	519600	521040
6	521040	527440
6	527440	532240
6	532240	535760
6	535760	538560
7	538560	541360
7	541360	543840
7	543840	546080
7	546080	549000
7	549000	552600
7	552600	558240
7	558240	560920
7	560920	570520
7	570520	572440
7	572440	572960
7	572960	576280
7	576280	581520
7	581520	587280
7	587280	593720
7	593720	596160
7	596160	600200
7	600200	603080
7	603080	607520
7	607520	610840
7	610840	612240
7	612240	616040
7	616040	630040
7	630040	633040
7	633040	635080
7	635080	642240
7	642240	646360
7	646360	649040
7	649040	651840
7	651840	655480
7	655480	659480
7	659480	661360
7	661360	663200
7	663200	688160
7	688160	693840
7	693840	696280
7	696280	698120
7	698120	700200
7	700200	712600
7	712600	714480
7	714480	721840
7	721840	726040
7	726040	731800
7	731800	734200
7	734200	739840
7	739840	747400
7	747400	771360
7	771360	777240
7	777240	792480
8	792480	798920
8	798920	801120
8	801120	805680
8	805680	810120
8	810120	811200
8	811200	815400
8	815400	816520
8	816520	821200
8	821200	822720
8	822720	827680
8	827680	830080
8	830080	832440
9	832440	834720
9	834720	835840
9	835840	836840
9	836840	838000
9	838000	838200
9	838200	838480
9	838480	838680
9	838680	838880
9	838880	840040
9	840040	840240
9	840240	840440
9	840440	840760
9	840760	840920
9	840920	841080
9	841080	843080
9	843080	844000
9	844000	845240
9	845240	846200
9	846200	846600
9	846600	846760
9	846760	847280
9	847280	847480
9	847480	848040
9	848040	849040
9	849040	850720
9	850720	851400
9	851400	852360
9	852360	853440
9	853440	854120
9	854120	856080
9	856080	857160
9	857160	858120
9	858120	859240
9	859240	860600
9	860600	862120
9	862120	863160
9	863160	864000
9	864000	864840
9	864840	865600
9	865600	866760
9	866760	867920
9	867920	868760
9	868760	868960
9	868960	869280
9	869280	869640
9	869640	869920
9	869920	870920
9	870920	871440
9	871440	872600
9	872600	873600
9	873600	874640
9	874640	875880
9	875880	876320
9	876320	877120
9	877120	878160
9	878160	878400
9	878400	878880
9	878880	879560
9	879560	882360
9	882360	884640
9	884640	885640
9	885640	886360
9	886360	886640
9	886640	886840
9	886840	887240
9	887240	888200
9	888200	889160
9	889160	889560
9	889560	889960
9	889960	890600
9	890600	891720
9	891720	891840
9	891840	892000
9	892000	892160
9	892160	892280
9	892280	892440
9	892440	892560
9	892560	892680
9	892680	892920
9	892920	894040
9	894040	894840
9	894840	895120
9	895120	895360
9	895360	895560
9	895560	895800
9	895800	902600
10	902600	914400
10	914400	919200
10	919200	922680
10	922680	928160
10	928160	932120
10	932120	937360
10	937360	938640
10	938640	946920
10	946920	953360
10	953360	957640
10	957640	959680
10	959680	964080
10	964080	966440
10	966440	968560
10	968560	976560
10	976560	978600
10	978600	999960
10	999960	1003120
10	1003120	1006840
10	1006840	1020280
10	1020280	1024440
10	1024440	1045160
10	1045160	1047120
10	1047120	1049360
10	1049360	1052520
10	1052520	1054280
10	1054280	1057960
10	1057960	1060520
10	1060520	1064640
10	1064640	1068560
10	1068560	1073320
10	1073320	1080520
10	1080520	1084640
11	1084640	1088000
11	1088000	1092840
11	1092840	1097760
11	1097760	1108560
12	1108560	1110200
12	1110200	1112400
12	1112400	1115360
12	1115360	1120280
12	1120280	1126560
13	1126560	1128960
13	1128960	1166240
13	1166240	1177880
13	1177880	1187000
13	1187000	1189000
13	1189000	1191360
13	1191360	1195960
13	1195960	1197640
13	1197640	1208440
13	1208440	1213000
13	1213000	1219160
13	1219160	1222200
13	1222200	1225880
13	1225880	1231320
13	1231320	1235160
13	1235160	1238200
13	1238200	1243280
13	1243280	1250160
13	1250160	1253080
13	1253080	1257960
13	1257960	1262800
13	1262800	1264880
13	1264880	1267600
13	1267600	1272720
13	1272720	1285760
13	1285760	1300440
13	1300440	1308920
13	1308920	1334200
13	1334200	1346200
13	1346200	1362840
13	1362840	1372240
13	1372240	1374480
13	1374480	1386400
13	1386400	1391160
13	1391160	1396440
13	1396440	1401600
13	1401600	1406560
13	1406560	1410960
13	1410960	1414040
13	1414040	1416000
13	1416000	1418080
13	1418080	1424240
14	1424240	1438440
14	1438440	1442120
14	1442120	1446280
14	1446280	1446840
14	1446840	1447560
14	1447560	1449960
14	1449960	1451320
14	1451320	1454480
14	1454480	1455240
14	1455240	1457960
14	1457960	1462560
14	1462560	1466720
14	1466720	1469520
14	1469520	1471120
14	1471120	1478760
14	1478760	1483200
14	1483200	1486680
14	1486680	1488640
14	1488640	1490520
14	1490520	1494840
14	1494840	1497880
14	1497880	1502480
14	1502480	1505080
14	1505080	1510440
14	1510440	1511960
14	1511960	1513240
14	1513240	1515360
14	1515360	1516440
14	1516440	1519360
14	1519360	1520880
14	1520880	1522760
14	1522760	1524360
14	1524360	1529400
14	1529400	1532000
14	1532000	1537240
14	1537240	1542600
14	1542600	1543520
14	1543520	1549320
14	1549320	1552920
14	1552920	1554680
14	1554680	1556040
14	1556040	1560480
14	1560480	1563200
14	1563200	1564240
14	1564240	1565520
14	1565520	1571960
14	1571960	1576880
14	1576880	1578520
14	1578520	1579720
14	1579720	1580720
14	1580720	1583680
14	1583680	1584640
14	1584640	1587240
14	1587240	1592840
14	1592840	1597240
14	1597240	1598640
14	1598640	1600320
14	1600320	1602800
14	1602800	1605720
14	1605720	1608680
14	1608680	1610480
14	1610480	1611960
14	1611960	1617120
14	1617120	1619040
14	1619040	1620280
14	1620280	1622120
14	1622120	1623240
14	1623240	1625160
14	1625160	1626680
14	1626680	1628200
14	1628200	1634240
14	1634240	1636600
14	1636600	1639880
14	1639880	1643040
14	1643040	1647920
14	1647920	1653200
14	1653200	1654320
14	1654320	1655960
14	1655960	1657320
14	1657320	1663240
14	1663240	1664240
14	1664240	1664880
14	1664880	1667200
14	1667200	1668280
14	1668280	1670000
14	1670000	1670560
14	1670560	1671120
14	1671120	1671680
14	1671680	1674120
14	1674120	1674800
14	1674800	1680120
14	1680120	1683120
14	1683120	1686160
14	1686160	1687200
14	1687200	1688400
14	1688400	1695720
14	1695720	1698920
14	1698920	1704400
14	1704400	1705680
14	1705680	1706520
14	1706520	1711640
14	1711640	1712760
14	1712760	1715240
14	1715240	1717000
14	1717000	1720520
14	1720520	1727840
14	1727840	1728720
14	1728720	1729640
14	1729640	1730680
14	1730680	1731400
14	1731400	1731760
14	1731760	1732160
14	1732160	1732480
14	1732480	1733680
14	1733680	1734400
14	1734400	1735360
14	1735360	1736320
14	1736320	1737560
14	1737560	1738800
14	1738800	1739760
14	1739760	1740520
14	1740520	1741840
14	1741840	1742920
14	1742920	1744120
14	1744120	1747280
14	1747280	1753160
14	1753160	1758800
14	1758800	1762680
15	1762680	1767320
15	1767320	1769520
15	1769520	1775840
15	1775840	1777840
15	1777840	1780720
15	1780720	1783360
15	1783360	1786840
15	1786840	1788640
15	1788640	1793520
15	1793520	1796680
15	1796680	1798320
15	1798320	1799680
15	1799680	1803600
16	1803600	1806200
16	1806200	1830200
16	1830200	1833320
16	1833320	1837320
16	1837320	1840520
16	1840520	1845080
16	1845080	1848000
16	1848000	1849720
16	1849720	1851560
16	1851560	1852680
16	1852680	1854080
16	1854080	1855120
16	1855120	1857600
16	1857600	1860320
16	1860320	1864840
16	1864840	1866040
16	1866040	1868920
16	1868920	1870880
16	1870880	1874880
16	1874880	1889720
16	1889720	1896360
16	1896360	1898800
16	1898800	1901080
16	1901080	1906400
16	1906400	1909480
16	1909480	1914560
16	1914560	1921560
16	1921560	1923640
16	1923640	1932400
16	1932400	1934000
16	1934000	1935520
16	1935520	1937320
16	1937320	1939080
16	1939080	1941640
16	1941640	1946240
16	1946240	1948360
16	1948360	1961120
16	1961120	1964480
16	1964480	1967120
16	1967120	1968120
16	1968120	1971320
16	1971320	1975120
16	1975120	1976800
16	1976800	1979520
16	1979520	1981680
16	1981680	1983320
16	1983320	1986920
16	1986920	1988760
16	1988760	1997560
16	1997560	2000280
16	2000280	2003960
16	2003960	2005800
16	2005800	2007400
16	2007400	2008600
16	2008600	2011960
16	2011960	2015840
16	2015840	2021120
16	2021120	2022800
16	2022800	2025480
16	2025480	2026920
16	2026920	2031440
16	2031440	2032760
16	2032760	2035600
17	2035600	2037560
17	2037560	2042320
17	2042320	2045920
17	2045920	2057800
17	2057800	2064600
17	2064600	2098600
18	2098600	2106000
18	2106000	2110240
18	2110240	2113280
18	2113280	2119720
18	2119720	2128680
18	2128680	2131120
18	2131120	2136520
18	2136520	2141400
18	2141400	2144560
18	2144560	2148520
18	2148520	2151640
18	2151640	2175720
19	2175720	2193120
19	2193120	2200440
19	2200440	2203000
19	2203000	2204800
19	2204800	2208760
19	2208760	2209880
19	2209880	2211800
19	2211800	2213280
19	2213280	2213960
19	2213960	2214480
19	2214480	2215200
19	2215200	2216360
19	2216360	2217200
19	2217200	2218120
19	2218120	2222360
19	2222360	2224880
19	2224880	2227600
19	2227600	2234800
19	2234800	2245000
19	2245000	2257800
20	2257800	2266880
20	2266880	2274920
20	2274920	2277280
20	2277280	2279720
20	2279720	2283760
20	2283760	2293200
21	2293200	2299080
21	2299080	2318400
21	2318400	2328360
21	2328360	2335960
21	2335960	2338160
21	2338160	2346760
21	2346760	2359480
21	2359480	2361480
21	2361480	2364400
21	2364400	2373720
21	2373720	2377320
21	2377320	2378880
21	2378880	2391400
21	2391400	2394720
21	2394720	2406400
21	2406400	2414320
21	2414320	2416400
21	2416400	2427360
21	2427360	2430080
21	2430080	2435560
21	2435560	2439320
21	2439320	2445680
21	2445680	2447280
21	2447280	2453240
21	2453240	2456040
21	2456040	2457800
21	2457800	2459000
21	2459000	2460240
21	2460240	2467280
21	2467280	2477920
21	2477920	2479960
21	2479960	2484560
21	2484560	2486760
21	2486760	2488560
21	2488560	2490840
21	2490840	2500400
21	2500400	2501800
21	2501800	2505120
21	2505120	2507080
21	2507080	2513760
21	2513760	2515720
21	2515720	2517360
21	2517360	2523760
21	2523760	2524440
21	2524440	2527720
21	2527720	2529760
21	2529760	2530840
21	2530840	2531240
21	2531240	2532520
21	2532520	2533000
21	2533000	2536120
21	2536120	2536880
21	2536880	2538480
21	2538480	2539880
21	2539880	2542080
21	2542080	2544920
21	2544920	2546920
21	2546920	2548920
21	2548920	2550200
21	2550200	2551760
21	2551760	2555440
21	2555440	2556960
21	2556960	2558800
21	2558800	2561360
21	2561360	2563920
21	2563920	2572120
21	2572120	2574280
21	2574280	2579960
21	2579960	2581600
21	2581600	2583760
21	2583760	2585320
21	2585320	2586560
21	2586560	2592280
21	2592280	2596920
21	2596920	2601080
21	2601080	2604520
21	2604520	2606680
21	2606680	2608600
21	2608600	2610600
21	2610600	2613320
21	2613320	2620840
21	2620840	2627400
21	2627400	2630240
21	2630240	2631320
21	2631320	2643000
21	2643000	2648080
21	2648080	2651760
21	2651760	2656800
21	2656800	2664720
21	2664720	2714920
21	2714920	2725160
22	2725160	2760200
22	2760200	2762120
22	2762120	2766920
22	2766920	2769440
