shot	start	end
0	0	6440
0	6440	10320
0	10320	13880
0	13880	24920
0	24920	26680
0	26680	28080
0	28080	29240
0	29240	30560
0	30560	31840
0	31840	35280
0	35280	36000
0	36000	37200
0	37200	39520
0	39520	40240
0	40240	40920
0	40920	41520
0	41520	42200
0	42200	43040
0	43040	43640
0	43640	44600
0	44600	45560
0	45560	46760
0	46760	47760
0	47760	48560
0	48560	49400
0	49400	54400
0	54400	57880
0	57880	65720
0	65720	72800
0	72800	87160
0	87160	88600
0	88600	92280
0	92280	96720
0	96720	102080
0	102080	106600
0	106600	110360
0	110360	122040
0	122040	125440
0	125440	136200
0	136200	143960
0	143960	145880
0	145880	186480
0	186480	198200
0	198200	203920
0	203920	212360
0	212360	219600
1	219600	220560
1	220560	243480
2	243480	263720
2	263720	268440
2	268440	271560
2	271560	273400
2	273400	274640
2	274640	278920
2	278920	281880
2	281880	284360
2	284360	287840
2	287840	289920
2	289920	292240
2	292240	294640
2	294640	300960
3	300960	304600
3	304600	308120
3	308120	311400
3	311400	315240
3	315240	319360
3	319360	331400
3	331400	333360
3	333360	336040
3	336040	341120
3	341120	344280
3	344280	349520
3	349520	350960
3	350960	352200
3	352200	354360
3	354360	356080
3	356080	357920
3	357920	360160
3	360160	362080
3	362080	363640
3	363640	367920
3	367920	369680
3	369680	371640
3	371640	373360
3	373360	376880
3	376880	378800
3	378800	379760
3	379760	380840
3	380840	383920
3	383920	385920
3	385920	387800
3	387800	390280
3	390280	391640
3	391640	393400
4	393400	410840
4	410840	417160
4	417160	418960
4	418960	424280
4	424280	428200
4	428200	429200
4	429200	430600
4	430600	438080
4	438080	448480
4	448480	455920
4	455920	458720
4	458720	461520
4	461520	472200
4	472200	474920
4	474920	488240
4	488240	489600
4	489600	490800
4	490800	492600
4	492600	494960
4	494960	497040
4	497040	500440
4	500440	503280
4	503280	504640
4	504640	510880
4	510880	516480
5	516480	523360
5	523360	527280
5	527280	538280
5	538280	551920
5	551920	554760
5	554760	557320
5	557320	562040
5	562040	567440
6	567440	574120
6	574120	577240
6	577240	583680
6	583680	587080
6	587080	591720
6	591720	596840
7	596840	605840
7	605840	606840
7	606840	607760
7	607760	608240
7	608240	608560
7	608560	609600
7	609600	610880
7	610880	614600
8	614600	616640
8	616640	617880
8	617880	619800
8	619800	620920
8	620920	622040
8	622040	626840
8	626840	643560
8	643560	651720
8	651720	657200
8	657200	661200
8	661200	662720
8	662720	663800
8	663800	666720
8	666720	668400
8	668400	669720
8	669720	670880
8	670880	677520
8	677520	679160
8	679160	683960
8	683960	690360
8	690360	698400
8	698400	703120
8	703120	709600
8	709600	713320
8	713320	722280
8	722280	725080
8	725080	729600
8	729600	731320
8	731320	738400
8	738400	739000
8	739000	741000
8	741000	741960
8	741960	743320
8	743320	744920
8	744920	748520
8	748520	750960
8	750960	752520
8	752520	755480
8	755480	759400
8	759400	761880
8	761880	770080
8	770080	772320
8	772320	773480
8	773480	774880
8	774880	777640
9	777640	780520
9	780520	927560
10	927560	932080
10	932080	939120
10	939120	941240
10	941240	943880
10	943880	959920
10	959920	961840
10	961840	965960
11	965960	970480
11	970480	975800
11	975800	978240
11	978240	986520
11	986520	991320
11	991320	995440
11	995440	998560
11	998560	1001600
11	1001600	1003520
11	1003520	1009600
11	1009600	1012000
11	1012000	1016600
11	1016600	1019160
11	1019160	1021080
11	1021080	1026640
11	1026640	1029080
11	1029080	1030880
12	1030880	1046360
13	1046360	1056320
13	1056320	1064640
13	1064640	1071480
13	1071480	1074680
13	1074680	1080480
13	1080480	1087720
13	1087720	1098440
13	1098440	1102800
13	1102800	1110120
13	1110120	1113080
14	1113080	1121880
14	1121880	1125640
14	1125640	1129960
14	1129960	1152440
14	1152440	1156440
14	1156440	1167800
14	1167800	1169680
14	1169680	1173400
15	1173400	1183240
15	1183240	1187240
15	1187240	1202880
15	1202880	1205400
15	1205400	1208720
15	1208720	1211120
15	1211120	1217920
15	1217920	1219120
15	1219120	1221760
15	1221760	1222840
15	1222840	1231760
16	1231760	1234160
16	1234160	1248840
16	1248840	1271080
16	1271080	1304600
17	1304600	1307160
17	1307160	1310040
17	1310040	1312880
17	1312880	1330240
17	1330240	1333840
17	1333840	1338680
17	1338680	1342760
17	1342760	1345720
17	1345720	1349280
17	1349280	1351960
17	1351960	1353640
17	1353640	1356440
17	1356440	1359080
17	1359080	1361320
17	1361320	1364840
17	1364840	1366000
17	1366000	1367040
17	1367040	1371000
17	1371000	1372560
17	1372560	1375080
17	1375080	1380400
17	1380400	1382520
17	1382520	1383760
17	1383760	1385240
17	1385240	1387280
17	1387280	1389640
17	1389640	1391280
17	1391280	1396840
17	1396840	1404440
17	1404440	1411720
17	1411720	1413960
17	1413960	1420120
17	1420120	1422440
17	1422440	1424560
17	1424560	1429360
17	1429360	1432440
17	1432440	1434680
17	1434680	1435440
17	1435440	1436280
17	1436280	1437200
17	1437200	1437960
17	1437960	1439240
17	1439240	1440480
17	1440480	1441360
17	1441360	1442400
17	1442400	1443200
17	1443200	1443920
17	1443920	1445240
17	1445240	1447040
17	1447040	1448480
17	1448480	1450640
17	1450640	1472280
17	1472280	1474600
17	1474600	1498360
17	1498360	1506440
17	1506440	1508120
17	1508120	1510280
17	1510280	1511800
17	1511800	1514920
17	1514920	1516520
17	1516520	1519360
17	1519360	1521000
17	1521000	1522800
17	1522800	1524920
17	1524920	1528040
17	1528040	1529480
17	1529480	1531000
17	1531000	1532280
17	1532280	1535360
17	1535360	1537880
17	1537880	1540600
17	1540600	1542920
17	1542920	1545960
17	1545960	1547000
17	1547000	1548960
17	1548960	1551640
17	1551640	1554080
17	1554080	1557280
18	1557280	1568800
18	1568800	1573600
18	1573600	1585560
18	1585560	1592200
18	1592200	1597760
18	1597760	1600560
18	1600560	1604520
18	1604520	1606720
18	1606720	1608040
18	1608040	1610200
18	1610200	1611760
18	1611760	1613040
18	1613040	1615240
18	1615240	1617200
18	1617200	1620760
18	1620760	1629360
18	1629360	1631240
18	1631240	1631840
18	1631840	1633120
18	1633120	1637080
18	1637080	1640760
18	1640760	1643840
18	1643840	1647040
18	1647040	1656480
18	1656480	1658000
18	1658000	1663000
18	1663000	1664880
18	1664880	1666480
18	1666480	1673000
18	1673000	1676360
18	1676360	1682840
18	1682840	1687320
18	1687320	1691120
18	1691120	1693280
18	1693280	1697920
18	1697920	1712400
18	1712400	1714960
18	1714960	1718480
18	1718480	1720080
18	1720080	1724520
18	1724520	1726960
18	1726960	1730440
18	1730440	1732720
19	1732720	1736240
19	1736240	1739360
19	1739360	1742480
19	1742480	1749840
19	1749840	1751520
19	1751520	1752960
19	1752960	1754840
19	1754840	1757440
19	1757440	1768400
19	1768400	1773040
19	1773040	1778280
19	1778280	1781920
19	1781920	1783360
19	1783360	1788760
19	1788760	1799760
19	1799760	1809720
19	1809720	1811080
19	1811080	1812480
19	1812480	1815040
19	1815040	1817360
19	1817360	1819280
19	1819280	1821400
19	1821400	1823240
20	1823240	1828440
20	1828440	1837080
20	1837080	1842960
20	1842960	1845360
20	1845360	1852960
21	1852960	1857040
21	1857040	1859880
21	1859880	1863400
21	1863400	1865400
21	1865400	1871760
21	1871760	1880400
21	1880400	1883200
21	1883200	1892360
21	1892360	1897360
21	1897360	1900760
21	1900760	1904040
21	1904040	1905520
21	1905520	1907120
21	1907120	1909800
21	1909800	1912520
21	1912520	1918280
21	1918280	1923760
21	1923760	1929360
21	1929360	1935520
21	1935520	1939840
21	1939840	1948920
21	1948920	1950600
21	1950600	1951920
21	1951920	1958120
21	1958120	1959560
21	1959560	1964120
21	1964120	1966520
21	1966520	1969760
21	1969760	1970480
21	1970480	1972520
21	1972520	1982920
21	1982920	1985960
21	1985960	1987600
21	1987600	1992480
21	1992480	1994920
21	1994920	1996720
21	1996720	2003520
21	2003520	2010280
21	2010280	2014720
21	2014720	2017200
21	2017200	2020840
21	2020840	2024840
21	2024840	2029480
21	2029480	2032640
21	2032640	2034880
21	2034880	2037880
22	2037880	2048160
22	2048160	2051200
22	2051200	2059920
22	2059920	2064680
22	2064680	2070160
22	2070160	2075640
22	2075640	2078000
22	2078000	2082960
22	2082960	2084720
22	2084720	2087200
22	2087200	2091520
22	2091520	2094680
22	2094680	2096640
22	2096640	2098160
22	2098160	2099520
22	2099520	2102920
22	2102920	2106240
22	2106240	2116800
22	2116800	2124880
22	2124880	2129160
22	2129160	2134080
22	2134080	2135840
22	2135840	2140480
23	2140480	2174480
23	2174480	2182960
23	2182960	2190160
23	2190160	2192720
23	2192720	2195000
23	2195000	2196920
23	2196920	2198440
23	2198440	2199600
23	2199600	2204840
23	2204840	2208720
23	2208720	2211720
23	2211720	2213080
23	2213080	2215600
23	2215600	2225240
23	2225240	2237240
23	2237240	2238160
23	2238160	2242040
23	2242040	2244120
23	2244120	2245240
23	2245240	2246520
23	2246520	2246960
23	2246960	2247880
23	2247880	2248920
23	2248920	2250680
23	2250680	2252160
23	2252160	2253760
23	2253760	2254960
23	2254960	2255480
23	2255480	2257200
23	2257200	2258840
23	2258840	2261480
23	2261480	2267040
23	2267040	2267680
23	2267680	2269360
23	2269360	2280200
23	2280200	2284200
23	2284200	2292360
24	2292360	2295920
24	2295920	2298160
24	2298160	2307440
24	2307440	2319520
24	2319520	2322240
24	2322240	2325440
24	2325440	2336000
24	2336000	2337920
24	2337920	2341320
24	2341320	2344920
24	2344920	2348960
24	2348960	2357320
24	2357320	2360080
24	2360080	2362840
24	2362840	2369600
24	2369600	2371880
24	2371880	2373240
24	2373240	2379320
24	2379320	2398640
24	2398640	2398840
24	2398840	2400280
24	2400280	2401440
24	2401440	2402640
24	2402640	2403920
24	2403920	2404200
24	2404200	2404880
24	2404880	2405560
24	2405560	2406240
24	2406240	2406720
24	2406720	2407280
24	2407280	2408040
24	2408040	2408680
24	2408680	2410520
24	2410520	2411080
24	2411080	2411560
24	2411560	2412120
24	2412120	2412640
24	2412640	2412920
24	2412920	2413200
24	2413200	2413680
24	2413680	2413960
24	2413960	2414280
24	2414280	2414880
24	2414880	2415360
24	2415360	2415800
24	2415800	2416040
24	2416040	2416280
24	2416280	2416400
24	2416400	2416560
24	2416560	2416800
24	2416800	2416920
24	2416920	2417240
24	2417240	2417960
24	2417960	2418360
24	2418360	2419280
24	2419280	2420000
24	2420000	2420400
24	2420400	2420800
24	2420800	2420920
24	2420920	2421080
24	2421080	2421200
24	2421200	2421280
24	2421280	2421440
24	2421440	2421920
24	2421920	2422200
24	2422200	2422520
24	2422520	2422880
24	2422880	2422960
24	2422960	2423120
24	2423120	2423160
24	2423160	2423400
24	2423400	2423440
24	2423440	2423480
24	2423480	2423520
24	2423520	2423880
24	2423880	2424200
24	2424200	2424480
24	2424480	2424800
24	2424800	2425280
24	2425280	2425760
24	2425760	2426360
24	2426360	2426720
24	2426720	2426760
24	2426760	2427800
24	2427800	2428120
24	2428120	2428520
24	2428520	2428800
24	2428800	2429120
24	2429120	2429520
24	2429520	2429880
24	2429880	2430800
24	2430800	2431280
24	2431280	2431760
24	2431760	2432360
24	2432360	2433360
24	2433360	2434920
24	2434920	2436040
24	2436040	2436560
24	2436560	2437080
24	2437080	2437720
24	2437720	2438360
24	2438360	2439480
24	2439480	2440200
24	2440200	2441960
24	2441960	2443240
24	2443240	2444120
24	2444120	2444760
24	2444760	2445760
24	2445760	2446640
24	2446640	2447080
24	2447080	2452040
24	2452040	2453160
24	2453160	2453960
24	2453960	2454960
24	2454960	2456160
24	2456160	2457760
24	2457760	2472360
24	2472360	2476440
24	2476440	2479320
24	2479320	2484640
24	2484640	2487440
24	2487440	2490280
24	2490280	2491440
24	2491440	2499280
24	2499280	2502080
24	2502080	2503680
24	2503680	2506640
24	2506640	2513280
24	2513280	2514920
24	2514920	2516240
24	2516240	2517560
24	2517560	2527800
25	2527800	2528680
25	2528680	2530280
25	2530280	2531800
25	2531800	2533760
25	2533760	2535080
25	2535080	2537440
25	2537440	2539720
25	2539720	2545880
25	2545880	2548840
25	2548840	2549640
25	2549640	2552840
25	2552840	2555960
25	2555960	2558200
25	2558200	2561960
25	2561960	2564560
25	2564560	2566360
25	2566360	2568040
25	2568040	2569840
25	2569840	2576640
25	2576640	2578240
25	2578240	2582520
25	2582520	2583080
25	2583080	2585240
25	2585240	2586360
25	2586360	2591120
25	2591120	2593520
25	2593520	2594520
25	2594520	2596280
25	2596280	2597640
25	2597640	2602720
25	2602720	2606040
25	2606040	2615640
25	2615640	2618480
25	2618480	2621920
25	2621920	2625040
25	2625040	2626840
25	2626840	2630160
25	2630160	2639120
25	2639120	2641280
25	2641280	2643880
25	2643880	2646440
25	2646440	2647440
25	2647440	2653760
25	2653760	2654760
25	2654760	2655440
25	2655440	2656920
25	2656920	2660440
25	2660440	2665200
26	2665200	2679520
26	2679520	2683480
26	2683480	2688920
26	2688920	2696720
26	2696720	2698240
26	2698240	2700400
26	2700400	2701840
26	2701840	2703560
26	2703560	2709600
26	2709600	2715720
26	2715720	2717880
26	2717880	2722200
26	2722200	2724760
26	2724760	2728800
26	2728800	2731640
26	2731640	2733400
26	2733400	2734560
26	2734560	2735520
26	2735520	2736640
26	2736640	2738720
26	2738720	2740320
26	2740320	2741520
26	2741520	2742200
26	2742200	2743400
26	2743400	2744400
26	2744400	2745360
26	2745360	2746640
26	2746640	2748840
26	2748840	2750080
26	2750080	2751720
26	2751720	2753360
26	2753360	2755320
26	2755320	2760800
26	2760800	2765360
26	2765360	2768480
26	2768480	2775440
26	2775440	2778560
26	2778560	2780960
26	2780960	2784720
26	2784720	2788360
26	2788360	2791400
26	2791400	2807160
27	2807160	2812040
27	2812040	2818680
27	2818680	2822560
27	2822560	2825760
27	2825760	2830880
27	2830880	2834520
27	2834520	2836000
27	2836000	2837680
27	2837680	2839680
27	2839680	2842280
27	2842280	2847760
27	2847760	2856240
27	2856240	2861640
27	2861640	2863120
27	2863120	2865200
27	2865200	2867680
27	2867680	2868880
27	2868880	2870000
27	2870000	2878800
27	2878800	2881400
27	2881400	2884160
27	2884160	2894400
27	2894400	2907320
27	2907320	2909000
27	2909000	2911160
27	2911160	2920000
27	2920000	2921920
27	2921920	2924240
27	2924240	2926520
27	2926520	2928600
27	2928600	2930520
27	2930520	2934080
27	2934080	2936440
27	2936440	2939960
27	2939960	2942720
27	2942720	2945640
27	2945640	2948320
27	2948320	2949840
27	2949840	2954200
27	2954200	2955840
27	2955840	2956840
27	2956840	2957760
27	2957760	2958760
27	2958760	2959720
27	2959720	2961080
27	2961080	2961920
27	2961920	2965240
27	2965240	2967600
27	2967600	2969640
27	2969640	2970680
27	2970680	2975120
27	2975120	2976200
27	2976200	2977000
27	2977000	2977680
27	2977680	2979640
27	2979640	2980400
27	2980400	2981320
27	2981320	2981880
27	2981880	2982320
27	2982320	2982800
27	2982800	2986440
27	2986440	2989720
27	2989720	2992560
27	2992560	2994320
27	2994320	2996160
27	2996160	3009200
27	3009200	3014640
27	3014640	3022000
27	3022000	3022640
27	3022640	3024760
27	3024760	3029160
27	3029160	3038440
27	3038440	3054480
27	3054480	3058160
27	3058160	3063360
27	3063360	3066560
27	3066560	3070080
27	3070080	3084720
27	3084720	3089520
27	3089520	3091880
27	3091880	3111680
27	3111680	3115680
27	3115680	3119120
27	3119120	3139360
27	3139360	3144920
27	3144920	3162640
27	3162640	3170320
27	3170320	3175040
28	3175040	3192160
28	3192160	3215720
28	3215720	3246280
28	3246280	3291600
29	3291600	3335640
29	3335640	3342080
29	3342080	3344560
