shot	start	end
0	0	13720
0	13720	17720
0	17720	22280
0	22280	29960
0	29960	34280
0	34280	37040
0	37040	44840
0	44840	47120
0	47120	50400
0	50400	58200
0	58200	61080
0	61080	69600
0	69600	72600
0	72600	81680
0	81680	83800
0	83800	85960
0	85960	87520
0	87520	89840
0	89840	92600
0	92600	95680
0	95680	108440
0	108440	111200
0	111200	115560
0	115560	124000
0	124000	127600
0	127600	130320
0	130320	134000
0	134000	134720
0	134720	139000
0	139000	142520
0	142520	151880
0	151880	154440
0	154440	161440
0	161440	165160
0	165160	172680
0	172680	177680
1	177680	194200
1	194200	195480
1	195480	196840
1	196840	199920
1	199920	203200
1	203200	217400
2	217400	247880
2	247880	252400
2	252400	261200
2	261200	264320
2	264320	270120
2	270120	272440
2	272440	274600
2	274600	276840
2	276840	281080
2	281080	282960
2	282960	286160
3	286160	293920
3	293920	308480
3	308480	319440
3	319440	325280
3	325280	335040
3	335040	339640
3	339640	341880
3	341880	344400
3	344400	349720
3	349720	351480
3	351480	353440
3	353440	354800
3	354800	356600
3	356600	362400
3	362400	364440
3	364440	369760
3	369760	372240
3	372240	374720
3	374720	376960
3	376960	380520
3	380520	383560
3	383560	385640
3	385640	386720
3	386720	389120
3	389120	390280
3	390280	392840
3	392840	403040
3	403040	405400
3	405400	406960
3	406960	408560
3	408560	411120
3	411120	412520
3	412520	415760
3	415760	427200
3	427200	430400
3	430400	433040
3	433040	436320
3	436320	441280
3	441280	443440
3	443440	446520
3	446520	448240
3	448240	452520
3	452520	455480
3	455480	458720
3	458720	460720
3	460720	463360
3	463360	467360
4	467360	473720
4	473720	488760
4	488760	495040
4	495040	497480
4	497480	499400
4	499400	502800
4	502800	504560
4	504560	506120
4	506120	510640
4	510640	512760
4	512760	521400
4	521400	523520
4	523520	525400
4	525400	527680
4	527680	531200
4	531200	535360
4	535360	539480
4	539480	541280
4	541280	548720
4	548720	553880
4	553880	557480
4	557480	561560
4	561560	567240
4	567240	570120
4	570120	575280
4	575280	578800
5	578800	582640
5	582640	584680
5	584680	586600
5	586600	588800
5	588800	601840
5	601840	612920
5	612920	628920
5	628920	651520
5	651520	653600
5	653600	656640
5	656640	675960
5	675960	679040
5	679040	681480
5	681480	687040
5	687040	688640
5	688640	690440
5	690440	693280
5	693280	695520
5	695520	699240
5	699240	701920
5	701920	708000
5	708000	709240
5	709240	710440
5	710440	712120
5	712120	716000
5	716000	718720
5	718720	720160
5	720160	725520
5	725520	728520
5	728520	730800
5	730800	733240
5	733240	736720
5	736720	738520
5	738520	740400
5	740400	741440
5	741440	744440
5	744440	745400
5	745400	746760
5	746760	750720
5	750720	751720
5	751720	753000
5	753000	757640
5	757640	758640
5	758640	760280
5	760280	762360
5	762360	763640
5	763640	766880
5	766880	770680
5	770680	783000
5	783000	784520
5	784520	786200
5	786200	788600
5	788600	790160
5	790160	792200
5	792200	798840
5	798840	803040
5	803040	806520
5	806520	808040
5	808040	810000
5	810000	814000
5	814000	817240
5	817240	819880
5	819880	823800
5	823800	829440
5	829440	834360
5	834360	836280
5	836280	840560
5	840560	846600
6	846600	851600
6	851600	853480
6	853480	864240
6	864240	870800
6	870800	879360
6	879360	881200
6	881200	891720
6	891720	898040
6	898040	899640
6	899640	902520
6	902520	908560
6	908560	912240
6	912240	918320
6	918320	920360
6	920360	923360
6	923360	925800
6	925800	936040
6	936040	938240
6	938240	942120
6	942120	945360
6	945360	947320
6	947320	950760
7	950760	994560
7	994560	1025440
7	1025440	1025960
7	1025960	1027520
7	1027520	1064800
7	1064800	1070400
7	1070400	1074400
7	1074400	1076880
7	1076880	1079520
7	1079520	1081880
7	1081880	1083280
7	1083280	1088160
7	1088160	1097720
7	1097720	1103880
7	1103880	1108400
7	1108400	1110160
7	1110160	1110920
7	1110920	1111600
7	1111600	1112080
7	1112080	1117520
7	1117520	1121120
7	1121120	1122640
7	1122640	1123960
7	1123960	1128040
7	1128040	1131120
7	1131120	1131920
7	1131920	1134320
7	1134320	1143280
7	1143280	1146440
8	1146440	1155080
8	1155080	1163480
8	1163480	1168760
8	1168760	1173440
8	1173440	1175360
8	1175360	1183000
8	1183000	1186120
8	1186120	1191920
8	1191920	1196360
8	1196360	1225800
8	1225800	1244440
8	1244440	1247600
8	1247600	1257760
8	1257760	1260080
8	1260080	1263680
8	1263680	1292280
8	1292280	1296600
8	1296600	1302280
9	1302280	1311440
9	1311440	1381040
9	1381040	1384800
9	1384800	1387200
9	1387200	1388320
9	1388320	1389640
9	1389640	1397160
9	1397160	1398720
9	1398720	1400640
9	1400640	1408720
10	1408720	1411120
10	1411120	1411920
10	1411920	1414480
10	1414480	1422040
10	1422040	1426160
10	1426160	1428600
10	1428600	1432120
10	1432120	1436040
10	1436040	1439000
10	1439000	1445600
10	1445600	1450080
10	1450080	1455480
10	1455480	1458400
10	1458400	1466280
10	1466280	1471200
10	1471200	1478080
10	1478080	1482520
10	1482520	1485760
10	1485760	1494400
10	1494400	1507000
10	1507000	1512440
11	1512440	1521840
11	1521840	1524120
11	1524120	1528080
11	1528080	1532280
11	1532280	1535360
11	1535360	1541600
11	1541600	1542960
11	1542960	1546280
11	1546280	1553960
11	1553960	1557560
11	1557560	1565480
11	1565480	1567440
11	1567440	1576120
11	1576120	1578240
11	1578240	1579720
11	1579720	1581720
11	1581720	1582960
11	1582960	1586960
11	1586960	1591400
12	1591400	1599520
12	1599520	1604080
12	1604080	1605960
12	1605960	1610120
12	1610120	1611680
12	1611680	1614040
12	1614040	1615920
12	1615920	1624200
12	1624200	1626160
13	1626160	1638640
13	1638640	1640480
13	1640480	1645880
13	1645880	1647840
13	1647840	1651440
13	1651440	1654440
13	1654440	1658200
13	1658200	1664920
13	1664920	1669000
13	1669000	1671200
13	1671200	1672600
13	1672600	1673800
13	1673800	1681320
13	1681320	1683520
13	1683520	1686600
13	1686600	1688840
13	1688840	1690880
13	1690880	1692480
13	1692480	1696080
13	1696080	1697600
13	1697600	1699360
13	1699360	1700440
13	1700440	1703480
14	1703480	1713600
14	1713600	1717520
15	1717520	1731040
15	1731040	1733640
15	1733640	1737160
15	1737160	1740720
15	1740720	1742200
15	1742200	1750960
15	1750960	1757360
15	1757360	1765960
15	1765960	1771000
15	1771000	1773320
15	1773320	1775240
15	1775240	1778720
15	1778720	1780000
15	1780000	1782280
15	1782280	1787360
15	1787360	1789240
15	1789240	1791360
15	1791360	1797760
15	1797760	1800880
15	1800880	1805680
15	1805680	1809720
15	1809720	1810960
15	1810960	1813000
15	1813000	1815120
15	1815120	1816920
15	1816920	1819560
15	1819560	1823320
15	1823320	1826080
15	1826080	1830800
15	1830800	1834840
15	1834840	1839680
15	1839680	1841800
15	1841800	1843720
15	1843720	1845480
15	1845480	1852480
15	1852480	1858040
15	1858040	1861600
15	1861600	1872520
15	1872520	1875560
15	1875560	1879360
15	1879360	1893120
15	1893120	1908280
16	1908280	1917080
16	1917080	1923120
16	1923120	1928800
16	1928800	1930920
16	1930920	1933640
16	1933640	1935880
16	1935880	1940360
16	1940360	1941480
16	1941480	1946160
16	1946160	1947720
16	1947720	1960880
17	1960880	1972400
17	1972400	1980520
17	1980520	1984040
17	1984040	1989760
17	1989760	1992320
17	1992320	1997680
18	1997680	2005200
18	2005200	2015120
18	2015120	2024120
19	2024120	2030800
19	2030800	2035200
19	2035200	2037960
19	2037960	2041000
19	2041000	2047680
19	2047680	2055400
19	2055400	2059560
19	2059560	2063200
19	2063200	2064920
19	2064920	2067320
19	2067320	2072920
19	2072920	2077160
19	2077160	2078080
19	2078080	2081040
19	2081040	2084160
19	2084160	2085640
19	2085640	2093760
19	2093760	2097760
19	2097760	2102520
19	2102520	2105680
19	2105680	2109640
19	2109640	2113200
19	2113200	2116280
19	2116280	2118200
19	2118200	2124080
20	2124080	2142800
20	2142800	2149640
20	2149640	2173360
20	2173360	2183480
20	2183480	2193240
20	2193240	2196120
20	2196120	2199400
20	2199400	2215080
20	2215080	2217440
20	2217440	2219880
20	2219880	2230000
20	2230000	2234760
20	2234760	2240680
20	2240680	2246400
21	2246400	2248720
21	2248720	2254040
21	2254040	2255760
21	2255760	2257400
21	2257400	2264400
21	2264400	2269440
21	2269440	2277320
21	2277320	2278280
21	2278280	2279280
21	2279280	2281120
21	2281120	2282520
21	2282520	2285200
21	2285200	2286200
21	2286200	2287440
21	2287440	2289120
21	2289120	2293120
22	2293120	2325480
22	2325480	2352240
22	2352240	2368880
22	2368880	2404000
22	2404000	2416160
22	2416160	2473800
22	2473800	2487720
23	2487720	2493120
23	2493120	2510760
23	2510760	2523840
23	2523840	2527600
23	2527600	2529760
23	2529760	2532040
23	2532040	2541160
23	2541160	2543280
23	2543280	2547000
23	2547000	2548640
23	2548640	2550760
23	2550760	2553240
23	2553240	2558000
23	2558000	2560640
23	2560640	2564360
23	2564360	2570320
23	2570320	2573000
23	2573000	2576000
23	2576000	2586560
23	2586560	2589040
23	2589040	2594240
23	2594240	2606840
23	2606840	2608560
23	2608560	2609480
23	2609480	2610320
23	2610320	2612360
23	2612360	2612800
23	2612800	2614560
23	2614560	2615800
23	2615800	2616640
23	2616640	2618080
23	2618080	2619680
23	2619680	2620200
23	2620200	2622000
23	2622000	2622760
23	2622760	2623560
23	2623560	2623920
23	2623920	2624760
23	2624760	2625240
23	2625240	2626040
23	2626040	2626480
23	2626480	2627400
23	2627400	2627880
23	2627880	2631840
23	2631840	2633800
23	2633800	2635960
23	2635960	2643000
23	2643000	2646200
23	2646200	2650880
23	2650880	2654400
23	2654400	2657640
23	2657640	2661320
23	2661320	2665360
23	2665360	2674840
23	2674840	2678320
23	2678320	2683680
23	2683680	2696280
23	2696280	2704200
24	2704200	2739240
24	2739240	2741160
24	2741160	2745960
24	2745960	2748440
