shot	start	end
0	0	20120
0	20120	22920
0	22920	29360
0	29360	41640
0	41640	47480
0	47480	57600
0	57600	59600
0	59600	61840
0	61840	64160
0	64160	74000
0	74000	75640
0	75640	80040
0	80040	83560
0	83560	94320
0	94320	100800
0	100800	107280
0	107280	111840
0	111840	114160
0	114160	116200
0	116200	117760
0	117760	118640
0	118640	120000
0	120000	130280
0	130280	133520
0	133520	134800
0	134800	138200
0	138200	143360
0	143360	149520
0	149520	152400
0	152400	154760
0	154760	158840
0	158840	162840
0	162840	170160
0	170160	173360
0	173360	175840
0	175840	177440
0	177440	180640
0	180640	183120
0	183120	185760
0	185760	190840
0	190840	197280
0	197280	199480
0	199480	204400
0	204400	207480
0	207480	214880
0	214880	218720
1	218720	242280
2	242280	245280
2	245280	248840
2	248840	250840
2	250840	252200
2	252200	254400
2	254400	260480
2	260480	266000
2	266000	279080
2	279080	281520
2	281520	298800
2	298800	300520
2	300520	304800
2	304800	306720
2	306720	309120
2	309120	317480
2	317480	320480
2	320480	325000
2	325000	329080
2	329080	332720
2	332720	336040
2	336040	338800
2	338800	342400
2	342400	345520
2	345520	352240
2	352240	359360
2	359360	362880
2	362880	365920
2	365920	386480
2	386480	395720
2	395720	397600
2	397600	404080
2	404080	412840
2	412840	421120
2	421120	431600
2	431600	439440
2	439440	447760
2	447760	455120
2	455120	457800
2	457800	471560
2	471560	484960
2	484960	487400
2	487400	493000
2	493000	495760
2	495760	500440
2	500440	505240
2	505240	509720
2	509720	513720
2	513720	517000
2	517000	519320
2	519320	523600
2	523600	527480
2	527480	530120
2	530120	532160
2	532160	542880
2	542880	548480
2	548480	551560
2	551560	553080
2	553080	555760
2	555760	559280
2	559280	561480
2	561480	564640
2	564640	566320
2	566320	568760
2	568760	573200
2	573200	575520
2	575520	582000
2	582000	585600
2	585600	590520
2	590520	595800
2	595800	606000
2	606000	610720
2	610720	613080
2	613080	618360
2	618360	624200
2	624200	634920
2	634920	648960
2	648960	650600
2	650600	653560
2	653560	659160
2	659160	661080
2	661080	663880
2	663880	672960
2	672960	675240
2	675240	679120
2	679120	681800
2	681800	690280
2	690280	696000
2	696000	712240
2	712240	715800
2	715800	718640
2	718640	749880
2	749880	756480
2	756480	758600
2	758600	765640
2	765640	771200
2	771200	783680
2	783680	788440
2	788440	793400
2	793400	796200
2	796200	798240
2	798240	801120
2	801120	806600
2	806600	810560
2	810560	813720
2	813720	845400
2	845400	851320
2	851320	859920
2	859920	864280
2	864280	866760
2	866760	871880
2	871880	888200
2	888200	893200
2	893200	902240
2	902240	915120
2	915120	918800
2	918800	921640
2	921640	924280
2	924280	930840
2	930840	937800
3	937800	943160
3	943160	948200
3	948200	951040
3	951040	952600
3	952600	954080
3	954080	955840
3	955840	958160
3	958160	961600
3	961600	964080
3	964080	970760
3	970760	972680
3	972680	983600
3	983600	986440
3	986440	989360
3	989360	994680
3	994680	999840
4	999840	1016840
4	1016840	1020560
4	1020560	1049840
4	1049840	1053320
4	1053320	1055480
4	1055480	1060160
4	1060160	1067080
4	1067080	1069520
4	1069520	1070880
4	1070880	1074960
4	1074960	1077640
4	1077640	1080520
4	1080520	1082200
4	1082200	1083280
4	1083280	1086680
4	1086680	1093000
4	1093000	1096120
4	1096120	1097720
4	1097720	1102800
4	1102800	1105320
4	1105320	1107840
4	1107840	1108520
4	1108520	1109240
4	1109240	1110000
4	1110000	1110680
4	1110680	1111280
4	1111280	1111920
4	1111920	1112880
4	1112880	1113720
4	1113720	1114760
4	1114760	1116560
4	1116560	1116840
4	1116840	1117160
4	1117160	1117240
4	1117240	1117320
4	1117320	1117440
4	1117440	1117600
4	1117600	1117880
4	1117880	1118600
4	1118600	1119200
4	1119200	1119800
4	1119800	1120760
4	1120760	1121360
4	1121360	1121960
4	1121960	1123040
4	1123040	1123840
4	1123840	1124560
4	1124560	1124960
4	1124960	1125920
4	1125920	1126440
4	1126440	1126960
4	1126960	1127480
4	1127480	1128040
4	1128040	1128800
4	1128800	1129360
4	1129360	1129960
4	1129960	1131200
4	1131200	1132400
4	1132400	1132560
4	1132560	1132680
4	1132680	1132800
4	1132800	1133120
4	1133120	1133520
4	1133520	1134440
4	1134440	1135040
4	1135040	1135880
4	1135880	1136160
4	1136160	1136240
4	1136240	1136280
4	1136280	1136320
4	1136320	1136480
4	1136480	1136520
4	1136520	1136640
4	1136640	1137280
4	1137280	1138600
4	1138600	1139440
4	1139440	1140120
4	1140120	1140760
4	1140760	1141480
4	1141480	1142280
4	1142280	1142840
4	1142840	1143600
4	1143600	1144240
4	1144240	1144720
4	1144720	1145000
4	1145000	1146040
4	1146040	1146640
4	1146640	1147040
4	1147040	1147560
4	1147560	1147760
4	1147760	1148120
4	1148120	1149080
4	1149080	1150040
4	1150040	1150560
4	1150560	1151000
4	1151000	1151600
4	1151600	1152440
4	1152440	1153240
4	1153240	1153960
4	1153960	1155200
4	1155200	1156520
4	1156520	1157200
4	1157200	1157240
4	1157240	1157520
4	1157520	1158360
4	1158360	1159240
4	1159240	1159840
4	1159840	1160800
4	1160800	1164760
4	1164760	1166880
4	1166880	1168640
4	1168640	1169720
4	1169720	1171440
4	1171440	1171960
4	1171960	1172720
4	1172720	1173080
4	1173080	1173480
4	1173480	1174080
4	1174080	1174440
4	1174440	1174880
4	1174880	1175680
4	1175680	1177080
4	1177080	1177880
4	1177880	1178400
4	1178400	1179120
4	1179120	1179600
4	1179600	1180440
4	1180440	1180880
4	1180880	1181200
4	1181200	1181720
4	1181720	1181840
4	1181840	1182120
4	1182120	1183840
4	1183840	1186080
4	1186080	1187720
4	1187720	1189320
4	1189320	1190720
4	1190720	1191600
4	1191600	1200120
5	1200120	1202880
5	1202880	1205840
5	1205840	1208440
5	1208440	1210480
5	1210480	1211760
5	1211760	1214880
5	1214880	1217320
5	1217320	1225160
5	1225160	1227200
5	1227200	1228520
5	1228520	1232240
5	1232240	1234600
5	1234600	1237360
5	1237360	1238560
5	1238560	1244120
5	1244120	1248680
5	1248680	1250680
5	1250680	1253400
5	1253400	1255000
5	1255000	1257600
5	1257600	1259720
5	1259720	1262160
5	1262160	1267200
6	1267200	1270080
6	1270080	1273240
6	1273240	1278240
6	1278240	1288160
6	1288160	1306000
7	1306000	1313000
7	1313000	1316640
7	1316640	1326560
7	1326560	1331480
7	1331480	1335960
7	1335960	1343240
7	1343240	1351880
7	1351880	1353240
7	1353240	1355240
7	1355240	1356680
7	1356680	1365120
7	1365120	1366360
7	1366360	1370280
7	1370280	1371600
7	1371600	1374920
7	1374920	1376400
7	1376400	1377960
7	1377960	1380280
7	1380280	1383520
7	1383520	1390640
7	1390640	1395320
7	1395320	1398040
7	1398040	1400040
7	1400040	1403080
7	1403080	1413960
7	1413960	1415720
7	1415720	1420600
7	1420600	1424440
8	1424440	1432000
8	1432000	1434040
8	1434040	1438920
8	1438920	1444760
8	1444760	1448480
8	1448480	1450560
8	1450560	1452680
8	1452680	1455600
8	1455600	1457600
8	1457600	1461280
8	1461280	1463760
8	1463760	1466280
8	1466280	1468840
8	1468840	1470200
8	1470200	1471280
8	1471280	1476280
8	1476280	1478320
8	1478320	1479480
8	1479480	1481320
8	1481320	1483880
8	1483880	1485920
8	1485920	1489760
8	1489760	1492200
9	1492200	1500920
9	1500920	1507320
9	1507320	1517520
9	1517520	1520440
9	1520440	1533320
9	1533320	1538000
9	1538000	1540840
10	1540840	1543040
10	1543040	1546120
10	1546120	1555840
10	1555840	1558400
10	1558400	1570360
10	1570360	1571560
10	1571560	1572920
10	1572920	1575320
10	1575320	1580920
10	1580920	1582120
10	1582120	1584080
10	1584080	1585040
10	1585040	1587600
10	1587600	1588200
10	1588200	1593200
10	1593200	1594120
10	1594120	1595160
10	1595160	1596320
10	1596320	1598640
10	1598640	1600080
10	1600080	1602440
10	1602440	1606720
10	1606720	1609040
10	1609040	1609320
10	1609320	1610160
10	1610160	1612200
10	1612200	1613200
10	1613200	1614840
10	1614840	1618200
10	1618200	1618880
10	1618880	1619720
10	1619720	1625440
10	1625440	1628920
10	1628920	1637440
11	1637440	1643000
11	1643000	1646280
11	1646280	1650240
11	1650240	1653720
11	1653720	1657080
11	1657080	1664200
11	1664200	1668440
11	1668440	1674120
11	1674120	1680560
11	1680560	1685560
11	1685560	1692680
11	1692680	1694200
11	1694200	1695800
11	1695800	1703280
11	1703280	1708880
11	1708880	1711160
11	1711160	1714080
11	1714080	1718080
11	1718080	1720480
11	1720480	1723600
11	1723600	1725400
11	1725400	1737640
11	1737640	1740760
11	1740760	1743000
11	1743000	1747160
11	1747160	1749160
11	1749160	1759840
11	1759840	1762280
11	1762280	1764840
11	1764840	1772520
11	1772520	1776280
11	1776280	1779880
11	1779880	1787960
11	1787960	1791880
11	1791880	1801760
11	1801760	1807160
11	1807160	1811720
11	1811720	1815240
11	1815240	1824000
11	1824000	1827240
11	1827240	1831200
11	1831200	1838040
11	1838040	1841600
11	1841600	1843560
11	1843560	1846560
11	1846560	1850040
11	1850040	1851520
11	1851520	1853280
11	1853280	1855040
11	1855040	1857160
11	1857160	1858120
11	1858120	1862760
11	1862760	1864480
11	1864480	1865920
11	1865920	1867840
11	1867840	1869480
11	1869480	1874880
11	1874880	1877200
11	1877200	1880120
11	1880120	1882680
11	1882680	1886040
11	1886040	1888120
11	1888120	1896600
11	1896600	1900240
11	1900240	1902400
11	1902400	1917400
11	1917400	1919080
11	1919080	1920720
11	1920720	1924520
11	1924520	1928720
11	1928720	1931120
11	1931120	1941080
11	1941080	1944160
11	1944160	1946040
11	1946040	1947240
11	1947240	1956880
11	1956880	1958400
11	1958400	1960320
11	1960320	1962080
11	1962080	1970680
11	1970680	1973440
11	1973440	1974680
11	1974680	1975720
11	1975720	1978240
11	1978240	1981560
11	1981560	1982920
11	1982920	1987080
11	1987080	1992720
11	1992720	1996080
11	1996080	1998800
11	1998800	2000480
11	2000480	2001800
11	2001800	2002520
11	2002520	2003800
11	2003800	2007400
11	2007400	2008240
11	2008240	2012640
11	2012640	2015200
11	2015200	2017480
11	2017480	2025280
11	2025280	2028360
11	2028360	2034480
11	2034480	2037280
11	2037280	2041880
11	2041880	2047520
11	2047520	2052480
11	2052480	2056160
11	2056160	2068200
11	2068200	2070120
11	2070120	2075120
11	2075120	2078720
11	2078720	2094200
11	2094200	2098840
11	2098840	2101320
11	2101320	2104880
11	2104880	2106840
11	2106840	2110000
11	2110000	2113200
11	2113200	2120680
11	2120680	2126680
11	2126680	2135120
11	2135120	2138280
11	2138280	2144840
11	2144840	2154520
11	2154520	2157560
11	2157560	2168920
11	2168920	2175400
11	2175400	2189760
11	2189760	2192520
11	2192520	2212760
11	2212760	2219400
11	2219400	2232200
11	2232200	2234880
11	2234880	2238360
11	2238360	2240240
11	2240240	2246680
12	2246680	2267120
12	2267120	2270680
12	2270680	2288720
12	2288720	2302080
12	2302080	2310720
12	2310720	2313320
12	2313320	2318800
12	2318800	2323040
12	2323040	2334920
12	2334920	2351560
12	2351560	2362520
12	2362520	2388720
12	2388720	2404960
13	2404960	2408760
13	2408760	2415600
13	2415600	2417720
13	2417720	2419640
13	2419640	2440320
13	2440320	2444080
13	2444080	2445920
13	2445920	2452400
13	2452400	2460840
13	2460840	2463040
13	2463040	2465960
14	2465960	2468480
14	2468480	2471280
14	2471280	2473360
14	2473360	2476400
14	2476400	2481640
14	2481640	2486080
14	2486080	2488360
14	2488360	2491680
14	2491680	2500600
14	2500600	2505440
14	2505440	2512400
15	2512400	2558880
15	2558880	2562760
15	2562760	2566760
15	2566760	2575760
15	2575760	2580680
15	2580680	2583760
15	2583760	2598760
15	2598760	2606960
15	2606960	2610480
15	2610480	2616680
15	2616680	2620360
15	2620360	2622520
15	2622520	2630280
15	2630280	2634760
15	2634760	2643920
15	2643920	2651880
15	2651880	2657160
15	2657160	2661000
15	2661000	2670400
15	2670400	2676920
15	2676920	2679360
15	2679360	2691280
15	2691280	2695680
16	2695680	2705880
16	2705880	2711040
16	2711040	2714040
16	2714040	2714920
16	2714920	2716880
16	2716880	2719480
16	2719480	2723920
16	2723920	2726960
16	2726960	2730520
17	2730520	2765200
17	2765200	2767120
17	2767120	2771920
17	2771920	2774640
