shot	start	end
0	0	11240
0	11240	14200
0	14200	15440
0	15440	17840
0	17840	21640
0	21640	24680
0	24680	29440
0	29440	31520
0	31520	35960
0	35960	39280
0	39280	45960
0	45960	48920
0	48920	52040
0	52040	53640
0	53640	55440
0	55440	57520
0	57520	63080
0	63080	67800
0	67800	71200
0	71200	75120
0	75120	80080
0	80080	82640
0	82640	84480
0	84480	87080
0	87080	90240
0	90240	97360
0	97360	105360
0	105360	107880
0	107880	117920
1	117920	127400
2	127400	149800
3	149800	153560
3	153560	156600
3	156600	158800
3	158800	164480
3	164480	168040
3	168040	169920
3	169920	174120
3	174120	205520
3	205520	223880
3	223880	230840
3	230840	233760
3	233760	236600
3	236600	239800
3	239800	240920
3	240920	247000
3	247000	250120
3	250120	255160
3	255160	261360
3	261360	269080
3	269080	276640
3	276640	282320
3	282320	298480
3	298480	301080
3	301080	304080
3	304080	306440
3	306440	309600
3	309600	314040
3	314040	316320
3	316320	322480
3	322480	327440
3	327440	335480
3	335480	338720
3	338720	341680
3	341680	346320
3	346320	351000
3	351000	355200
3	355200	364560
3	364560	367840
3	367840	371600
3	371600	373240
3	373240	375920
3	375920	379000
3	379000	386400
3	386400	394760
3	394760	397400
3	397400	402600
3	402600	406000
3	406000	411440
3	411440	414200
3	414200	415440
3	415440	417320
3	417320	427640
3	427640	430120
3	430120	432320
3	432320	437080
3	437080	440880
3	440880	448480
4	448480	450880
4	450880	465880
4	465880	485800
4	485800	491280
4	491280	501000
4	501000	504080
4	504080	509200
4	509200	513440
4	513440	521280
4	521280	523040
4	523040	531360
4	531360	535320
4	535320	538400
4	538400	541040
4	541040	545400
4	545400	551520
4	551520	564800
4	564800	568120
4	568120	578120
4	578120	585680
4	585680	588840
4	588840	592480
4	592480	605320
4	605320	614880
5	614880	617840
5	617840	621760
5	621760	623760
5	623760	625920
5	625920	629120
5	629120	640560
5	640560	643720
5	643720	650480
5	650480	652080
5	652080	656000
5	656000	659200
5	659200	662160
5	662160	664400
5	664400	665440
5	665440	674840
5	674840	676240
5	676240	677920
5	677920	680280
5	680280	683200
5	683200	692280
5	692280	694920
5	694920	699120
5	699120	709040
5	709040	710320
5	710320	711520
5	711520	714160
5	714160	717240
5	717240	722400
5	722400	723600
5	723600	725520
5	725520	732840
5	732840	733560
5	733560	734920
5	734920	741800
5	741800	743440
5	743440	745040
5	745040	747200
5	747200	748080
5	748080	753720
5	753720	754720
5	754720	769120
5	769120	772120
5	772120	773760
5	773760	778520
6	778520	789040
6	789040	792600
6	792600	796160
6	796160	800800
6	800800	805800
6	805800	808640
6	808640	813640
6	813640	815960
6	815960	818720
6	818720	820960
6	820960	822040
6	822040	822680
6	822680	823400
6	823400	825200
6	825200	829680
6	829680	831720
6	831720	833320
6	833320	835520
6	835520	838640
6	838640	840120
6	840120	841520
6	841520	841880
6	841880	842280
6	842280	842880
6	842880	846880
6	846880	848680
6	848680	850200
6	850200	852280
6	852280	853960
6	853960	856080
6	856080	859000
6	859000	860960
6	860960	862080
6	862080	863760
6	863760	865400
6	865400	866000
6	866000	867800
6	867800	868560
6	868560	870800
6	870800	878480
6	878480	882680
6	882680	885880
6	885880	889200
6	889200	893840
6	893840	899920
6	899920	913880
6	913880	915560
7	915560	917480
7	917480	921000
7	921000	928320
7	928320	932120
7	932120	939360
7	939360	946520
7	946520	947840
7	947840	951320
7	951320	952240
7	952240	956040
7	956040	957200
7	957200	962680
7	962680	990920
8	990920	1016240
8	1016240	1029920
8	1029920	1033280
8	1033280	1036920
8	1036920	1057480
8	1057480	1059760
8	1059760	1068640
8	1068640	1071240
8	1071240	1075240
8	1075240	1080120
8	1080120	1082360
8	1082360	1083400
8	1083400	1088880
8	1088880	1090680
8	1090680	1092280
8	1092280	1094960
8	1094960	1097000
8	1097000	1100680
8	1100680	1117320
8	1117320	1135480
9	1135480	1145080
9	1145080	1150600
9	1150600	1154560
9	1154560	1161680
9	1161680	1163880
9	1163880	1165520
9	1165520	1169920
9	1169920	1171800
9	1171800	1175280
9	1175280	1178480
9	1178480	1182040
9	1182040	1185080
9	1185080	1188200
9	1188200	1195080
9	1195080	1200360
9	1200360	1202880
9	1202880	1204520
9	1204520	1211600
9	1211600	1230840
10	1230840	1233320
10	1233320	1238200
10	1238200	1243320
10	1243320	1246240
10	1246240	1251480
10	1251480	1253760
10	1253760	1256840
10	1256840	1259080
10	1259080	1264960
10	1264960	1267400
10	1267400	1269520
10	1269520	1272440
10	1272440	1274960
10	1274960	1277440
10	1277440	1285320
11	1285320	1289960
11	1289960	1292440
11	1292440	1294840
11	1294840	1299040
11	1299040	1300400
11	1300400	1302480
11	1302480	1303600
11	1303600	1305560
11	1305560	1307640
11	1307640	1308480
11	1308480	1310360
11	1310360	1314160
11	1314160	1315600
11	1315600	1318520
11	1318520	1321360
11	1321360	1323320
11	1323320	1328160
12	1328160	1333720
12	1333720	1340640
12	1340640	1349800
12	1349800	1352320
12	1352320	1356440
12	1356440	1359800
12	1359800	1365480
12	1365480	1368200
12	1368200	1372520
12	1372520	1374440
12	1374440	1376040
12	1376040	1381680
12	1381680	1383320
12	1383320	1385360
12	1385360	1389440
12	1389440	1390680
12	1390680	1395120
12	1395120	1406520
12	1406520	1410640
12	1410640	1416760
13	1416760	1419640
13	1419640	1424200
13	1424200	1429560
13	1429560	1432800
13	1432800	1437000
13	1437000	1439520
13	1439520	1444360
13	1444360	1448480
13	1448480	1450960
13	1450960	1458760
13	1458760	1461240
13	1461240	1463840
13	1463840	1466440
13	1466440	1471040
13	1471040	1472680
13	1472680	1480200
13	1480200	1483920
13	1483920	1486720
13	1486720	1491840
13	1491840	1504400
13	1504400	1514080
13	1514080	1516560
13	1516560	1519360
13	1519360	1521520
13	1521520	1523760
13	1523760	1531320
13	1531320	1535080
14	1535080	1558400
14	1558400	1562360
14	1562360	1573920
14	1573920	1577680
14	1577680	1585520
14	1585520	1587400
14	1587400	1589280
14	1589280	1604560
14	1604560	1608200
14	1608200	1609600
14	1609600	1611400
14	1611400	1617400
14	1617400	1623840
14	1623840	1627880
14	1627880	1628680
14	1628680	1631600
14	1631600	1636000
14	1636000	1639320
14	1639320	1643080
14	1643080	1647080
14	1647080	1650080
14	1650080	1670280
15	1670280	1673160
15	1673160	1679160
15	1679160	1686040
15	1686040	1694960
15	1694960	1696800
15	1696800	1715600
15	1715600	1718600
15	1718600	1719920
15	1719920	1721840
15	1721840	1723920
15	1723920	1733640
15	1733640	1736040
15	1736040	1741680
15	1741680	1747360
15	1747360	1752200
15	1752200	1761520
16	1761520	1766880
16	1766880	1769680
16	1769680	1785960
16	1785960	1794080
16	1794080	1795760
16	1795760	1803160
16	1803160	1826040
16	1826040	1828560
16	1828560	1830560
16	1830560	1836120
16	1836120	1838920
16	1838920	1841600
16	1841600	1843080
16	1843080	1851120
16	1851120	1856640
16	1856640	1859080
16	1859080	1860960
16	1860960	1862960
16	1862960	1872320
16	1872320	1873920
16	1873920	1874960
16	1874960	1879080
16	1879080	1882960
17	1882960	1906200
17	1906200	1916320
17	1916320	1930160
17	1930160	1936240
17	1936240	1938120
17	1938120	1948440
17	1948440	1960000
17	1960000	1964040
17	1964040	1966480
17	1966480	1978400
17	1978400	1982000
17	1982000	1988240
17	1988240	1990600
17	1990600	1992720
17	1992720	1994760
17	1994760	1999320
17	1999320	2001840
17	2001840	2008000
17	2008000	2012280
18	2012280	2017880
18	2017880	2024360
18	2024360	2033160
18	2033160	2035480
18	2035480	2040200
18	2040200	2043320
19	2043320	2056680
19	2056680	2060560
19	2060560	2063640
19	2063640	2074360
19	2074360	2075040
19	2075040	2076280
19	2076280	2079000
19	2079000	2080640
19	2080640	2084840
19	2084840	2088480
19	2088480	2089800
19	2089800	2091800
19	2091800	2098640
19	2098640	2100320
19	2100320	2110800
19	2110800	2119320
19	2119320	2128920
19	2128920	2138240
19	2138240	2142320
19	2142320	2144040
19	2144040	2147080
19	2147080	2150880
19	2150880	2161840
19	2161840	2166880
19	2166880	2168800
19	2168800	2171280
19	2171280	2171760
19	2171760	2174120
19	2174120	2177680
19	2177680	2181720
19	2181720	2188240
19	2188240	2192720
19	2192720	2195920
19	2195920	2197240
19	2197240	2198880
19	2198880	2214640
20	2214640	2219560
20	2219560	2226440
20	2226440	2236080
20	2236080	2240080
20	2240080	2249920
20	2249920	2259200
20	2259200	2264480
20	2264480	2271600
20	2271600	2276840
20	2276840	2280920
20	2280920	2284880
20	2284880	2302200
21	2302200	2305120
21	2305120	2315120
21	2315120	2326360
21	2326360	2331800
21	2331800	2335800
21	2335800	2338920
21	2338920	2341560
21	2341560	2352960
21	2352960	2357240
21	2357240	2364920
21	2364920	2367640
21	2367640	2372400
21	2372400	2376360
21	2376360	2380160
21	2380160	2385840
21	2385840	2388720
21	2388720	2394360
21	2394360	2399080
22	2399080	2421040
22	2421040	2427520
22	2427520	2435680
22	2435680	2437000
22	2437000	2438480
22	2438480	2439800
22	2439800	2441280
22	2441280	2444160
22	2444160	2449320
22	2449320	2453960
22	2453960	2457920
23	2457920	2465080
23	2465080	2471200
23	2471200	2474480
23	2474480	2476400
23	2476400	2481440
23	2481440	2490240
23	2490240	2496880
23	2496880	2498480
23	2498480	2500160
23	2500160	2508240
23	2508240	2513480
23	2513480	2515480
23	2515480	2519040
23	2519040	2524920
23	2524920	2528080
23	2528080	2533280
23	2533280	2538160
23	2538160	2541200
23	2541200	2545920
23	2545920	2552920
23	2552920	2558280
23	2558280	2564120
23	2564120	2566200
23	2566200	2567960
23	2567960	2572240
23	2572240	2575440
23	2575440	2578560
24	2578560	2599240
24	2599240	2605120
24	2605120	2608600
24	2608600	2611080
24	2611080	2617800
24	2617800	2622520
24	2622520	2624640
24	2624640	2634520
24	2634520	2636400
24	2636400	2638680
24	2638680	2647680
24	2647680	2655280
24	2655280	2667800
24	2667800	2671480
24	2671480	2685000
24	2685000	2686480
24	2686480	2687360
24	2687360	2688360
24	2688360	2689880
24	2689880	2691760
24	2691760	2696520
24	2696520	2702640
24	2702640	2704200
24	2704200	2706160
24	2706160	2707960
24	2707960	2709760
24	2709760	2712400
24	2712400	2715880
24	2715880	2724080
24	2724080	2732960
25	2732960	2768000
25	2768000	2769720
25	2769720	2774520
25	2774520	2777040
