shot	start	end
0	0	4920
0	4920	13280
0	13280	18200
0	18200	22760
0	22760	26080
0	26080	29080
0	29080	32680
0	32680	38080
0	38080	40920
0	40920	46720
0	46720	60680
0	60680	66160
0	66160	71960
1	71960	82520
1	82520	86320
1	86320	90280
1	90280	91280
1	91280	93240
1	93240	95240
1	95240	103920
1	103920	106320
1	106320	110360
1	110360	117360
1	117360	120000
1	120000	121480
1	121480	128680
1	128680	130240
1	130240	133840
1	133840	136200
1	136200	144160
1	144160	147640
1	147640	150400
1	150400	151840
1	151840	152840
1	152840	156560
1	156560	160240
1	160240	165520
1	165520	166720
1	166720	171520
1	171520	174800
1	174800	177640
1	177640	179640
1	179640	183680
1	183680	188240
1	188240	188800
1	188800	191280
1	191280	197240
1	197240	204400
1	204400	205800
1	205800	210800
1	210800	216120
1	216120	219680
1	219680	221400
1	221400	228800
1	228800	232760
1	232760	249880
1	249880	253120
1	253120	255320
1	255320	258400
1	258400	265960
1	265960	267480
1	267480	269120
1	269120	271000
1	271000	272600
1	272600	277920
1	277920	279600
1	279600	281120
1	281120	290880
1	290880	294960
1	294960	297600
1	297600	302560
2	302560	338800
2	338800	344960
2	344960	347560
2	347560	350080
2	350080	352640
2	352640	354680
2	354680	358720
2	358720	360440
2	360440	366280
2	366280	372640
2	372640	374920
2	374920	376760
2	376760	380240
2	380240	382120
2	382120	388040
2	388040	392200
2	392200	394600
2	394600	395400
2	395400	397600
2	397600	401360
2	401360	403000
2	403000	406360
2	406360	407960
2	407960	409080
2	409080	413600
2	413600	422640
2	422640	425720
2	425720	426760
2	426760	428000
2	428000	430200
2	430200	434160
2	434160	435040
2	435040	442560
2	442560	450840
2	450840	454120
2	454120	458000
2	458000	468720
2	468720	472160
2	472160	476360
2	476360	477960
2	477960	479800
2	479800	481400
2	481400	483200
2	483200	488440
2	488440	490560
2	490560	504400
2	504400	519560
2	519560	524720
2	524720	528840
2	528840	530040
2	530040	541840
2	541840	544360
2	544360	549480
3	549480	552160
3	552160	559400
3	559400	561960
3	561960	569720
3	569720	572680
3	572680	579240
3	579240	582240
3	582240	584360
3	584360	589720
3	589720	592120
3	592120	599600
3	599600	601960
3	601960	608800
3	608800	614000
3	614000	642040
3	642040	643800
3	643800	647600
3	647600	650120
3	650120	655000
3	655000	667280
4	667280	676320
4	676320	679720
4	679720	681360
4	681360	684200
5	684200	686120
5	686120	691400
5	691400	694640
5	694640	700680
5	700680	707120
5	707120	710120
5	710120	712760
5	712760	715120
5	715120	716560
5	716560	718200
5	718200	730800
5	730800	734760
5	734760	737920
5	737920	739800
5	739800	748840
6	748840	753360
6	753360	754920
6	754920	756480
6	756480	769280
6	769280	773560
6	773560	775040
6	775040	792720
6	792720	793840
6	793840	795960
6	795960	796960
6	796960	798400
6	798400	799880
6	799880	811440
6	811440	813080
6	813080	823640
7	823640	825560
7	825560	831400
7	831400	834280
7	834280	838200
7	838200	839400
7	839400	841680
7	841680	845120
7	845120	847400
7	847400	849880
7	849880	854120
7	854120	856240
7	856240	861160
7	861160	865600
7	865600	869680
7	869680	872200
8	872200	874760
8	874760	876760
8	876760	882400
8	882400	887560
8	887560	906320
8	906320	916160
8	916160	920760
8	920760	923760
8	923760	927600
8	927600	928600
8	928600	947760
8	947760	948800
8	948800	954080
8	954080	955760
8	955760	969720
8	969720	975880
8	975880	978040
8	978040	982200
8	982200	988640
8	988640	992800
8	992800	995200
8	995200	997560
8	997560	1005680
8	1005680	1008040
8	1008040	1011280
8	1011280	1018960
8	1018960	1034080
8	1034080	1046800
8	1046800	1050320
8	1050320	1058080
8	1058080	1062640
8	1062640	1065920
8	1065920	1068120
8	1068120	1069520
8	1069520	1078520
8	1078520	1083840
8	1083840	1090920
8	1090920	1091840
8	1091840	1092520
8	1092520	1093400
8	1093400	1097640
8	1097640	1100000
8	1100000	1103160
8	1103160	1107720
8	1107720	1112800
8	1112800	1128400
8	1128400	1132640
8	1132640	1135200
8	1135200	1140440
8	1140440	1147280
8	1147280	1149080
8	1149080	1151240
8	1151240	1168720
8	1168720	1172320
8	1172320	1179160
8	1179160	1181440
8	1181440	1184560
8	1184560	1190760
8	1190760	1194480
8	1194480	1198280
8	1198280	1205240
8	1205240	1207520
8	1207520	1211000
8	1211000	1216960
8	1216960	1225160
8	1225160	1227960
8	1227960	1231120
8	1231120	1238520
8	1238520	1243840
8	1243840	1245920
8	1245920	1249240
8	1249240	1252120
8	1252120	1262880
8	1262880	1267000
8	1267000	1270520
8	1270520	1274000
8	1274000	1284720
8	1284720	1286720
8	1286720	1292880
8	1292880	1295600
8	1295600	1298880
8	1298880	1303640
8	1303640	1305480
8	1305480	1309440
8	1309440	1311680
8	1311680	1312480
8	1312480	1314640
8	1314640	1317120
8	1317120	1318200
8	1318200	1320360
8	1320360	1323240
8	1323240	1329680
9	1329680	1339560
9	1339560	1345640
9	1345640	1358200
9	1358200	1362640
9	1362640	1365000
9	1365000	1371800
9	1371800	1382400
9	1382400	1393880
9	1393880	1395640
9	1395640	1396480
9	1396480	1409800
9	1409800	1419760
9	1419760	1427640
9	1427640	1437800
9	1437800	1440480
9	1440480	1445520
9	1445520	1448280
9	1448280	1461960
9	1461960	1465640
9	1465640	1466680
9	1466680	1468720
9	1468720	1484160
9	1484160	1487280
9	1487280	1490520
9	1490520	1494680
9	1494680	1505200
9	1505200	1516280
9	1516280	1520760
9	1520760	1527040
9	1527040	1545880
10	1545880	1559240
10	1559240	1562680
10	1562680	1574000
10	1574000	1576000
10	1576000	1577040
10	1577040	1579720
10	1579720	1582360
10	1582360	1586840
10	1586840	1591120
10	1591120	1593040
10	1593040	1595760
10	1595760	1598520
10	1598520	1616600
10	1616600	1630720
10	1630720	1631160
10	1631160	1673160
10	1673160	1676040
10	1676040	1679280
10	1679280	1682200
10	1682200	1685920
10	1685920	1688760
10	1688760	1694120
10	1694120	1699840
10	1699840	1701240
10	1701240	1705080
10	1705080	1708040
10	1708040	1718880
10	1718880	1720960
10	1720960	1733400
10	1733400	1741480
10	1741480	1743200
10	1743200	1743920
10	1743920	1745960
10	1745960	1748000
10	1748000	1749480
10	1749480	1750320
10	1750320	1754400
10	1754400	1755400
10	1755400	1756120
10	1756120	1756760
10	1756760	1758080
10	1758080	1759920
10	1759920	1761440
10	1761440	1763120
10	1763120	1765120
10	1765120	1767760
10	1767760	1769640
10	1769640	1771360
10	1771360	1772920
10	1772920	1787880
11	1787880	1790480
11	1790480	1806200
11	1806200	1818960
11	1818960	1821360
11	1821360	1823400
11	1823400	1828360
11	1828360	1830760
11	1830760	1833520
11	1833520	1836960
11	1836960	1838920
11	1838920	1844600
11	1844600	1846120
11	1846120	1848040
11	1848040	1851440
11	1851440	1861520
11	1861520	1869800
11	1869800	1876000
11	1876000	1881920
11	1881920	1887960
11	1887960	1890480
11	1890480	1899840
11	1899840	1903640
11	1903640	1906320
11	1906320	1911920
11	1911920	1921360
12	1921360	1924120
12	1924120	1935040
12	1935040	1941240
12	1941240	1954880
12	1954880	1956080
12	1956080	1969320
12	1969320	1972400
12	1972400	1977960
12	1977960	1980560
12	1980560	1983880
12	1983880	1986120
12	1986120	1990200
12	1990200	1992800
12	1992800	1998040
12	1998040	2004640
12	2004640	2011440
12	2011440	2016120
12	2016120	2018840
12	2018840	2023040
12	2023040	2033400
12	2033400	2036440
12	2036440	2042960
12	2042960	2048640
12	2048640	2052520
12	2052520	2057960
12	2057960	2063760
12	2063760	2067400
12	2067400	2070120
12	2070120	2076600
12	2076600	2081800
12	2081800	2085640
12	2085640	2101840
12	2101840	2113360
12	2113360	2116200
12	2116200	2120560
12	2120560	2126280
12	2126280	2133640
12	2133640	2136360
12	2136360	2145800
12	2145800	2147760
12	2147760	2152240
12	2152240	2154320
12	2154320	2156920
13	2156920	2163600
13	2163600	2165200
13	2165200	2169440
13	2169440	2171840
13	2171840	2173680
13	2173680	2176840
13	2176840	2181200
13	2181200	2182520
13	2182520	2188160
13	2188160	2190800
13	2190800	2197720
14	2197720	2202240
14	2202240	2203280
14	2203280	2206800
14	2206800	2214760
14	2214760	2225360
14	2225360	2227600
14	2227600	2230000
14	2230000	2234040
14	2234040	2237880
14	2237880	2242680
14	2242680	2261920
14	2261920	2268240
14	2268240	2271600
14	2271600	2273800
14	2273800	2275960
14	2275960	2278560
14	2278560	2281080
14	2281080	2282360
14	2282360	2284040
14	2284040	2285240
14	2285240	2287080
14	2287080	2288160
14	2288160	2292800
14	2292800	2295480
14	2295480	2297240
14	2297240	2298360
14	2298360	2299840
14	2299840	2302440
14	2302440	2305560
14	2305560	2308480
14	2308480	2312520
14	2312520	2314160
14	2314160	2316960
14	2316960	2320080
14	2320080	2332080
14	2332080	2336200
14	2336200	2340280
14	2340280	2344080
14	2344080	2352760
14	2352760	2359760
14	2359760	2363160
14	2363160	2365280
14	2365280	2372000
14	2372000	2373080
14	2373080	2374520
14	2374520	2378560
14	2378560	2380680
14	2380680	2391080
14	2391080	2396040
15	2396040	2404360
15	2404360	2413840
15	2413840	2423480
15	2423480	2435960
15	2435960	2447760
15	2447760	2458560
15	2458560	2475000
15	2475000	2481000
15	2481000	2486840
15	2486840	2491280
15	2491280	2495960
16	2495960	2510280
16	2510280	2514920
16	2514920	2518480
16	2518480	2522000
16	2522000	2524880
16	2524880	2526200
16	2526200	2530120
16	2530120	2531600
16	2531600	2534040
16	2534040	2537200
16	2537200	2540280
16	2540280	2549640
16	2549640	2553880
16	2553880	2558240
16	2558240	2561960
16	2561960	2565280
16	2565280	2570440
16	2570440	2574800
16	2574800	2582120
16	2582120	2586840
16	2586840	2592960
16	2592960	2598920
16	2598920	2601480
16	2601480	2612080
16	2612080	2618000
16	2618000	2622440
16	2622440	2622880
16	2622880	2623600
16	2623600	2624440
16	2624440	2624800
16	2624800	2625960
16	2625960	2628520
16	2628520	2632120
16	2632120	2637040
16	2637040	2652320
16	2652320	2680760
17	2680760	2683640
17	2683640	2686440
17	2686440	2695440
17	2695440	2701720
17	2701720	2712280
17	2712280	2716320
17	2716320	2718400
17	2718400	2723520
17	2723520	2729200
17	2729200	2732160
18	2732160	2764440
18	2764440	2766360
18	2766360	2768280
18	2768280	2773080
18	2773080	2775560
